,-0.154
0,-0.127
1,-0.134
2,-0.156
3,-0.093
4,-0.271
5,-0.134
6,-0.066
7,-0.088
8,-0.027
9,-0.095
10,-0.122
11,-0.01
12,-0.083
13,-0.171
14,-0.034
15,-0.049
16,-0.063
17,-0.142
18,-0.132
19,0.046
20,-0.137
21,-0.21
22,-0.046
23,-0.054
24,-0.173
25,-0.073
26,-0.078
27,-0.115
28,-0.11
29,-0.103
30,-0.107
31,-0.078
32,-0.066
33,-0.107
34,-0.027
35,-0.098
36,-0.032
37,-0.173
38,-0.173
39,-0.085
40,-0.095
41,-0.176
42,-0.168
43,-0.132
44,-0.11
45,-0.054
46,-0.205
47,-0.09
48,-0.112
49,-0.195
50,-0.19
51,-0.049
52,-0.078
53,-0.151
54,-0.11
55,-0.088
56,-0.142
57,-0.193
58,0.034
59,-0.142
60,-0.251
61,-0.19
62,-0.049
63,-0.095
64,-0.083
65,-0.024
66,-0.078
67,-0.068
68,-0.037
69,0.012
70,-0.098
71,0.049
72,-0.054
73,0.037
74,0.002
75,-0.103
76,-0.203
77,0.088
78,-0.081
79,-0.273
80,-0.208
81,-0.044
82,-0.149
83,-0.193
84,-0.12
85,-0.022
86,-0.232
87,-0.017
88,-0.039
89,-0.054
90,-0.11
91,-0.056
92,-0.076
93,-0.12
94,-0.071
95,-0.264
96,-0.022
97,-0.264
98,-0.103
99,-0.178
100,-0.081
101,-0.215
102,-0.081
103,-0.227
104,-0.007
105,0.039
106,-0.029
107,-0.049
108,-0.129
109,-0.039
110,-0.017
111,0.056
112,-0.127
113,-0.1
114,0.012
115,-0.061
116,0.0
117,-0.144
118,-0.063
119,-0.059
120,-0.027
121,-0.254
122,-0.149
123,-0.034
124,-0.115
125,-0.076
126,-0.049
127,-0.056
128,-0.107
129,0.046
130,-0.037
131,-0.1
132,-0.21
133,-0.11
134,-0.071
135,-0.076
136,-0.149
137,-0.132
138,-0.017
139,-0.205
140,-0.146
141,-0.159
142,-0.178
143,-0.212
144,-0.059
145,-0.034
146,-0.083
147,-0.007
148,-0.129
149,-0.002
150,-0.122
151,-0.171
152,0.032
153,0.076
154,-0.212
155,-0.078
156,-0.059
157,-0.132
158,-0.166
159,-0.183
160,-0.015
161,-0.137
162,-0.083
163,-0.2
164,-0.12
165,-0.046
166,-0.027
167,-0.071
168,-0.076
169,-0.12
170,-0.176
171,-0.19
172,-0.059
173,-0.029
174,-0.278
175,-0.132
176,0.024
177,-0.007
178,-0.034
179,-0.21
180,-0.044
181,0.007
182,-0.078
183,-0.354
184,-0.037
185,-0.032
186,-0.132
187,-0.027
188,0.076
189,0.068
190,-0.1
191,0.076
192,-0.007
193,-0.073
194,-0.154
195,0.081
196,-0.039
197,-0.059
198,-0.186
199,-0.164
200,-0.134
201,-0.188
202,-0.005
203,-0.11
204,-0.09
205,-0.244
206,-0.078
207,0.059
208,-0.027
209,-0.049
210,-0.029
211,-0.068
212,-0.31
213,-0.073
214,0.034
215,0.012
216,-0.293
217,-0.09
218,-0.005
219,-0.178
220,-0.442
221,-0.142
222,0.015
223,-0.217
224,0.002
225,0.063
226,-0.137
227,-0.032
228,-0.066
229,-0.12
230,-0.007
231,-0.254
232,0.042
233,0.054
234,-0.3
235,-0.054
236,-0.085
237,-0.122
238,-0.046
239,-0.088
240,-0.183
241,0.015
242,-0.076
243,-0.291
244,0.088
245,-0.061
246,-0.146
247,0.039
248,0.115
249,-0.232
250,-0.1
251,-0.139
252,-0.066
253,-0.029
254,-0.093
255,-0.037
256,-0.195
257,-0.281
258,-0.242
259,-0.173
260,-0.327
261,-0.09
262,-0.088
263,-0.112
264,-0.146
265,-0.171
266,0.068
267,-0.071
268,-0.186
269,-0.134
270,-0.01
271,0.007
272,0.085
273,0.061
274,-0.002
275,0.061
276,-0.034
277,-0.051
278,-0.085
279,-0.076
280,-0.09
281,-0.012
282,-0.273
283,-0.325
284,-0.125
285,-0.125
286,-0.078
287,-0.017
288,-0.215
289,-0.142
290,-0.015
291,-0.042
292,-0.063
293,-0.103
294,-0.232
295,-0.237
296,-0.173
297,-0.159
298,-0.215
299,-0.178
300,-0.02
301,-0.2
302,-0.193
303,-0.049
304,-0.076
305,-0.198
306,-0.024
307,-0.088
308,-0.112
309,-0.039
310,0.032
311,-0.061
312,-0.161
313,-0.178
314,0.034
315,0.093
316,-0.085
317,-0.107
318,-0.071
319,-0.051
320,-0.142
321,-0.11
322,-0.183
323,-0.11
324,-0.042
325,-0.237
326,-0.266
327,-0.088
328,-0.005
329,-0.073
330,-0.217
331,-0.239
332,0.034
333,-0.061
334,-0.088
335,-0.039
336,-0.076
337,-0.127
338,-0.139
339,-0.073
340,-0.181
341,-0.276
342,-0.283
343,-0.039
344,-0.134
345,-0.312
346,-0.122
347,-0.015
348,-0.168
349,-0.168
350,0.015
351,-0.078
352,-0.017
353,0.0
354,0.032
355,-0.149
356,-0.186
357,0.02
358,0.027
359,-0.132
360,-0.129
361,-0.032
362,-0.232
363,-0.198
364,-0.212
365,-0.151
366,-0.024
367,-0.112
368,-0.203
369,-0.039
370,-0.049
371,-0.134
372,0.103
373,-0.125
374,-0.2
375,-0.156
376,0.007
377,-0.022
378,-0.12
379,-0.137
380,-0.125
381,-0.068
382,-0.21
383,-0.078
384,-0.229
385,-0.159
386,-0.112
387,0.005
388,-0.122
389,-0.139
390,-0.159
391,-0.002
392,-0.09
393,-0.2
394,0.046
395,-0.154
396,-0.144
397,-0.032
398,-0.12
399,-0.247
400,-0.056
401,-0.154
402,-0.188
403,-0.142
404,-0.149
405,-0.195
406,-0.229
407,-0.234
408,-0.127
409,-0.012
410,-0.09
411,0.022
412,-0.161
413,-0.154
414,0.007
415,0.054
416,-0.059
417,-0.022
418,-0.039
419,-0.122
420,-0.176
421,-0.217
422,-0.122
423,-0.159
424,-0.139
425,-0.044
426,-0.232
427,-0.159
428,-0.144
429,-0.088
430,-0.095
431,-0.09
432,-0.2
433,-0.146
434,0.095
435,-0.083
436,-0.034
437,-0.085
438,0.002
439,-0.12
440,-0.073
441,-0.176
442,-0.049
443,-0.11
444,-0.093
445,-0.071
446,-0.195
447,-0.122
448,-0.132
449,-0.107
450,-0.146
451,0.005
452,-0.046
453,-0.049
454,-0.02
455,-0.149
456,0.042
457,-0.073
458,-0.154
459,-0.078
460,-0.024
461,-0.264
462,-0.19
463,-0.164
464,-0.063
465,-0.066
466,-0.186
467,-0.066
468,-0.171
469,-0.083
470,-0.21
471,-0.054
472,-0.005
473,-0.088
474,-0.02
475,-0.107
476,-0.1
477,-0.024
478,-0.068
479,-0.181
480,-0.015
481,-0.115
482,-0.142
483,-0.183
484,-0.103
485,-0.015
486,-0.117
487,-0.186
488,-0.22
489,-0.12
490,-0.073
491,0.049
492,-0.042
493,-0.149
494,-0.005
495,-0.12
496,0.083
497,0.083
498,-0.061
499,-0.068
500,0.0
501,-0.085
502,-0.269
503,-0.283
504,-0.137
505,-0.186
506,-0.269
507,-0.176
508,-0.134
509,-0.103
510,-0.205
511,-0.054
512,0.132
513,-0.112
514,-0.11
515,0.002
516,0.142
517,0.056
518,-0.027
519,0.027
520,0.12
521,-0.159
522,-0.061
523,0.007
524,-0.066
525,-0.073
526,-0.239
527,-0.264
528,-0.19
529,-0.068
530,-0.117
531,-0.132
532,-0.09
533,-0.112
534,0.017
535,-0.007
536,-0.039
537,0.032
538,-0.017
539,-0.085
540,0.042
541,-0.059
542,-0.098
543,-0.034
544,-0.11
545,-0.144
546,-0.146
547,-0.168
548,-0.271
549,-0.095
550,-0.088
551,-0.061
552,-0.09
553,-0.081
554,-0.09
555,0.034
556,-0.051
557,-0.076
558,0.056
559,0.134
560,-0.02
561,-0.249
562,-0.093
563,-0.056
564,-0.107
565,-0.093
566,-0.154
567,-0.339
568,-0.339
569,-0.161
570,-0.281
571,-0.266
572,-0.11
573,0.061
574,-0.146
575,-0.237
576,-0.083
577,-0.083
578,-0.027
579,-0.19
580,-0.093
581,0.017
582,-0.029
583,-0.115
584,0.093
585,-0.017
586,-0.205
587,-0.151
588,-0.205
589,-0.071
590,-0.156
591,-0.154
592,-0.078
593,0.032
594,-0.261
595,-0.017
596,0.015
597,0.002
598,-0.015
599,-0.09
600,-0.032
601,0.015
602,0.024
603,-0.032
604,0.017
605,-0.168
606,-0.134
607,-0.173
608,-0.188
609,-0.059
610,-0.12
611,-0.22
612,-0.242
613,-0.115
614,-0.22
615,-0.132
616,-0.137
617,-0.073
618,-0.137
619,-0.115
620,0.01
621,-0.066
622,-0.139
623,-0.017
624,-0.039
625,-0.149
626,-0.132
627,-0.073
628,-0.137
629,-0.22
630,-0.144
631,-0.095
632,-0.195
633,-0.078
634,-0.151
635,-0.029
636,-0.005
637,0.1
638,-0.046
639,-0.078
640,-0.117
641,-0.239
642,-0.005
643,-0.081
644,-0.056
645,-0.071
646,0.027
647,-0.137
648,-0.149
649,-0.249
650,0.022
651,-0.139
652,-0.232
653,-0.288
654,-0.278
655,-0.107
656,-0.146
657,-0.132
658,-0.034
659,-0.093
660,-0.076
661,-0.066
662,0.051
663,-0.107
664,-0.078
665,-0.076
666,-0.061
667,-0.151
668,-0.081
669,-0.232
670,-0.071
671,-0.149
672,-0.085
673,-0.039
674,-0.188
675,-0.037
676,-0.142
677,-0.007
678,-0.105
679,-0.051
680,-0.073
681,-0.01
682,-0.046
683,-0.093
684,-0.012
685,-0.078
686,-0.002
687,-0.02
688,-0.049
689,-0.251
690,0.049
691,0.066
692,-0.159
693,-0.127
694,-0.044
695,-0.156
696,-0.256
697,0.022
698,-0.115
699,-0.151
700,-0.088
701,0.017
702,-0.144
703,-0.269
704,-0.188
705,-0.007
706,-0.137
707,-0.22
708,-0.144
709,-0.259
710,-0.066
711,-0.115
712,-0.122
713,0.044
714,-0.059
715,-0.161
716,-0.261
717,-0.11
718,-0.029
719,-0.107
720,-0.164
721,-0.002
722,0.061
723,-0.039
724,-0.149
725,-0.042
726,0.088
727,-0.237
728,-0.21
729,-0.103
730,-0.078
731,-0.132
732,-0.076
733,-0.007
734,0.005
735,-0.134
736,-0.12
737,-0.044
738,-0.215
739,-0.176
740,-0.159
741,-0.083
742,-0.056
743,-0.164
744,-0.234
745,-0.132
746,-0.115
747,-0.083
748,-0.002
749,-0.164
750,-0.171
751,-0.095
752,-0.127
753,-0.134
754,-0.073
755,-0.19
756,-0.146
757,-0.039
758,-0.09
759,-0.01
760,-0.085
761,0.054
762,0.073
763,0.012
764,-0.137
765,-0.137
766,-0.081
767,-0.066
768,-0.037
769,-0.149
770,-0.176
771,-0.137
772,-0.083
773,-0.171
774,0.007
775,-0.2
776,-0.059
777,-0.105
778,-0.166
779,-0.046
780,0.029
781,-0.088
782,-0.044
783,-0.049
784,-0.134
785,0.007
786,-0.1
787,-0.203
788,-0.044
789,0.051
790,-0.11
791,-0.129
792,-0.09
793,-0.264
794,-0.002
795,-0.142
796,-0.046
797,0.027
798,-0.112
799,-0.027
800,0.012
801,-0.098
802,-0.078
803,-0.056
804,-0.105
805,-0.107
806,-0.093
807,-0.02
808,0.02
809,-0.164
810,-0.149
811,-0.134
812,-0.044
813,-0.193
814,-0.159
815,-0.098
816,-0.159
817,-0.134
818,-0.063
819,-0.093
820,-0.059
821,-0.266
822,-0.193
823,0.081
824,-0.208
825,-0.125
826,-0.144
827,-0.212
828,-0.271
829,-0.034
830,-0.095
831,-0.078
832,-0.178
833,-0.146
834,-0.061
835,-0.134
836,-0.007
837,0.012
838,-0.054
839,-0.139
840,0.039
841,-0.066
842,-0.037
843,-0.044
844,-0.208
845,-0.071
846,-0.112
847,-0.12
848,-0.127
849,-0.083
850,-0.273
851,-0.049
852,-0.078
853,-0.103
854,-0.144
855,-0.117
856,-0.01
857,-0.02
858,0.012
859,-0.098
860,0.002
861,-0.173
862,-0.159
863,-0.049
864,-0.005
865,-0.071
866,-0.127
867,-0.056
868,-0.076
869,-0.149
870,-0.225
871,-0.073
872,-0.012
873,-0.125
874,-0.168
875,-0.042
876,-0.083
877,-0.161
878,0.02
879,0.032
880,0.007
881,-0.027
882,0.0
883,-0.044
884,-0.117
885,-0.085
886,-0.005
887,-0.063
888,-0.088
889,-0.11
890,-0.249
891,-0.063
892,-0.115
893,0.02
894,-0.059
895,-0.088
896,-0.134
897,-0.088
898,-0.098
899,0.024
900,0.029
901,-0.093
902,-0.144
903,0.015
904,-0.005
905,-0.166
906,-0.059
907,-0.088
908,-0.11
909,-0.137
910,-0.205
911,-0.081
912,-0.161
913,-0.083
914,-0.071
915,-0.02
916,-0.081
917,-0.007
918,-0.042
919,-0.081
920,-0.012
921,-0.168
922,0.083
923,-0.122
924,-0.078
925,-0.164
926,-0.229
927,-0.127
928,-0.063
929,-0.081
930,-0.176
931,-0.139
932,-0.181
933,-0.083
934,-0.11
935,-0.098
936,-0.095
937,0.002
938,-0.083
939,-0.054
940,-0.107
941,-0.151
942,0.061
943,-0.022
944,-0.066
945,0.002
946,0.046
947,-0.205
948,-0.171
949,-0.073
950,0.005
951,-0.156
952,-0.178
953,-0.059
954,-0.093
955,-0.139
956,-0.073
957,0.076
958,-0.183
959,-0.115
960,0.012
961,-0.044
962,-0.183
963,-0.283
964,0.083
965,0.093
966,-0.068
967,-0.154
968,0.042
969,-0.12
970,-0.137
971,-0.083
972,-0.107
973,-0.159
974,-0.159
975,-0.051
976,-0.049
977,0.005
978,-0.129
979,-0.095
980,-0.029
981,0.039
982,-0.059
983,-0.061
984,-0.076
985,-0.168
986,0.022
987,-0.09
988,0.027
989,-0.029
990,-0.112
991,-0.195
992,-0.132
993,-0.161
994,-0.107
995,-0.059
996,-0.183
997,-0.132
998,-0.269
999,-0.034
1000,0.005
1001,-0.071
1002,0.083
1003,-0.061
1004,-0.112
1005,-0.029
1006,-0.012
1007,-0.139
1008,-0.022
1009,-0.164
1010,-0.107
1011,-0.09
1012,-0.078
1013,-0.103
1014,-0.132
1015,-0.137
1016,-0.134
1017,-0.054
1018,-0.105
1019,0.005
1020,-0.095
1021,-0.095
1022,-0.032
1023,-0.044
1024,-0.056
1025,-0.002
1026,-0.161
1027,-0.122
1028,-0.046
1029,-0.193
1030,-0.095
1031,-0.09
1032,-0.176
1033,-0.151
1034,-0.117
1035,-0.127
1036,0.015
1037,-0.049
1038,-0.159
1039,0.071
1040,-0.029
1041,-0.022
1042,-0.032
1043,0.029
1044,-0.039
1045,-0.142
1046,-0.183
1047,0.137
1048,-0.066
1049,-0.203
1050,-0.078
1051,-0.151
1052,-0.134
1053,-0.203
1054,0.037
1055,-0.022
1056,-0.208
1057,-0.098
1058,-0.032
1059,-0.056
1060,-0.134
1061,-0.085
1062,-0.254
1063,0.002
1064,-0.061
1065,-0.112
1066,-0.088
1067,-0.234
1068,-0.186
1069,-0.112
1070,-0.132
1071,-0.342
1072,-0.168
1073,-0.256
1074,-0.205
1075,-0.151
1076,-0.164
1077,0.0
1078,-0.139
1079,-0.073
1080,-0.032
1081,-0.164
1082,-0.208
1083,0.112
1084,0.022
1085,-0.049
1086,0.161
1087,0.039
1088,-0.205
1089,-0.11
1090,0.068
1091,-0.149
1092,-0.125
1093,-0.198
1094,-0.044
1095,-0.217
1096,-0.247
1097,0.112
1098,-0.051
1099,-0.151
1100,-0.049
1101,-0.039
1102,-0.288
1103,-0.083
1104,-0.039
1105,0.044
1106,-0.105
1107,-0.142
1108,-0.159
1109,0.007
1110,-0.359
1111,-0.352
1112,-0.032
1113,-0.21
1114,-0.156
1115,-0.144
1116,-0.137
1117,-0.2
1118,-0.122
1119,-0.039
1120,-0.054
1121,-0.032
1122,-0.056
1123,0.046
1124,-0.159
1125,0.134
1126,0.076
1127,-0.061
1128,-0.195
1129,0.046
1130,-0.117
1131,-0.186
1132,-0.007
1133,-0.061
1134,-0.066
1135,-0.188
1136,-0.188
1137,-0.083
1138,-0.083
1139,-0.22
1140,-0.071
1141,0.049
1142,-0.12
1143,0.0
1144,-0.1
1145,-0.002
1146,-0.081
1147,-0.02
1148,-0.183
1149,-0.105
1150,-0.115
1151,-0.129
1152,-0.122
1153,-0.232
1154,-0.127
1155,-0.266
1156,-0.054
1157,-0.007
1158,-0.159
1159,-0.303
1160,-0.017
1161,0.007
1162,-0.137
1163,0.085
1164,-0.022
1165,-0.037
1166,-0.083
1167,-0.068
1168,-0.188
1169,-0.027
1170,-0.037
1171,-0.073
1172,-0.095
1173,-0.166
1174,-0.046
1175,-0.19
1176,-0.159
1177,-0.125
1178,-0.107
1179,-0.312
1180,-0.039
1181,-0.088
1182,-0.051
1183,0.059
1184,-0.049
1185,-0.093
1186,-0.195
1187,-0.098
1188,-0.151
1189,-0.022
1190,-0.063
1191,-0.137
1192,-0.273
1193,-0.22
1194,-0.078
1195,-0.222
1196,-0.181
1197,0.054
1198,0.02
1199,-0.156
1200,-0.059
1201,-0.112
1202,-0.098
1203,-0.061
1204,-0.022
1205,-0.01
1206,-0.22
1207,-0.098
1208,-0.134
1209,-0.037
1210,-0.249
1211,-0.012
1212,-0.068
1213,-0.056
1214,-0.061
1215,-0.125
1216,-0.098
1217,-0.2
1218,-0.112
1219,-0.127
1220,0.007
1221,-0.195
1222,-0.117
1223,-0.164
1224,-0.027
1225,-0.098
1226,-0.142
1227,-0.168
1228,-0.12
1229,0.01
1230,-0.193
1231,-0.081
1232,-0.186
1233,-0.2
1234,-0.139
1235,-0.12
1236,-0.083
1237,-0.2
1238,0.039
1239,-0.134
1240,-0.039
1241,-0.076
1242,0.017
1243,-0.037
1244,-0.027
1245,-0.125
1246,-0.132
1247,0.056
1248,-0.054
1249,0.076
1250,-0.156
1251,-0.188
1252,-0.154
1253,-0.017
1254,-0.083
1255,-0.183
1256,-0.181
1257,-0.01
1258,-0.046
1259,-0.217
1260,-0.2
1261,-0.139
1262,-0.139
1263,-0.149
1264,-0.022
1265,-0.042
1266,-0.176
1267,-0.11
1268,-0.093
1269,-0.12
1270,-0.276
1271,-0.134
1272,0.002
1273,-0.217
1274,-0.291
1275,-0.225
1276,-0.208
1277,-0.125
1278,0.005
1279,-0.081
1280,-0.173
1281,-0.281
1282,0.0
1283,-0.005
1284,-0.066
1285,-0.068
1286,0.071
1287,0.032
1288,-0.059
1289,-0.129
1290,-0.132
1291,0.056
1292,0.0
1293,-0.09
1294,-0.266
1295,-0.046
1296,-0.078
1297,-0.051
1298,-0.156
1299,-0.149
1300,-0.12
1301,-0.198
1302,0.032
1303,0.005
1304,-0.229
1305,-0.083
1306,0.156
1307,-0.159
1308,-0.103
1309,-0.037
1310,-0.083
1311,0.044
1312,-0.081
1313,-0.1
1314,-0.149
1315,-0.022
1316,-0.151
1317,-0.161
1318,-0.105
1319,-0.071
1320,-0.139
1321,-0.173
1322,-0.208
1323,-0.173
1324,0.105
1325,-0.176
1326,-0.105
1327,0.002
1328,-0.024
1329,-0.151
1330,-0.051
1331,0.046
1332,-0.127
1333,-0.09
1334,-0.198
1335,-0.144
1336,-0.134
1337,-0.032
1338,-0.085
1339,-0.195
1340,-0.227
1341,-0.063
1342,-0.222
1343,-0.161
1344,0.1
1345,-0.205
1346,-0.139
1347,-0.078
1348,0.037
1349,0.0
1350,-0.061
1351,-0.054
1352,-0.129
1353,-0.088
1354,-0.139
1355,-0.059
1356,-0.22
1357,-0.134
1358,-0.105
1359,-0.127
1360,-0.251
1361,-0.056
1362,-0.117
1363,-0.054
1364,0.017
1365,-0.095
1366,-0.076
1367,-0.078
1368,0.037
1369,-0.044
1370,-0.085
1371,-0.127
1372,0.007
1373,-0.051
1374,-0.161
1375,-0.1
1376,-0.085
1377,-0.107
1378,-0.11
1379,-0.066
1380,-0.132
1381,-0.051
1382,-0.068
1383,-0.156
1384,-0.066
1385,-0.1
1386,0.042
1387,-0.037
1388,0.049
1389,-0.093
1390,0.007
1391,-0.037
1392,-0.078
1393,-0.151
1394,-0.037
1395,-0.203
1396,-0.254
1397,-0.107
1398,-0.227
1399,-0.186
1400,-0.085
1401,-0.107
1402,-0.215
1403,-0.068
1404,-0.156
1405,-0.071
1406,0.159
1407,-0.088
1408,-0.017
1409,0.056
1410,-0.051
1411,-0.088
1412,0.046
1413,-0.112
1414,-0.142
1415,-0.125
1416,-0.083
1417,-0.085
1418,-0.21
1419,-0.098
1420,-0.024
1421,-0.098
1422,-0.188
1423,0.007
1424,-0.017
1425,-0.12
1426,-0.146
1427,-0.039
1428,-0.01
1429,-0.088
1430,-0.078
1431,-0.037
1432,-0.042
1433,-0.19
1434,-0.208
1435,-0.247
1436,-0.164
1437,-0.129
1438,-0.168
1439,-0.039
1440,-0.071
1441,-0.308
1442,-0.203
1443,-0.046
1444,-0.076
1445,0.054
1446,-0.063
1447,0.012
1448,-0.044
1449,-0.132
1450,0.007
1451,-0.032
1452,-0.034
1453,-0.027
1454,-0.049
1455,-0.188
1456,-0.112
1457,-0.125
1458,-0.071
1459,-0.11
1460,-0.183
1461,-0.071
1462,-0.115
1463,-0.139
1464,-0.122
1465,0.073
1466,-0.071
1467,0.007
1468,0.005
1469,-0.103
1470,0.002
1471,0.017
1472,-0.039
1473,-0.149
1474,-0.012
1475,-0.149
1476,-0.225
1477,-0.239
1478,-0.046
1479,-0.237
1480,-0.103
1481,-0.051
1482,-0.137
1483,-0.186
1484,-0.2
1485,0.034
1486,0.042
1487,0.015
1488,-0.093
1489,0.093
1490,0.012
1491,0.054
1492,0.125
1493,-0.039
1494,-0.044
1495,0.037
1496,-0.002
1497,-0.3
1498,-0.105
1499,-0.176
1500,-0.12
1501,-0.19
1502,-0.21
1503,-0.134
1504,-0.168
1505,-0.164
1506,-0.168
1507,-0.059
1508,-0.073
1509,0.054
1510,-0.117
1511,-0.137
1512,-0.154
1513,-0.11
1514,0.002
1515,-0.068
1516,-0.061
1517,-0.181
1518,-0.085
1519,-0.151
1520,-0.11
1521,-0.125
1522,-0.007
1523,-0.049
1524,-0.256
1525,-0.173
1526,-0.193
1527,-0.093
1528,-0.181
1529,-0.02
1530,-0.081
1531,-0.105
1532,-0.171
1533,-0.073
1534,0.024
1535,-0.125
1536,-0.103
1537,-0.388
1538,-0.11
1539,-0.186
1540,-0.168
1541,-0.264
1542,-0.061
1543,-0.007
1544,-0.071
1545,-0.161
1546,-0.125
1547,0.059
1548,-0.081
1549,-0.117
1550,-0.154
1551,0.059
1552,-0.056
1553,-0.017
1554,-0.039
1555,-0.044
1556,-0.105
1557,-0.129
1558,0.024
1559,-0.051
1560,-0.061
1561,-0.22
1562,-0.103
1563,-0.117
1564,-0.071
1565,-0.032
1566,-0.105
1567,-0.098
1568,-0.19
1569,0.081
1570,0.1
1571,0.056
1572,-0.088
1573,0.125
1574,-0.017
1575,-0.083
1576,-0.137
1577,-0.164
1578,-0.015
1579,-0.134
1580,-0.161
1581,-0.242
1582,-0.154
1583,-0.078
1584,-0.046
1585,-0.183
1586,-0.249
1587,-0.081
1588,-0.098
1589,-0.039
1590,-0.115
1591,0.007
1592,-0.081
1593,0.049
1594,-0.071
1595,-0.139
1596,-0.051
1597,-0.09
1598,-0.171
1599,-0.139
1600,0.024
1601,-0.339
1602,-0.168
1603,-0.103
1604,-0.22
1605,-0.242
1606,-0.049
1607,-0.037
1608,-0.049
1609,-0.176
1610,-0.249
1611,-0.005
1612,-0.083
1613,0.042
1614,-0.015
1615,-0.105
1616,-0.046
1617,-0.044
1618,-0.303
1619,-0.01
1620,-0.063
1621,-0.11
1622,-0.09
1623,-0.134
1624,-0.261
1625,-0.212
1626,-0.168
1627,-0.11
1628,0.195
1629,-0.156
1630,-0.139
1631,0.083
1632,-0.056
1633,-0.032
1634,0.032
1635,-0.056
1636,0.015
1637,-0.066
1638,-0.217
1639,-0.164
1640,-0.176
1641,-0.122
1642,-0.051
1643,-0.208
1644,-0.168
1645,-0.205
1646,-0.078
1647,-0.049
1648,-0.081
1649,-0.164
1650,0.083
1651,-0.132
1652,-0.161
1653,0.09
1654,-0.059
1655,-0.142
1656,-0.073
1657,-0.198
1658,-0.125
1659,0.005
1660,-0.159
1661,-0.146
1662,0.032
1663,-0.166
1664,-0.066
1665,-0.166
1666,-0.156
1667,-0.134
1668,-0.029
1669,-0.208
1670,-0.112
1671,-0.027
1672,-0.039
1673,-0.032
1674,-0.098
1675,-0.161
1676,-0.071
1677,-0.076
1678,-0.071
1679,0.034
1680,-0.283
1681,-0.271
1682,-0.054
1683,-0.112
1684,-0.095
1685,-0.146
1686,-0.166
1687,-0.12
1688,-0.093
1689,-0.225
1690,0.1
1691,0.132
1692,-0.042
1693,-0.071
1694,-0.081
1695,-0.007
1696,-0.002
1697,-0.076
1698,-0.168
1699,-0.032
1700,-0.137
1701,-0.166
1702,-0.051
1703,-0.017
1704,-0.251
1705,-0.227
1706,-0.127
1707,-0.129
1708,-0.032
1709,-0.146
1710,0.007
1711,-0.037
1712,-0.178
1713,-0.12
1714,-0.132
1715,-0.132
1716,-0.144
1717,-0.02
1718,-0.056
1719,-0.195
1720,-0.212
1721,-0.059
1722,-0.076
1723,-0.19
1724,-0.098
1725,0.056
1726,-0.105
1727,-0.19
1728,-0.039
1729,-0.161
1730,-0.129
1731,-0.171
1732,-0.105
1733,0.027
1734,0.015
1735,-0.024
1736,0.039
1737,0.1
1738,0.029
1739,-0.002
1740,-0.105
1741,-0.146
1742,-0.203
1743,-0.09
1744,-0.068
1745,-0.11
1746,-0.146
1747,-0.059
1748,0.11
1749,-0.059
1750,-0.095
1751,-0.071
1752,-0.066
1753,-0.127
1754,-0.007
1755,-0.139
1756,-0.1
1757,-0.146
1758,-0.125
1759,-0.164
1760,0.015
1761,-0.195
1762,-0.256
1763,0.005
1764,-0.183
1765,-0.261
1766,-0.09
1767,-0.183
1768,-0.051
1769,-0.068
1770,-0.203
1771,-0.059
1772,0.083
1773,-0.129
1774,-0.061
1775,0.078
1776,-0.012
1777,-0.154
1778,-0.11
1779,-0.085
1780,-0.134
1781,-0.12
1782,-0.093
1783,-0.105
1784,-0.286
1785,-0.217
1786,-0.059
1787,-0.249
1788,-0.11
1789,-0.112
1790,-0.259
1791,-0.144
1792,0.208
1793,-0.115
1794,-0.154
1795,-0.176
1796,0.093
1797,0.042
1798,-0.176
1799,-0.232
1800,-0.156
1801,-0.083
1802,-0.22
1803,-0.034
1804,-0.208
1805,-0.249
1806,0.007
1807,-0.103
1808,-0.212
1809,0.007
1810,0.012
1811,-0.117
1812,-0.068
1813,0.024
1814,0.046
1815,-0.051
1816,-0.071
1817,0.098
1818,-0.105
1819,-0.344
1820,-0.2
1821,-0.081
1822,-0.117
1823,-0.083
1824,-0.093
1825,-0.132
1826,-0.164
1827,-0.095
1828,-0.151
1829,-0.024
1830,-0.022
1831,-0.132
1832,0.154
1833,-0.093
1834,-0.081
1835,-0.188
1836,-0.022
1837,-0.022
1838,0.005
1839,-0.085
1840,-0.051
1841,-0.293
1842,-0.034
1843,-0.115
1844,-0.283
1845,-0.149
1846,-0.02
1847,-0.315
1848,-0.239
1849,-0.205
1850,0.085
1851,-0.171
1852,-0.027
1853,-0.042
1854,-0.002
1855,-0.159
1856,-0.051
1857,-0.186
1858,0.01
1859,-0.027
1860,-0.232
1861,-0.178
1862,-0.247
1863,-0.171
1864,-0.005
1865,0.149
1866,-0.117
1867,-0.051
1868,-0.098
1869,-0.232
1870,-0.059
1871,-0.054
1872,-0.146
1873,0.024
1874,-0.122
1875,-0.115
1876,0.024
1877,-0.015
1878,-0.19
1879,-0.073
1880,-0.081
1881,-0.195
1882,-0.237
1883,-0.081
1884,-0.09
1885,-0.208
1886,-0.281
1887,0.027
1888,-0.129
1889,-0.237
1890,-0.054
1891,0.071
1892,-0.059
1893,-0.222
1894,-0.12
1895,-0.11
1896,-0.002
1897,-0.137
1898,-0.01
1899,-0.107
1900,-0.205
1901,-0.254
1902,-0.059
1903,-0.078
1904,-0.229
1905,-0.161
1906,-0.083
1907,-0.076
1908,-0.186
1909,-0.176
1910,-0.117
1911,-0.288
1912,-0.056
1913,-0.068
1914,-0.071
1915,-0.247
1916,0.066
1917,-0.068
1918,-0.029
1919,-0.193
1920,-0.173
1921,-0.193
1922,0.046
1923,-0.085
1924,-0.356
1925,-0.298
1926,0.012
1927,-0.164
1928,-0.11
1929,-0.159
1930,-0.029
1931,-0.2
1932,0.149
1933,-0.044
1934,-0.186
1935,-0.32
1936,-0.093
1937,-0.12
1938,-0.007
1939,-0.12
1940,-0.049
1941,-0.093
1942,-0.244
1943,-0.186
1944,-0.054
1945,0.044
1946,-0.076
1947,-0.112
1948,-0.264
1949,-0.254
1950,-0.078
1951,0.039
1952,0.044
1953,-0.039
1954,-0.112
1955,-0.166
1956,0.134
1957,-0.095
1958,0.088
1959,-0.283
1960,-0.261
1961,-0.022
1962,-0.076
1963,-0.278
1964,-0.215
1965,-0.208
1966,-0.056
1967,-0.107
1968,0.022
1969,0.012
1970,-0.122
1971,-0.09
1972,-0.02
1973,-0.195
1974,-0.164
1975,0.022
1976,0.0
1977,-0.303
1978,-0.134
1979,0.073
1980,-0.144
1981,-0.276
1982,0.007
1983,0.122
1984,-0.059
1985,-0.2
1986,-0.112
1987,-0.181
1988,-0.21
1989,-0.081
1990,-0.129
1991,-0.1
1992,-0.166
1993,-0.139
1994,0.095
1995,0.168
1996,-0.171
1997,-0.325
1998,0.12
1999,0.029
2000,-0.144
2001,-0.261
2002,-0.149
2003,-0.225
2004,-0.081
2005,-0.066
2006,-0.076
2007,-0.039
2008,-0.088
2009,-0.308
2010,-0.117
2011,-0.088
2012,-0.22
2013,-0.203
2014,-0.049
2015,-0.1
2016,-0.088
2017,-0.127
2018,0.132
2019,0.039
2020,-0.02
2021,-0.032
2022,-0.308
2023,-0.186
2024,0.059
2025,-0.149
2026,0.012
2027,-0.081
2028,-0.234
2029,-0.149
2030,-0.02
2031,-0.193
2032,0.027
2033,-0.142
2034,-0.193
2035,-0.032
2036,-0.071
2037,-0.039
2038,-0.078
2039,-0.327
2040,0.085
2041,0.02
2042,-0.339
2043,-0.063
2044,-0.127
2045,-0.203
2046,-0.19
2047,-0.181
2048,-0.134
2049,-0.19
2050,-0.146
2051,0.088
2052,-0.071
2053,-0.173
2054,0.007
2055,-0.002
2056,-0.149
2057,0.11
2058,-0.22
2059,-0.195
2060,0.076
2061,0.059
2062,-0.217
2063,-0.037
2064,-0.127
2065,-0.103
2066,-0.098
2067,-0.142
2068,-0.127
2069,-0.149
2070,-0.042
2071,0.09
2072,-0.037
2073,-0.09
2074,0.068
2075,-0.007
2076,-0.1
2077,-0.122
2078,0.01
2079,-0.105
2080,-0.09
2081,-0.02
2082,-0.1
2083,-0.305
2084,-0.251
2085,-0.002
2086,-0.005
2087,-0.181
2088,0.0
2089,0.046
2090,-0.051
2091,-0.237
2092,-0.039
2093,0.049
2094,-0.11
2095,-0.129
2096,-0.115
2097,-0.066
2098,-0.129
2099,-0.059
2100,0.02
2101,0.095
2102,-0.156
2103,-0.125
2104,0.02
2105,-0.151
2106,-0.303
2107,-0.129
2108,-0.032
2109,-0.12
2110,-0.2
2111,-0.071
2112,-0.09
2113,-0.21
2114,-0.066
2115,0.005
2116,-0.107
2117,-0.085
2118,-0.105
2119,-0.032
2120,-0.002
2121,-0.061
2122,-0.164
2123,-0.002
2124,-0.146
2125,-0.142
2126,-0.11
2127,-0.137
2128,-0.112
2129,-0.061
2130,-0.19
2131,-0.105
2132,-0.088
2133,-0.042
2134,-0.11
2135,-0.11
2136,-0.032
2137,-0.056
2138,-0.095
2139,-0.02
2140,0.12
2141,-0.032
2142,-0.193
2143,0.01
2144,-0.027
2145,-0.259
2146,-0.164
2147,-0.049
2148,-0.183
2149,-0.242
2150,-0.112
2151,-0.083
2152,-0.151
2153,-0.203
2154,-0.051
2155,-0.034
2156,-0.222
2157,-0.132
2158,0.063
2159,-0.039
2160,-0.11
2161,-0.017
2162,0.022
2163,-0.171
2164,-0.215
2165,-0.159
2166,-0.095
2167,-0.22
2168,-0.181
2169,-0.078
2170,-0.051
2171,-0.19
2172,-0.107
2173,-0.149
2174,-0.156
2175,-0.186
2176,-0.022
2177,0.007
2178,0.1
2179,-0.022
2180,-0.015
2181,0.005
2182,-0.071
2183,-0.007
2184,0.005
2185,0.063
2186,-0.049
2187,0.0
2188,-0.066
2189,-0.154
2190,-0.059
2191,-0.046
2192,-0.083
2193,-0.083
2194,-0.132
2195,-0.161
2196,-0.029
2197,0.02
2198,-0.046
2199,-0.112
2200,-0.161
2201,-0.105
2202,-0.095
2203,-0.12
2204,0.007
2205,-0.083
2206,-0.1
2207,-0.112
2208,-0.212
2209,-0.232
2210,-0.127
2211,-0.059
2212,-0.125
2213,-0.171
2214,0.017
2215,0.024
2216,-0.171
2217,-0.044
2218,0.049
2219,-0.078
2220,-0.085
2221,-0.083
2222,-0.068
2223,-0.125
2224,-0.161
2225,-0.051
2226,-0.083
2227,-0.142
2228,-0.151
2229,-0.237
2230,-0.137
2231,-0.076
2232,0.054
2233,0.01
2234,-0.095
2235,-0.134
2236,0.044
2237,0.0
2238,-0.022
2239,-0.015
2240,-0.129
2241,-0.198
2242,-0.151
2243,-0.059
2244,-0.042
2245,-0.095
2246,-0.161
2247,-0.095
2248,-0.208
2249,-0.293
2250,-0.127
2251,-0.083
2252,-0.071
2253,0.0
2254,0.0
2255,-0.049
2256,-0.171
2257,-0.039
2258,0.039
2259,-0.002
2260,-0.049
2261,-0.005
2262,-0.059
2263,-0.134
2264,-0.112
2265,-0.044
2266,-0.088
2267,-0.078
2268,-0.046
2269,-0.198
2270,-0.205
2271,-0.002
2272,0.139
2273,-0.022
2274,-0.195
2275,-0.269
2276,-0.083
2277,-0.166
2278,-0.078
2279,-0.002
2280,-0.049
2281,-0.054
2282,-0.237
2283,-0.278
2284,-0.034
2285,-0.022
2286,-0.215
2287,-0.129
2288,-0.115
2289,-0.388
2290,0.056
2291,-0.156
2292,-0.098
2293,-0.11
2294,0.168
2295,-0.361
2296,-0.198
2297,-0.278
2298,0.046
2299,0.007
2300,-0.063
2301,0.154
2302,-0.237
2303,-0.225
2304,0.027
2305,0.112
2306,-0.161
2307,0.0
2308,0.049
2309,-0.32
2310,-0.181
2311,-0.059
2312,-0.203
2313,-0.071
2314,-0.093
2315,-0.178
2316,-0.078
2317,-0.273
2318,0.0
2319,0.063
2320,-0.142
2321,-0.22
2322,-0.125
2323,-0.156
2324,-0.083
2325,0.044
2326,-0.093
2327,-0.205
2328,-0.137
2329,-0.137
2330,-0.168
2331,-0.19
2332,-0.103
2333,-0.012
2334,-0.059
2335,-0.129
2336,-0.183
2337,0.063
2338,0.173
2339,-0.154
2340,-0.286
2341,-0.049
2342,-0.024
2343,-0.007
2344,0.051
2345,-0.066
2346,-0.342
2347,-0.2
2348,-0.051
2349,-0.061
2350,-0.261
2351,-0.093
2352,0.168
2353,-0.203
2354,-0.466
2355,0.039
2356,0.122
2357,-0.234
2358,-0.083
2359,0.09
2360,-0.344
2361,-0.234
2362,0.11
2363,-0.046
2364,-0.115
2365,-0.161
2366,-0.125
2367,-0.151
2368,-0.283
2369,-0.195
2370,-0.115
2371,-0.059
2372,-0.1
2373,-0.085
2374,-0.107
2375,-0.073
2376,0.107
2377,0.046
2378,-0.134
2379,-0.105
2380,-0.103
2381,-0.081
2382,-0.037
2383,-0.103
2384,-0.139
2385,-0.002
2386,-0.066
2387,-0.085
2388,-0.144
2389,-0.239
2390,-0.063
2391,-0.164
2392,-0.02
2393,-0.063
2394,-0.2
2395,-0.2
2396,-0.012
2397,-0.125
2398,-0.298
2399,-0.024
2400,-0.105
2401,-0.098
2402,-0.149
2403,-0.208
2404,-0.105
2405,0.076
2406,-0.129
2407,-0.22
2408,-0.12
2409,-0.132
2410,-0.093
2411,-0.347
2412,-0.264
2413,-0.034
2414,-0.125
2415,-0.171
2416,-0.134
2417,-0.061
2418,-0.085
2419,-0.159
2420,-0.037
2421,0.022
2422,-0.083
2423,-0.183
2424,-0.034
2425,-0.039
2426,-0.081
2427,-0.002
2428,-0.122
2429,-0.054
2430,-0.049
2431,-0.266
2432,-0.142
2433,-0.073
2434,-0.239
2435,-0.283
2436,-0.161
2437,-0.142
2438,-0.178
2439,-0.083
2440,-0.044
2441,-0.073
2442,-0.1
2443,-0.115
2444,-0.005
2445,-0.181
2446,-0.112
2447,-0.127
2448,-0.105
2449,-0.261
2450,-0.146
2451,-0.166
2452,-0.203
2453,-0.2
2454,-0.173
2455,-0.186
2456,-0.083
2457,-0.088
2458,-0.181
2459,-0.061
2460,-0.007
2461,-0.012
2462,0.022
2463,0.154
2464,-0.017
2465,-0.059
2466,0.007
2467,-0.042
2468,-0.002
2469,-0.225
2470,-0.122
2471,-0.186
2472,0.032
2473,-0.186
2474,-0.2
2475,-0.105
2476,-0.132
2477,-0.085
2478,-0.308
2479,-0.105
2480,-0.1
2481,-0.154
2482,-0.183
2483,0.039
2484,-0.129
2485,-0.215
2486,-0.1
2487,-0.11
2488,-0.005
2489,-0.227
2490,-0.095
2491,-0.088
2492,-0.068
2493,-0.161
2494,-0.142
2495,-0.081
2496,-0.139
2497,-0.068
2498,-0.095
2499,-0.066
2500,-0.151
2501,-0.068
2502,-0.037
2503,-0.071
2504,-0.042
2505,-0.02
2506,0.081
2507,0.063
2508,-0.051
2509,-0.063
2510,0.061
2511,-0.056
2512,-0.068
2513,-0.078
2514,-0.125
2515,-0.171
2516,-0.078
2517,-0.129
2518,-0.063
2519,-0.061
2520,-0.166
2521,-0.012
2522,-0.098
2523,-0.115
2524,0.01
2525,-0.083
2526,-0.242
2527,-0.154
2528,-0.037
2529,-0.156
2530,-0.103
2531,-0.066
2532,-0.059
2533,-0.085
2534,-0.127
2535,-0.142
2536,-0.09
2537,-0.186
2538,-0.125
2539,-0.034
2540,-0.139
2541,-0.166
2542,0.022
2543,-0.125
2544,-0.239
2545,-0.044
2546,-0.071
2547,-0.068
2548,-0.103
2549,-0.115
2550,-0.063
2551,-0.244
2552,-0.161
2553,-0.125
2554,-0.129
2555,-0.225
2556,-0.059
2557,-0.076
2558,-0.115
2559,-0.298
2560,-0.078
2561,-0.083
2562,-0.134
2563,-0.005
2564,-0.093
2565,-0.244
2566,-0.044
2567,-0.081
2568,-0.037
2569,-0.198
2570,-0.037
2571,-0.117
2572,-0.078
2573,-0.278
2574,0.0
2575,-0.105
2576,0.078
2577,-0.127
2578,-0.066
2579,-0.156
2580,0.01
2581,-0.015
2582,0.039
2583,-0.12
2584,-0.107
2585,0.061
2586,-0.037
2587,-0.063
2588,-0.024
2589,-0.146
2590,-0.054
2591,-0.159
2592,-0.178
2593,-0.056
2594,0.032
2595,-0.168
2596,-0.073
2597,-0.022
2598,-0.134
2599,-0.129
2600,-0.078
2601,-0.034
2602,-0.044
2603,-0.171
2604,-0.186
2605,-0.083
2606,-0.098
2607,0.005
2608,-0.039
2609,-0.239
2610,0.005
2611,-0.137
2612,-0.264
2613,-0.103
2614,0.085
2615,-0.2
2616,-0.076
2617,-0.11
2618,-0.017
2619,0.061
2620,-0.127
2621,-0.134
2622,0.039
2623,-0.078
2624,-0.125
2625,0.117
2626,-0.151
2627,-0.134
2628,-0.125
2629,-0.195
2630,-0.002
2631,0.076
2632,-0.205
2633,-0.22
2634,-0.132
2635,-0.208
2636,-0.032
2637,-0.225
2638,-0.171
2639,0.051
2640,-0.183
2641,-0.193
2642,-0.042
2643,-0.056
2644,-0.049
2645,-0.071
2646,-0.283
2647,-0.024
2648,-0.068
2649,-0.115
2650,-0.032
2651,-0.046
2652,-0.264
2653,-0.122
2654,0.186
2655,0.071
2656,-0.112
2657,-0.295
2658,0.049
2659,0.049
2660,-0.061
2661,-0.168
2662,0.027
2663,-0.166
2664,-0.002
2665,0.071
2666,-0.164
2667,-0.217
2668,-0.283
2669,0.093
2670,-0.063
2671,-0.254
2672,-0.247
2673,-0.076
2674,-0.31
2675,-0.271
2676,-0.059
2677,-0.237
2678,-0.188
2679,-0.039
2680,0.005
2681,-0.225
2682,0.017
2683,-0.044
2684,-0.054
2685,-0.144
2686,-0.129
2687,-0.164
2688,-0.093
2689,-0.017
2690,-0.098
2691,-0.054
2692,-0.134
2693,-0.061
2694,-0.049
2695,-0.188
2696,-0.073
2697,0.059
2698,-0.068
2699,-0.19
2700,0.022
2701,0.022
2702,-0.027
2703,-0.225
2704,-0.017
2705,0.017
2706,-0.098
2707,-0.234
2708,-0.002
2709,-0.132
2710,-0.254
2711,-0.129
2712,-0.244
2713,-0.1
2714,-0.178
2715,-0.234
2716,-0.063
2717,0.01
2718,-0.354
2719,-0.371
2720,0.061
2721,-0.083
2722,-0.129
2723,-0.049
2724,0.002
2725,-0.127
2726,-0.156
2727,-0.068
2728,0.112
2729,-0.012
2730,-0.122
2731,0.056
2732,-0.166
2733,-0.212
2734,-0.115
2735,0.015
2736,-0.1
2737,-0.227
2738,-0.273
2739,-0.11
2740,0.007
2741,-0.154
2742,-0.063
2743,-0.159
2744,-0.1
2745,-0.188
2746,-0.063
2747,-0.002
2748,-0.022
2749,-0.181
2750,-0.083
2751,-0.032
2752,-0.227
2753,-0.227
2754,-0.105
2755,-0.017
2756,-0.254
2757,-0.132
2758,-0.039
2759,-0.249
2760,-0.164
2761,-0.063
2762,-0.061
2763,-0.269
2764,-0.059
2765,-0.137
2766,-0.105
2767,-0.146
2768,-0.146
2769,-0.081
2770,-0.105
2771,-0.105
2772,-0.2
2773,-0.178
2774,-0.071
2775,0.056
2776,-0.186
2777,-0.046
2778,-0.144
2779,-0.149
2780,-0.02
2781,-0.09
2782,0.005
2783,-0.005
2784,0.081
2785,-0.139
2786,0.046
2787,-0.039
2788,-0.168
2789,-0.132
2790,0.09
2791,-0.232
2792,-0.2
2793,-0.076
2794,-0.044
2795,-0.31
2796,-0.259
2797,0.061
2798,0.024
2799,-0.203
2800,-0.132
2801,-0.22
2802,-0.21
2803,-0.217
2804,-0.037
2805,-0.159
2806,-0.181
2807,-0.11
2808,-0.095
2809,-0.105
2810,-0.088
2811,-0.122
2812,-0.073
2813,-0.017
2814,-0.21
2815,-0.166
2816,-0.212
2817,-0.1
2818,-0.059
2819,-0.151
2820,-0.193
2821,0.166
2822,0.049
2823,-0.129
2824,0.076
2825,0.063
2826,0.061
2827,-0.049
2828,0.002
2829,-0.088
2830,0.071
2831,-0.112
2832,-0.134
2833,-0.093
2834,-0.178
2835,-0.134
2836,-0.02
2837,-0.068
2838,-0.244
2839,-0.225
2840,-0.249
2841,0.022
2842,-0.056
2843,-0.159
2844,-0.076
2845,-0.076
2846,-0.139
2847,-0.01
2848,-0.1
2849,-0.142
2850,-0.059
2851,-0.195
2852,-0.066
2853,-0.103
2854,-0.273
2855,0.029
2856,-0.049
2857,-0.132
2858,-0.178
2859,-0.039
2860,-0.088
2861,-0.068
2862,-0.125
2863,-0.029
2864,-0.061
2865,-0.088
2866,-0.103
2867,0.024
2868,-0.005
2869,-0.068
2870,0.039
2871,-0.044
2872,-0.051
2873,-0.066
2874,-0.002
2875,-0.046
2876,-0.061
2877,-0.059
2878,-0.034
2879,-0.037
2880,-0.117
2881,-0.178
2882,-0.151
2883,-0.066
2884,-0.11
2885,-0.156
2886,-0.149
2887,-0.071
2888,-0.061
2889,-0.168
2890,0.054
2891,-0.078
2892,-0.259
2893,-0.2
2894,-0.061
2895,-0.054
2896,-0.083
2897,-0.09
2898,-0.002
2899,-0.105
2900,-0.247
2901,0.007
2902,0.0
2903,-0.229
2904,-0.122
2905,-0.002
2906,-0.066
2907,-0.054
2908,0.029
2909,0.017
2910,-0.137
2911,-0.2
2912,-0.078
2913,-0.034
2914,-0.088
2915,-0.078
2916,-0.02
2917,-0.093
2918,-0.02
2919,0.051
2920,-0.095
2921,-0.037
2922,-0.142
2923,-0.181
2924,-0.09
2925,-0.112
2926,-0.09
2927,-0.081
2928,-0.107
2929,-0.066
2930,-0.049
2931,-0.176
2932,-0.215
2933,-0.117
2934,0.044
2935,-0.129
2936,-0.11
2937,-0.073
2938,-0.002
2939,-0.071
2940,-0.195
2941,0.061
2942,-0.039
2943,-0.1
2944,0.015
2945,-0.061
2946,0.0
2947,-0.044
2948,-0.107
2949,-0.073
2950,0.017
2951,0.017
2952,0.027
2953,-0.137
2954,0.002
2955,-0.117
2956,0.0
2957,-0.176
2958,-0.2
2959,-0.061
2960,-0.173
2961,-0.154
2962,-0.193
2963,-0.083
2964,-0.146
2965,-0.01
2966,-0.049
2967,-0.037
2968,-0.154
2969,-0.127
2970,-0.005
2971,-0.122
2972,-0.132
2973,-0.093
2974,-0.002
2975,-0.225
2976,-0.215
2977,-0.146
2978,0.032
2979,-0.073
2980,-0.181
2981,-0.029
2982,-0.078
2983,-0.11
2984,-0.042
2985,0.073
2986,-0.112
2987,0.044
2988,-0.046
2989,-0.005
2990,0.083
2991,0.115
2992,-0.029
2993,-0.19
2994,-0.083
2995,-0.02
2996,-0.107
2997,-0.085
2998,-0.083
2999,-0.203
3000,-0.164
3001,-0.146
3002,-0.151
3003,-0.151
3004,-0.127
3005,-0.12
3006,-0.156
3007,0.034
3008,-0.029
3009,0.007
3010,-0.044
3011,-0.166
3012,0.007
3013,-0.007
3014,-0.105
3015,-0.107
3016,-0.061
3017,-0.142
3018,0.012
3019,-0.161
3020,-0.181
3021,-0.083
3022,0.017
3023,-0.181
3024,-0.073
3025,0.005
3026,-0.127
3027,-0.068
3028,-0.144
3029,0.09
3030,-0.034
3031,0.061
3032,0.017
3033,-0.032
3034,-0.078
3035,-0.095
3036,-0.02
3037,-0.127
3038,-0.071
3039,-0.168
3040,-0.129
3041,-0.212
3042,-0.112
3043,-0.12
3044,-0.088
3045,-0.088
3046,-0.117
3047,-0.088
3048,-0.122
3049,-0.015
3050,-0.044
3051,-0.1
3052,-0.215
3053,-0.125
3054,-0.034
3055,-0.073
3056,-0.115
3057,-0.269
3058,-0.19
3059,-0.291
3060,-0.242
3061,-0.19
3062,0.012
3063,-0.21
3064,-0.132
3065,-0.066
3066,0.012
3067,0.005
3068,0.085
3069,-0.117
3070,0.015
3071,-0.012
3072,-0.181
3073,-0.3
3074,0.02
3075,-0.061
3076,-0.081
3077,-0.103
3078,-0.012
3079,-0.159
3080,-0.137
3081,-0.037
3082,-0.286
3083,-0.286
3084,-0.007
3085,-0.037
3086,-0.244
3087,-0.088
3088,-0.19
3089,0.061
3090,-0.059
3091,-0.171
3092,-0.298
3093,-0.015
3094,0.09
3095,0.017
3096,-0.11
3097,-0.081
3098,-0.173
3099,-0.21
3100,-0.168
3101,-0.129
3102,-0.078
3103,-0.098
3104,-0.005
3105,-0.171
3106,-0.161
3107,-0.005
3108,0.02
3109,-0.051
3110,-0.125
3111,-0.11
3112,-0.063
3113,-0.039
3114,-0.037
3115,0.083
3116,-0.081
3117,-0.125
3118,-0.066
3119,-0.12
3120,-0.269
3121,-0.154
3122,-0.122
3123,-0.144
3124,-0.183
3125,-0.142
3126,-0.105
3127,-0.095
3128,-0.139
3129,-0.215
3130,-0.183
3131,-0.068
3132,-0.093
3133,-0.1
3134,-0.032
3135,-0.007
3136,-0.229
3137,-0.154
3138,-0.002
3139,0.02
3140,-0.261
3141,-0.256
3142,0.051
3143,-0.093
3144,-0.195
3145,-0.098
3146,0.034
3147,-0.034
3148,-0.105
3149,-0.1
3150,-0.134
3151,-0.056
3152,-0.159
3153,0.005
3154,-0.063
3155,-0.007
3156,-0.01
3157,0.015
3158,-0.156
3159,-0.127
3160,-0.105
3161,-0.071
3162,-0.181
3163,-0.327
3164,-0.168
3165,-0.12
3166,-0.076
3167,-0.051
3168,-0.117
3169,-0.232
3170,-0.129
3171,0.051
3172,-0.122
3173,-0.134
3174,-0.1
3175,0.02
3176,-0.081
3177,-0.159
3178,-0.139
3179,0.012
3180,-0.103
3181,-0.044
3182,-0.164
3183,-0.259
3184,0.005
3185,0.076
3186,-0.19
3187,-0.3
3188,-0.112
3189,0.007
3190,0.017
3191,-0.125
3192,-0.039
3193,0.029
3194,0.005
3195,-0.022
3196,-0.007
3197,-0.032
3198,-0.117
3199,-0.132
3200,-0.215
3201,-0.068
3202,-0.098
3203,-0.103
3204,-0.068
3205,-0.171
3206,-0.181
3207,-0.161
3208,-0.042
3209,-0.132
3210,-0.154
3211,-0.132
3212,-0.037
3213,-0.112
3214,-0.083
3215,-0.115
3216,-0.081
3217,0.005
3218,-0.149
3219,-0.115
3220,-0.022
3221,-0.066
3222,-0.212
3223,-0.181
3224,-0.044
3225,-0.022
3226,-0.137
3227,-0.188
3228,-0.034
3229,-0.01
3230,-0.076
3231,-0.09
3232,0.046
3233,-0.081
3234,-0.09
3235,-0.002
3236,-0.002
3237,-0.142
3238,-0.088
3239,0.007
3240,-0.159
3241,-0.186
3242,-0.134
3243,-0.073
3244,-0.173
3245,-0.227
3246,-0.244
3247,-0.1
3248,-0.176
3249,-0.176
3250,-0.137
3251,-0.081
3252,-0.093
3253,-0.103
3254,-0.022
3255,0.015
3256,0.081
3257,-0.012
3258,-0.22
3259,-0.066
3260,-0.022
3261,-0.103
3262,-0.056
3263,-0.029
3264,-0.186
3265,-0.144
3266,-0.1
3267,-0.142
3268,-0.088
3269,-0.159
3270,-0.142
3271,0.088
3272,-0.01
3273,0.02
3274,0.042
3275,-0.049
3276,0.012
3277,-0.085
3278,-0.139
3279,-0.049
3280,-0.107
3281,-0.276
3282,-0.093
3283,-0.093
3284,-0.198
3285,-0.269
3286,-0.166
3287,-0.149
3288,-0.164
3289,-0.115
3290,-0.029
3291,-0.085
3292,-0.188
3293,-0.107
3294,0.017
3295,-0.129
3296,-0.129
3297,0.01
3298,-0.098
3299,-0.059
3300,0.005
3301,-0.007
3302,-0.178
3303,-0.12
3304,-0.1
3305,-0.103
3306,-0.176
3307,-0.217
3308,-0.269
3309,-0.11
3310,-0.061
3311,-0.186
3312,-0.166
3313,-0.081
3314,-0.037
3315,-0.137
3316,0.105
3317,0.151
3318,-0.105
3319,-0.042
3320,0.061
3321,-0.061
3322,-0.21
3323,-0.083
3324,-0.059
3325,0.125
3326,-0.166
3327,-0.269
3328,-0.19
3329,-0.144
3330,-0.137
3331,-0.1
3332,-0.051
3333,-0.149
3334,-0.188
3335,-0.195
3336,-0.042
3337,0.029
3338,-0.044
3339,-0.068
3340,-0.063
3341,-0.103
3342,-0.098
3343,0.0
3344,-0.042
3345,-0.076
3346,-0.142
3347,-0.215
3348,-0.134
3349,-0.115
3350,-0.039
3351,-0.061
3352,-0.186
3353,-0.015
3354,0.039
3355,-0.093
3356,-0.051
3357,-0.066
3358,0.027
3359,-0.059
3360,-0.105
3361,-0.132
3362,-0.071
3363,-0.251
3364,0.042
3365,0.127
3366,-0.183
3367,-0.288
3368,-0.017
3369,-0.024
3370,-0.222
3371,-0.068
3372,0.005
3373,-0.081
3374,-0.068
3375,-0.212
3376,-0.129
3377,-0.132
3378,-0.085
3379,-0.125
3380,0.005
3381,-0.195
3382,-0.059
3383,-0.027
3384,-0.134
3385,-0.2
3386,-0.139
3387,-0.171
3388,-0.166
3389,-0.103
3390,-0.11
3391,0.103
3392,0.0
3393,-0.159
3394,0.0
3395,-0.068
3396,-0.225
3397,-0.076
3398,-0.129
3399,-0.093
3400,0.178
3401,-0.029
3402,-0.078
3403,-0.186
3404,-0.212
3405,-0.193
3406,-0.105
3407,-0.032
3408,-0.186
3409,-0.198
3410,-0.146
3411,-0.022
3412,-0.122
3413,-0.205
3414,0.01
3415,-0.059
3416,-0.212
3417,-0.063
3418,-0.144
3419,-0.063
3420,-0.015
3421,-0.159
3422,-0.034
3423,-0.085
3424,-0.173
3425,-0.083
3426,-0.049
3427,-0.171
3428,-0.22
3429,-0.166
3430,-0.054
3431,0.0
3432,-0.129
3433,0.105
3434,0.071
3435,-0.159
3436,0.034
3437,0.115
3438,-0.054
3439,-0.083
3440,-0.076
3441,-0.125
3442,-0.032
3443,-0.171
3444,-0.083
3445,-0.056
3446,-0.098
3447,-0.171
3448,-0.098
3449,-0.164
3450,-0.117
3451,-0.134
3452,-0.166
3453,-0.068
3454,-0.115
3455,-0.156
3456,0.01
3457,-0.149
3458,-0.173
3459,-0.044
3460,-0.068
3461,-0.098
3462,-0.039
3463,-0.181
3464,-0.054
3465,-0.085
3466,-0.112
3467,-0.063
3468,-0.012
3469,-0.151
3470,-0.034
3471,-0.151
3472,-0.076
3473,0.044
3474,-0.117
3475,-0.083
3476,0.022
3477,0.081
3478,-0.103
3479,-0.186
3480,-0.178
3481,-0.022
3482,-0.042
3483,-0.083
3484,-0.083
3485,-0.11
3486,-0.188
3487,-0.266
3488,-0.049
3489,-0.029
3490,-0.046
3491,-0.122
3492,-0.161
3493,-0.159
3494,-0.227
3495,-0.212
3496,-0.059
3497,-0.205
3498,-0.239
3499,0.098
3500,-0.022
3501,-0.225
3502,-0.215
3503,-0.144
3504,-0.044
3505,-0.19
3506,-0.303
3507,-0.005
3508,-0.005
3509,-0.31
3510,-0.117
3511,-0.117
3512,-0.164
3513,0.046
3514,-0.01
3515,-0.129
3516,0.132
3517,-0.071
3518,-0.161
3519,0.132
3520,-0.01
3521,-0.222
3522,-0.073
3523,-0.176
3524,-0.244
3525,-0.188
3526,-0.1
3527,-0.154
3528,-0.061
3529,-0.139
3530,-0.1
3531,-0.134
3532,-0.156
3533,-0.068
3534,0.09
3535,-0.156
3536,-0.181
3537,-0.098
3538,-0.178
3539,0.01
3540,-0.181
3541,-0.144
3542,0.022
3543,-0.173
3544,-0.227
3545,-0.032
3546,-0.151
3547,-0.186
3548,-0.1
3549,-0.037
3550,0.042
3551,-0.146
3552,-0.134
3553,-0.144
3554,0.056
3555,-0.085
3556,-0.039
3557,-0.068
3558,-0.107
3559,0.071
3560,-0.103
3561,-0.046
3562,-0.151
3563,-0.112
3564,-0.093
3565,-0.129
3566,-0.22
3567,-0.229
3568,-0.134
3569,-0.085
3570,-0.042
3571,-0.083
3572,-0.063
3573,-0.115
3574,-0.054
3575,-0.142
3576,-0.049
3577,-0.098
3578,-0.144
3579,-0.081
3580,-0.129
3581,-0.107
3582,-0.217
3583,-0.12
3584,-0.098
3585,-0.166
3586,-0.264
3587,-0.015
3588,-0.02
3589,-0.337
3590,-0.193
3591,0.01
3592,-0.132
3593,-0.19
3594,-0.112
3595,-0.076
3596,-0.105
3597,-0.073
3598,0.034
3599,-0.002
3600,-0.132
3601,-0.066
3602,-0.156
3603,-0.127
3604,-0.073
3605,-0.229
3606,-0.066
3607,-0.022
3608,-0.132
3609,-0.237
3610,-0.117
3611,-0.073
3612,-0.01
3613,-0.181
3614,-0.195
3615,-0.166
3616,-0.029
3617,-0.261
3618,-0.01
3619,-0.01
3620,-0.098
3621,0.073
3622,0.01
3623,-0.183
3624,-0.264
3625,-0.063
3626,-0.117
3627,-0.161
3628,-0.242
3629,-0.093
3630,0.01
3631,-0.083
3632,-0.005
3633,-0.037
3634,-0.078
3635,0.024
3636,0.073
3637,-0.193
3638,-0.071
3639,0.161
3640,-0.042
3641,-0.107
3642,-0.115
3643,-0.046
3644,-0.073
3645,-0.156
3646,-0.139
3647,0.015
3648,-0.098
3649,-0.125
3650,-0.068
3651,-0.081
3652,-0.286
3653,-0.078
3654,-0.005
3655,-0.103
3656,-0.149
3657,-0.212
3658,-0.032
3659,-0.168
3660,-0.183
3661,-0.166
3662,-0.088
3663,-0.09
3664,-0.234
3665,-0.21
3666,-0.186
3667,-0.095
3668,-0.054
3669,-0.083
3670,-0.139
3671,-0.049
3672,0.027
3673,-0.134
3674,-0.068
3675,-0.181
3676,0.037
3677,-0.002
3678,0.005
3679,-0.015
3680,-0.081
3681,-0.042
3682,0.059
3683,-0.166
3684,-0.271
3685,0.024
3686,-0.11
3687,-0.347
3688,-0.042
3689,-0.142
3690,-0.259
3691,-0.032
3692,0.039
3693,-0.195
3694,-0.161
3695,0.002
3696,-0.01
3697,-0.02
3698,-0.195
3699,-0.098
3700,-0.117
3701,-0.176
3702,0.125
3703,-0.103
3704,-0.168
3705,-0.156
3706,0.083
3707,-0.217
3708,-0.081
3709,-0.042
3710,-0.156
3711,0.029
3712,-0.1
3713,-0.046
3714,0.095
3715,-0.063
3716,0.098
3717,-0.059
3718,-0.095
3719,0.046
3720,-0.12
3721,-0.056
3722,0.083
3723,-0.034
3724,-0.227
3725,0.161
3726,-0.32
3727,-0.239
3728,-0.039
3729,-0.044
3730,-0.317
3731,-0.12
3732,-0.068
3733,-0.2
3734,-0.146
3735,-0.09
3736,-0.046
3737,-0.103
3738,-0.193
3739,0.056
3740,-0.076
3741,-0.132
3742,-0.22
3743,-0.042
3744,-0.2
3745,0.042
3746,-0.081
3747,-0.198
3748,-0.244
3749,-0.017
3750,0.044
3751,-0.171
3752,-0.056
3753,-0.203
3754,-0.024
3755,0.029
3756,0.088
3757,-0.176
3758,0.054
3759,-0.054
3760,-0.022
3761,-0.161
3762,-0.1
3763,-0.063
3764,-0.034
3765,-0.022
3766,-0.229
3767,-0.312
3768,-0.129
3769,-0.078
3770,-0.037
3771,-0.154
3772,-0.269
3773,-0.339
3774,-0.154
3775,-0.002
3776,-0.01
3777,-0.41
3778,-0.059
3779,-0.017
3780,0.01
3781,0.029
3782,-0.085
3783,-0.068
3784,-0.129
3785,-0.088
3786,-0.098
3787,0.032
3788,-0.044
3789,-0.039
3790,-0.176
3791,-0.073
3792,-0.103
3793,-0.183
3794,-0.256
3795,0.022
3796,-0.039
3797,-0.278
3798,-0.142
3799,-0.066
3800,0.066
3801,-0.056
3802,-0.083
3803,0.073
3804,-0.093
3805,-0.146
3806,-0.005
3807,-0.002
3808,-0.068
3809,-0.088
3810,-0.127
3811,-0.107
3812,-0.188
3813,-0.073
3814,-0.073
3815,-0.134
3816,-0.09
3817,-0.156
3818,-0.076
3819,-0.198
3820,-0.049
3821,-0.073
3822,-0.117
3823,-0.09
3824,-0.171
3825,-0.01
3826,0.02
3827,-0.22
3828,-0.232
3829,-0.156
3830,-0.061
3831,-0.205
3832,-0.056
3833,-0.017
3834,-0.271
3835,-0.186
3836,0.032
3837,-0.112
3838,-0.059
3839,-0.19
3840,0.107
3841,-0.073
3842,0.032
3843,-0.127
3844,-0.042
3845,-0.046
3846,-0.085
3847,-0.249
3848,-0.085
3849,0.015
3850,-0.271
3851,-0.222
3852,-0.117
3853,-0.095
3854,-0.168
3855,-0.054
3856,-0.088
3857,-0.261
3858,-0.085
3859,-0.19
3860,0.017
3861,-0.149
3862,-0.166
3863,-0.134
3864,0.105
3865,-0.168
3866,-0.22
3867,-0.044
3868,-0.056
3869,-0.159
3870,-0.247
3871,0.037
3872,-0.107
3873,-0.21
3874,-0.09
3875,-0.015
3876,-0.083
3877,0.02
3878,-0.139
3879,0.054
3880,-0.017
3881,-0.146
3882,0.007
3883,0.027
3884,-0.093
3885,-0.142
3886,-0.015
3887,-0.059
3888,-0.105
3889,-0.081
3890,-0.195
3891,-0.093
3892,-0.305
3893,-0.063
3894,-0.081
3895,-0.149
3896,-0.244
3897,-0.107
3898,-0.085
3899,-0.046
3900,-0.12
3901,-0.049
3902,0.107
3903,-0.171
3904,-0.217
3905,-0.142
3906,-0.049
3907,-0.144
3908,-0.117
3909,-0.071
3910,-0.154
3911,-0.173
3912,-0.198
3913,-0.051
3914,-0.161
3915,-0.112
3916,-0.098
3917,-0.095
3918,-0.037
3919,0.083
3920,0.007
3921,-0.078
3922,-0.107
3923,-0.149
3924,-0.061
3925,-0.132
3926,0.017
3927,-0.117
3928,-0.337
3929,-0.251
3930,-0.029
3931,-0.212
3932,-0.21
3933,-0.056
3934,-0.205
3935,-0.076
3936,-0.056
3937,-0.159
3938,-0.083
3939,-0.059
3940,-0.154
3941,-0.088
3942,-0.146
3943,-0.195
3944,-0.007
3945,-0.046
3946,-0.125
3947,-0.122
3948,-0.073
3949,-0.134
3950,-0.095
3951,-0.132
3952,-0.156
3953,-0.085
3954,-0.227
3955,-0.166
3956,-0.037
3957,-0.015
3958,-0.232
3959,-0.044
3960,0.007
3961,-0.078
3962,-0.095
3963,-0.01
3964,0.117
3965,-0.107
3966,-0.117
3967,-0.132
3968,0.01
3969,-0.139
3970,-0.132
3971,-0.017
3972,0.015
3973,-0.139
3974,-0.19
3975,-0.039
3976,-0.107
3977,-0.103
3978,-0.286
3979,-0.027
3980,0.015
3981,-0.042
3982,-0.105
3983,-0.09
3984,-0.02
3985,-0.11
3986,-0.173
3987,-0.054
3988,0.012
3989,-0.234
3990,-0.171
3991,-0.083
3992,-0.125
3993,-0.288
3994,-0.144
3995,-0.056
3996,-0.176
3997,-0.222
3998,-0.083
3999,0.095
4000,-0.208
4001,0.044
4002,0.073
4003,-0.112
4004,-0.122
4005,-0.134
4006,-0.103
4007,-0.01
4008,-0.005
4009,-0.166
4010,-0.117
4011,-0.21
4012,-0.071
4013,-0.151
4014,-0.151
4015,-0.059
4016,-0.042
4017,-0.022
4018,-0.134
4019,0.112
4020,-0.068
4021,-0.115
4022,-0.242
4023,-0.12
4024,-0.161
4025,-0.164
4026,-0.178
4027,-0.129
4028,-0.083
4029,-0.203
4030,-0.171
4031,-0.195
4032,0.02
4033,-0.054
4034,-0.203
4035,-0.161
4036,-0.012
4037,-0.132
4038,-0.176
4039,-0.132
4040,-0.027
4041,0.039
4042,-0.042
4043,0.007
4044,0.044
4045,-0.063
4046,-0.071
4047,0.032
4048,-0.044
4049,-0.046
4050,-0.122
4051,-0.244
4052,-0.022
4053,-0.137
4054,-0.205
4055,-0.1
4056,-0.137
4057,-0.076
4058,-0.122
4059,-0.103
4060,-0.122
4061,-0.142
4062,-0.076
4063,-0.076
4064,-0.168
4065,-0.125
4066,-0.01
4067,0.02
4068,-0.239
4069,-0.195
4070,-0.012
4071,-0.173
4072,-0.112
4073,-0.164
4074,-0.083
4075,-0.007
4076,-0.254
4077,-0.222
4078,-0.122
4079,-0.259
4080,-0.21
4081,0.037
4082,0.083
4083,0.042
4084,-0.085
4085,-0.083
4086,0.049
4087,-0.002
4088,-0.198
4089,-0.081
4090,-0.095
4091,-0.234
4092,-0.203
4093,-0.081
4094,-0.193
4095,-0.156
4096,-0.005
4097,-0.134
4098,-0.178
4099,-0.181
4100,-0.051
4101,-0.046
4102,-0.037
4103,-0.1
4104,-0.076
4105,-0.024
4106,0.034
4107,-0.115
4108,-0.21
4109,-0.095
4110,-0.063
4111,-0.247
4112,-0.2
4113,-0.127
4114,-0.132
4115,-0.137
4116,-0.132
4117,-0.071
4118,-0.02
4119,-0.188
4120,0.044
4121,0.173
4122,-0.112
4123,-0.22
4124,0.095
4125,0.146
4126,-0.093
4127,-0.005
4128,0.159
4129,0.034
4130,-0.215
4131,-0.078
4132,-0.034
4133,-0.234
4134,-0.276
4135,-0.173
4136,-0.134
4137,-0.21
4138,-0.234
4139,-0.12
4140,-0.083
4141,-0.205
4142,-0.203
4143,-0.125
4144,-0.046
4145,-0.054
4146,0.002
4147,0.076
4148,-0.017
4149,-0.176
4150,-0.105
4151,-0.054
4152,-0.166
4153,-0.134
4154,-0.088
4155,-0.066
4156,-0.227
4157,-0.093
4158,-0.066
4159,-0.186
4160,-0.181
4161,-0.132
4162,-0.095
4163,0.0
4164,0.012
4165,-0.032
4166,0.027
4167,-0.122
4168,0.112
4169,0.105
4170,-0.029
4171,-0.088
4172,-0.012
4173,-0.005
4174,-0.098
4175,-0.103
4176,-0.044
4177,-0.103
4178,-0.251
4179,-0.1
4180,-0.31
4181,-0.2
4182,0.046
4183,-0.088
4184,-0.127
4185,-0.09
4186,-0.005
4187,-0.046
4188,-0.137
4189,-0.154
4190,-0.005
4191,-0.159
4192,-0.112
4193,-0.015
4194,-0.071
4195,-0.186
4196,-0.181
4197,-0.085
4198,-0.195
4199,-0.198
4200,-0.034
4201,-0.042
4202,-0.146
4203,-0.161
4204,-0.027
4205,0.0
4206,-0.095
4207,-0.066
4208,-0.105
4209,-0.088
4210,-0.002
4211,-0.002
4212,-0.039
4213,-0.056
4214,-0.127
4215,-0.161
4216,-0.134
4217,-0.083
4218,-0.154
4219,-0.222
4220,-0.173
4221,-0.105
4222,-0.171
4223,-0.11
4224,-0.122
4225,-0.183
4226,-0.098
4227,0.0
4228,-0.105
4229,-0.212
4230,-0.144
4231,-0.044
4232,-0.122
4233,-0.149
4234,-0.166
4235,0.017
4236,-0.122
4237,-0.176
4238,-0.107
4239,-0.01
4240,-0.068
4241,-0.149
4242,-0.09
4243,-0.032
4244,-0.032
4245,0.007
4246,0.042
4247,0.017
4248,-0.042
4249,0.071
4250,-0.012
4251,-0.085
4252,0.061
4253,-0.208
4254,-0.19
4255,-0.063
4256,-0.115
4257,-0.291
4258,-0.085
4259,-0.024
4260,-0.11
4261,-0.234
4262,-0.125
4263,0.034
4264,0.01
4265,-0.115
4266,-0.151
4267,-0.081
4268,-0.117
4269,-0.139
4270,-0.063
4271,-0.127
4272,-0.205
4273,-0.225
4274,-0.068
4275,-0.186
4276,-0.271
4277,-0.19
4278,-0.11
4279,-0.186
4280,-0.259
4281,-0.176
4282,-0.098
4283,-0.122
4284,-0.161
4285,-0.01
4286,-0.144
4287,-0.125
4288,-0.046
4289,0.125
4290,-0.051
4291,0.032
4292,0.093
4293,-0.017
4294,-0.183
4295,-0.244
4296,-0.081
4297,-0.061
4298,-0.134
4299,-0.195
4300,-0.137
4301,-0.125
4302,-0.159
4303,-0.059
4304,-0.063
4305,-0.063
4306,-0.076
4307,0.044
4308,-0.049
4309,-0.159
4310,-0.127
4311,-0.01
4312,-0.227
4313,-0.317
4314,-0.112
4315,-0.183
4316,-0.134
4317,-0.2
4318,-0.127
4319,-0.117
4320,-0.264
4321,-0.244
4322,0.042
4323,-0.139
4324,-0.19
4325,-0.002
4326,-0.012
4327,-0.015
4328,-0.146
4329,-0.073
4330,0.103
4331,0.068
4332,-0.046
4333,0.046
4334,-0.005
4335,-0.139
4336,-0.159
4337,-0.129
4338,-0.176
4339,-0.273
4340,-0.173
4341,-0.186
4342,-0.139
4343,-0.154
4344,-0.015
4345,0.098
4346,-0.098
4347,-0.129
4348,0.0
4349,0.081
4350,-0.078
4351,-0.029
4352,-0.164
4353,-0.061
4354,-0.081
4355,0.005
4356,-0.183
4357,-0.347
4358,-0.254
4359,-0.042
4360,-0.098
4361,-0.227
4362,-0.137
4363,-0.09
4364,-0.144
4365,-0.144
4366,-0.151
4367,-0.044
4368,-0.049
4369,0.059
4370,0.039
4371,-0.059
4372,-0.212
4373,0.134
4374,0.017
4375,-0.044
4376,-0.054
4377,-0.208
4378,-0.171
4379,-0.017
4380,-0.117
4381,-0.247
4382,-0.054
4383,-0.159
4384,-0.112
4385,-0.305
4386,-0.171
4387,-0.071
4388,0.105
4389,-0.017
4390,-0.208
4391,-0.083
4392,-0.134
4393,0.066
4394,-0.046
4395,-0.2
4396,-0.132
4397,0.007
4398,-0.122
4399,-0.327
4400,-0.33
4401,-0.095
4402,0.005
4403,-0.237
4404,-0.142
4405,-0.073
4406,0.0
4407,-0.098
4408,0.017
4409,-0.103
4410,-0.034
4411,-0.046
4412,0.083
4413,0.049
4414,-0.168
4415,0.085
4416,0.024
4417,-0.046
4418,-0.149
4419,-0.127
4420,-0.144
4421,-0.12
4422,-0.11
4423,-0.164
4424,-0.198
4425,-0.288
4426,-0.095
4427,0.056
4428,-0.11
4429,-0.195
4430,-0.049
4431,-0.005
4432,-0.183
4433,-0.159
4434,-0.288
4435,0.015
4436,-0.215
4437,-0.181
4438,-0.095
4439,-0.015
4440,-0.037
4441,-0.007
4442,-0.132
4443,-0.164
4444,-0.186
4445,-0.137
4446,-0.09
4447,-0.146
4448,-0.151
4449,-0.166
4450,-0.112
4451,-0.085
4452,-0.034
4453,-0.103
4454,-0.122
4455,-0.049
4456,-0.137
4457,-0.071
4458,-0.112
4459,-0.012
4460,-0.022
4461,-0.046
4462,-0.33
4463,-0.286
4464,0.059
4465,-0.027
4466,-0.129
4467,-0.195
4468,0.002
4469,-0.139
4470,0.054
4471,0.022
4472,-0.02
4473,0.012
4474,-0.09
4475,0.112
4476,-0.125
4477,-0.227
4478,-0.217
4479,-0.107
4480,-0.154
4481,-0.081
4482,-0.349
4483,-0.051
4484,0.142
4485,-0.286
4486,-0.098
4487,0.039
4488,0.168
4489,-0.356
4490,0.095
4491,-0.12
4492,-0.1
4493,-0.251
4494,0.051
4495,-0.044
4496,-0.11
4497,-0.254
4498,0.037
4499,-0.115
4500,-0.195
4501,0.154
4502,0.098
4503,-0.254
4504,-0.181
4505,-0.093
4506,-0.01
4507,-0.188
4508,-0.088
4509,-0.159
4510,0.044
4511,-0.063
4512,-0.034
4513,-0.071
4514,-0.024
4515,0.005
4516,-0.122
4517,-0.015
4518,-0.022
4519,-0.098
4520,-0.264
4521,0.022
4522,-0.161
4523,-0.071
4524,-0.083
4525,-0.112
4526,-0.081
4527,-0.044
4528,-0.073
4529,-0.103
4530,-0.088
4531,-0.149
4532,0.11
4533,-0.22
4534,-0.066
4535,0.125
4536,-0.154
4537,-0.339
4538,-0.024
4539,-0.002
4540,-0.081
4541,-0.059
4542,-0.125
4543,0.022
4544,-0.273
4545,-0.168
4546,-0.022
4547,-0.129
4548,-0.171
4549,-0.007
4550,-0.178
4551,-0.212
4552,-0.134
4553,-0.154
4554,0.007
4555,-0.164
4556,0.042
4557,0.005
4558,-0.164
4559,-0.176
4560,-0.024
4561,-0.178
4562,-0.22
4563,0.073
4564,-0.149
4565,-0.017
4566,-0.205
4567,-0.049
4568,0.01
4569,-0.01
4570,-0.208
4571,0.059
4572,-0.142
4573,-0.044
4574,0.081
4575,-0.186
4576,-0.105
4577,-0.039
4578,-0.066
4579,0.042
4580,-0.178
4581,-0.039
4582,-0.232
4583,-0.049
4584,0.005
4585,0.012
4586,-0.266
4587,-0.063
4588,-0.056
4589,-0.085
4590,-0.156
4591,-0.305
4592,-0.144
4593,-0.068
4594,-0.051
4595,-0.3
4596,-0.032
4597,-0.195
4598,-0.205
4599,-0.112
4600,-0.046
4601,-0.085
4602,-0.225
4603,-0.076
4604,-0.107
4605,-0.11
4606,-0.168
4607,0.042
4608,-0.005
4609,-0.073
4610,-0.046
4611,-0.132
4612,-0.061
4613,-0.09
4614,-0.117
4615,-0.093
4616,0.081
4617,-0.168
4618,0.032
4619,-0.09
4620,-0.029
4621,0.029
4622,-0.037
4623,-0.21
4624,-0.12
4625,-0.029
4626,-0.186
4627,-0.022
4628,0.125
4629,-0.081
4630,-0.144
4631,0.02
4632,0.005
4633,-0.134
4634,-0.063
4635,-0.137
4636,-0.154
4637,-0.188
4638,-0.081
4639,-0.176
4640,-0.232
4641,-0.186
4642,-0.007
4643,-0.173
4644,-0.286
4645,-0.059
4646,-0.024
4647,-0.173
4648,-0.212
4649,0.149
4650,-0.164
4651,-0.176
4652,0.044
4653,0.037
4654,-0.361
4655,-0.081
4656,0.137
4657,-0.156
4658,0.098
4659,-0.142
4660,-0.154
4661,-0.139
4662,-0.354
4663,-0.164
4664,0.076
4665,-0.173
4666,-0.007
4667,-0.039
4668,-0.349
4669,-0.005
4670,-0.034
4671,-0.295
4672,-0.002
4673,-0.012
4674,-0.071
4675,-0.071
4676,-0.007
4677,-0.11
4678,-0.156
4679,-0.291
4680,-0.212
4681,-0.076
4682,-0.149
4683,-0.186
4684,0.037
4685,-0.156
4686,-0.046
4687,-0.271
4688,-0.068
4689,0.242
4690,-0.173
4691,-0.366
4692,0.112
4693,-0.215
4694,-0.239
4695,0.066
4696,-0.095
4697,-0.103
4698,-0.11
4699,-0.242
4700,-0.02
4701,-0.249
4702,-0.115
4703,-0.044
4704,-0.142
4705,-0.325
4706,-0.212
4707,-0.137
4708,-0.107
4709,0.007
4710,-0.139
4711,-0.078
4712,-0.115
4713,-0.059
4714,-0.146
4715,-0.061
4716,-0.161
4717,-0.059
4718,-0.01
4719,-0.288
4720,-0.103
4721,-0.212
4722,-0.125
4723,-0.01
4724,-0.112
4725,-0.325
4726,-0.088
4727,-0.093
4728,-0.095
4729,0.449
4730,-0.208
4731,-0.144
4732,0.012
4733,0.195
4734,-0.386
4735,-0.066
4736,-0.059
4737,-0.1
4738,0.112
4739,-0.161
4740,-0.166
4741,-0.139
4742,-0.308
4743,-0.105
4744,0.073
4745,-0.588
4746,-0.12
4747,0.051
4748,-0.227
4749,0.0
4750,-0.044
4751,-0.281
4752,0.002
4753,-0.01
4754,-0.32
4755,0.0
4756,0.183
4757,-0.098
4758,-0.066
4759,-0.09
4760,-0.178
4761,-0.078
4762,-0.164
4763,-0.161
4764,0.042
4765,-0.132
4766,-0.183
4767,-0.027
4768,-0.215
4769,-0.142
4770,-0.125
4771,-0.005
4772,0.159
4773,0.017
4774,-0.41
4775,0.264
4776,0.083
4777,-0.334
4778,-0.107
4779,0.127
4780,-0.3
4781,-0.166
4782,-0.146
4783,-0.222
4784,-0.164
4785,-0.095
4786,0.054
4787,-0.105
4788,-0.215
4789,-0.234
4790,0.066
4791,-0.122
4792,-0.083
4793,-0.01
4794,-0.19
4795,0.015
4796,0.088
4797,-0.112
4798,-0.195
4799,0.068
4800,-0.171
4801,-0.203
4802,-0.149
4803,-0.132
4804,-0.132
4805,-0.264
4806,-0.171
4807,-0.007
4808,-0.139
4809,-0.144
4810,0.049
4811,-0.12
4812,-0.161
4813,-0.024
4814,-0.034
4815,-0.176
4816,-0.056
4817,-0.066
4818,-0.12
4819,-0.095
4820,-0.105
4821,-0.032
4822,-0.19
4823,-0.164
4824,0.012
4825,-0.247
4826,-0.205
4827,-0.024
4828,0.012
4829,-0.173
4830,0.005
4831,-0.029
4832,-0.088
4833,0.015
4834,0.015
4835,-0.181
4836,-0.088
4837,0.066
4838,-0.261
4839,-0.115
4840,-0.122
4841,-0.149
4842,-0.193
4843,-0.12
4844,-0.21
4845,-0.115
4846,-0.1
4847,-0.142
4848,-0.129
4849,-0.288
4850,-0.112
4851,0.093
4852,0.034
4853,-0.151
4854,0.039
4855,-0.012
4856,-0.139
4857,-0.066
4858,-0.066
4859,-0.127
4860,-0.171
4861,-0.049
4862,0.015
4863,-0.046
4864,-0.173
4865,-0.107
4866,-0.007
4867,-0.183
4868,-0.071
4869,-0.166
4870,-0.1
4871,-0.093
4872,0.002
4873,-0.11
4874,-0.044
4875,-0.032
4876,-0.076
4877,-0.078
4878,-0.173
4879,-0.046
4880,-0.063
4881,-0.083
4882,-0.31
4883,-0.178
4884,-0.105
4885,-0.21
4886,-0.056
4887,-0.115
4888,-0.159
4889,-0.269
4890,-0.093
4891,-0.054
4892,-0.078
4893,-0.134
4894,0.037
4895,-0.081
4896,-0.112
4897,-0.037
4898,-0.032
4899,-0.063
4900,-0.039
4901,-0.042
4902,-0.142
4903,-0.056
4904,-0.137
4905,-0.117
4906,-0.095
4907,-0.144
4908,-0.166
4909,-0.244
4910,0.017
4911,-0.149
4912,-0.186
4913,-0.105
4914,-0.002
4915,-0.002
4916,-0.027
4917,-0.068
4918,-0.022
4919,0.063
4920,-0.137
4921,-0.115
4922,-0.144
4923,-0.154
4924,-0.107
4925,-0.093
4926,-0.188
4927,-0.127
4928,0.007
4929,0.0
4930,-0.103
4931,-0.105
4932,0.032
4933,-0.066
4934,0.027
4935,-0.007
4936,-0.017
4937,-0.037
4938,0.039
4939,-0.044
4940,-0.122
4941,-0.049
4942,-0.107
4943,-0.098
4944,-0.098
4945,-0.122
4946,-0.098
4947,-0.122
4948,-0.098
4949,-0.088
4950,-0.278
4951,-0.115
4952,0.051
4953,-0.171
4954,-0.044
4955,0.051
4956,-0.181
4957,-0.151
4958,-0.105
4959,-0.063
4960,-0.227
4961,-0.271
4962,-0.134
4963,0.054
4964,-0.303
4965,-0.193
4966,-0.105
4967,-0.176
4968,-0.208
4969,0.029
4970,-0.12
4971,-0.154
4972,-0.049
4973,-0.042
4974,0.012
4975,0.01
4976,-0.098
4977,-0.073
4978,0.0
4979,0.01
4980,-0.012
4981,-0.09
4982,-0.21
4983,-0.005
4984,0.056
4985,0.015
4986,-0.129
4987,-0.044
4988,-0.051
4989,-0.024
4990,-0.159
4991,-0.071
4992,-0.02
4993,-0.039
4994,-0.037
4995,0.029
4996,-0.044
4997,-0.225
4998,-0.129
4999,-0.125
5000,-0.229
5001,-0.103
5002,-0.12
5003,-0.232
5004,-0.293
5005,-0.129
5006,-0.083
5007,-0.083
5008,-0.208
5009,-0.039
5010,-0.095
5011,-0.098
5012,-0.178
5013,-0.032
5014,0.134
5015,0.024
5016,-0.017
5017,-0.002
5018,-0.103
5019,0.032
5020,0.02
5021,0.022
5022,-0.21
5023,0.012
5024,-0.171
5025,-0.21
5026,-0.386
5027,-0.237
5028,-0.12
5029,0.103
5030,-0.342
5031,-0.225
5032,-0.117
5033,0.112
5034,-0.168
5035,-0.322
5036,0.044
5037,-0.105
5038,-0.151
5039,-0.027
5040,-0.046
5041,-0.166
5042,0.125
5043,-0.115
5044,-0.054
5045,-0.088
5046,0.024
5047,-0.129
5048,0.088
5049,0.051
5050,-0.19
5051,-0.227
5052,0.083
5053,-0.032
5054,-0.159
5055,-0.073
5056,-0.117
5057,-0.2
5058,0.083
5059,-0.081
5060,-0.054
5061,-0.098
5062,-0.129
5063,-0.088
5064,-0.09
5065,-0.183
5066,-0.21
5067,0.137
5068,0.039
5069,-0.203
5070,-0.156
5071,-0.198
5072,-0.076
5073,0.127
5074,-0.088
5075,-0.21
5076,0.017
5077,-0.039
5078,-0.037
5079,-0.208
5080,-0.2
5081,-0.083
5082,-0.059
5083,-0.122
5084,-0.125
5085,-0.288
5086,-0.166
5087,-0.12
5088,-0.139
5089,-0.129
5090,-0.073
5091,-0.1
5092,-0.002
5093,0.007
5094,-0.144
5095,-0.034
5096,-0.024
5097,-0.068
5098,-0.024
5099,-0.046
5100,0.115
5101,0.046
5102,-0.249
5103,-0.215
5104,0.271
5105,0.234
5106,-0.198
5107,-0.19
5108,-0.137
5109,-0.139
5110,-0.31
5111,0.061
5112,-0.134
5113,-0.217
5114,0.11
5115,0.02
5116,-0.283
5117,-0.132
5118,0.063
5119,-0.173
5120,-0.146
5121,-0.164
5122,-0.342
5123,-0.195
5124,-0.142
5125,-0.232
5126,-0.251
5127,-0.229
5128,-0.059
5129,-0.063
5130,-0.317
5131,-0.112
5132,-0.01
5133,-0.242
5134,0.032
5135,0.098
5136,-0.107
5137,-0.176
5138,-0.132
5139,0.103
5140,-0.051
5141,-0.098
5142,-0.01
5143,0.032
5144,-0.229
5145,-0.127
5146,0.012
5147,0.02
5148,-0.127
5149,-0.117
5150,-0.081
5151,-0.156
5152,-0.178
5153,-0.061
5154,-0.017
5155,-0.198
5156,-0.188
5157,0.066
5158,-0.037
5159,-0.051
5160,-0.2
5161,-0.173
5162,-0.042
5163,-0.061
5164,-0.22
5165,-0.046
5166,-0.156
5167,-0.151
5168,-0.129
5169,-0.295
5170,-0.129
5171,-0.183
5172,-0.181
5173,-0.076
5174,-0.11
5175,-0.269
5176,-0.054
5177,-0.015
5178,-0.049
5179,-0.095
5180,0.012
5181,0.015
5182,-0.166
5183,-0.11
5184,-0.088
5185,-0.09
5186,-0.132
5187,-0.054
5188,-0.171
5189,-0.208
5190,-0.054
5191,-0.264
5192,-0.122
5193,-0.166
5194,-0.295
5195,-0.117
5196,0.144
5197,-0.054
5198,-0.159
5199,-0.173
5200,-0.112
5201,-0.044
5202,-0.044
5203,-0.046
5204,0.027
5205,0.063
5206,-0.19
5207,-0.234
5208,-0.249
5209,-0.068
5210,-0.066
5211,-0.205
5212,-0.139
5213,-0.154
5214,-0.19
5215,-0.056
5216,-0.034
5217,-0.178
5218,-0.012
5219,-0.103
5220,-0.059
5221,-0.083
5222,-0.032
5223,-0.032
5224,-0.127
5225,0.059
5226,-0.164
5227,-0.171
5228,-0.093
5229,-0.137
5230,-0.203
5231,-0.071
5232,-0.115
5233,-0.264
5234,-0.085
5235,-0.178
5236,-0.234
5237,-0.222
5238,-0.071
5239,-0.242
5240,-0.11
5241,-0.061
5242,-0.081
5243,-0.122
5244,-0.068
5245,-0.049
5246,-0.149
5247,-0.078
5248,-0.117
5249,-0.01
5250,-0.093
5251,-0.076
5252,-0.09
5253,-0.044
5254,-0.103
5255,-0.22
5256,-0.115
5257,-0.002
5258,-0.005
5259,-0.127
5260,-0.068
5261,-0.073
5262,-0.002
5263,-0.103
5264,-0.127
5265,-0.095
5266,-0.122
5267,-0.159
5268,-0.146
5269,-0.037
5270,-0.117
5271,-0.12
5272,-0.037
5273,-0.137
5274,-0.188
5275,-0.195
5276,0.081
5277,-0.098
5278,-0.122
5279,-0.22
5280,-0.112
5281,-0.015
5282,-0.081
5283,-0.215
5284,-0.061
5285,-0.027
5286,-0.103
5287,-0.144
5288,-0.093
5289,-0.024
5290,-0.234
5291,-0.039
5292,-0.042
5293,-0.166
5294,-0.254
5295,0.024
5296,-0.068
5297,-0.098
5298,-0.176
5299,-0.085
5300,0.046
5301,-0.239
5302,-0.127
5303,0.027
5304,-0.049
5305,-0.173
5306,-0.027
5307,-0.024
5308,-0.078
5309,-0.112
5310,-0.112
5311,-0.059
5312,-0.105
5313,-0.122
5314,-0.208
5315,-0.105
5316,-0.203
5317,-0.186
5318,-0.142
5319,-0.198
5320,-0.095
5321,-0.142
5322,-0.149
5323,-0.039
5324,-0.034
5325,-0.078
5326,-0.112
5327,-0.085
5328,-0.107
5329,-0.107
5330,-0.122
5331,-0.088
5332,-0.134
5333,-0.142
5334,-0.164
5335,-0.098
5336,-0.063
5337,-0.127
5338,-0.129
5339,-0.098
5340,-0.034
5341,-0.151
5342,-0.073
5343,0.002
5344,-0.071
5345,-0.073
5346,-0.093
5347,-0.02
5348,0.002
5349,0.007
5350,-0.032
5351,0.017
5352,-0.002
5353,-0.056
5354,-0.066
5355,-0.056
5356,-0.112
5357,-0.178
5358,-0.117
5359,0.02
5360,-0.132
5361,-0.046
5362,0.0
5363,-0.098
5364,-0.183
5365,-0.171
5366,-0.046
5367,0.007
5368,-0.112
5369,-0.117
5370,-0.09
5371,-0.193
5372,-0.217
5373,0.046
5374,-0.068
5375,-0.166
5376,-0.083
5377,-0.044
5378,-0.183
5379,-0.095
5380,0.029
5381,-0.054
5382,-0.073
5383,-0.142
5384,-0.044
5385,-0.142
5386,-0.129
5387,0.105
5388,-0.029
5389,-0.076
5390,0.1
5391,-0.039
5392,-0.205
5393,-0.103
5394,-0.125
5395,-0.1
5396,-0.144
5397,-0.117
5398,0.005
5399,0.017
5400,-0.212
5401,-0.088
5402,0.015
5403,-0.024
5404,-0.11
5405,-0.232
5406,-0.2
5407,-0.244
5408,-0.015
5409,-0.002
5410,-0.115
5411,-0.166
5412,-0.149
5413,-0.183
5414,-0.12
5415,0.039
5416,-0.088
5417,-0.125
5418,-0.068
5419,0.024
5420,-0.1
5421,0.007
5422,0.034
5423,-0.076
5424,-0.137
5425,-0.093
5426,-0.01
5427,-0.02
5428,0.007
5429,-0.071
5430,-0.076
5431,-0.193
5432,-0.11
5433,-0.034
5434,-0.127
5435,-0.286
5436,-0.105
5437,-0.039
5438,-0.266
5439,-0.078
5440,-0.061
5441,-0.037
5442,-0.144
5443,-0.142
5444,-0.051
5445,-0.076
5446,-0.247
5447,-0.132
5448,0.022
5449,-0.222
5450,-0.139
5451,-0.205
5452,-0.134
5453,-0.195
5454,-0.164
5455,-0.144
5456,-0.11
5457,-0.222
5458,-0.227
5459,-0.056
5460,0.024
5461,-0.12
5462,-0.291
5463,-0.061
5464,0.159
5465,0.017
5466,-0.09
5467,0.02
5468,0.022
5469,-0.232
5470,-0.022
5471,0.076
5472,-0.085
5473,-0.347
5474,-0.181
5475,0.02
5476,-0.005
5477,-0.156
5478,-0.132
5479,-0.024
5480,-0.156
5481,-0.208
5482,-0.203
5483,0.02
5484,-0.005
5485,-0.164
5486,-0.168
5487,-0.078
5488,-0.005
5489,-0.19
5490,-0.127
5491,-0.081
5492,-0.039
5493,-0.254
5494,-0.098
5495,0.068
5496,-0.115
5497,-0.3
5498,-0.127
5499,0.098
5500,-0.09
5501,-0.017
5502,-0.076
5503,-0.034
5504,-0.095
5505,-0.085
5506,-0.059
5507,-0.042
5508,-0.083
5509,-0.061
5510,-0.051
5511,-0.186
5512,-0.095
5513,-0.071
5514,0.0
5515,-0.208
5516,-0.073
5517,-0.103
5518,-0.159
5519,-0.083
5520,-0.117
5521,-0.105
5522,-0.171
5523,-0.103
5524,-0.266
5525,-0.134
5526,-0.181
5527,-0.139
5528,-0.181
5529,-0.107
5530,-0.042
5531,-0.115
5532,-0.032
5533,-0.029
5534,-0.186
5535,-0.278
5536,0.007
5537,-0.183
5538,-0.168
5539,-0.044
5540,-0.059
5541,-0.151
5542,-0.142
5543,0.005
5544,-0.017
5545,0.049
5546,-0.159
5547,-0.105
5548,0.022
5549,-0.098
5550,-0.176
5551,-0.046
5552,-0.156
5553,-0.105
5554,-0.129
5555,-0.2
5556,0.046
5557,-0.146
5558,-0.12
5559,-0.034
5560,-0.12
5561,-0.19
5562,-0.232
5563,0.007
5564,-0.061
5565,-0.078
5566,-0.095
5567,-0.186
5568,-0.095
5569,-0.029
5570,-0.186
5571,-0.212
5572,-0.078
5573,-0.029
5574,-0.137
5575,-0.212
5576,-0.181
5577,-0.237
5578,-0.125
5579,-0.127
5580,-0.173
5581,-0.107
5582,0.017
5583,-0.078
5584,-0.1
5585,-0.007
5586,-0.056
5587,-0.085
5588,-0.117
5589,-0.073
5590,-0.007
5591,0.068
5592,-0.11
5593,-0.066
5594,-0.164
5595,-0.073
5596,-0.046
5597,-0.09
5598,-0.046
5599,-0.193
5600,-0.254
5601,-0.095
5602,-0.01
5603,-0.044
5604,-0.188
5605,-0.237
5606,-0.139
5607,-0.081
5608,-0.212
5609,-0.039
5610,-0.032
5611,-0.024
5612,-0.19
5613,-0.122
5614,-0.156
5615,-0.149
5616,-0.039
5617,-0.066
5618,-0.159
5619,-0.19
5620,-0.044
5621,-0.042
5622,-0.063
5623,-0.066
5624,-0.029
5625,-0.034
5626,-0.02
5627,-0.085
5628,-0.117
5629,-0.044
5630,0.017
5631,0.032
5632,-0.198
5633,-0.149
5634,-0.073
5635,-0.103
5636,-0.164
5637,-0.076
5638,-0.132
5639,-0.164
5640,0.007
5641,-0.2
5642,-0.007
5643,-0.071
5644,-0.122
5645,-0.107
5646,-0.039
5647,-0.061
5648,-0.095
5649,-0.049
5650,-0.127
5651,-0.044
5652,-0.078
5653,-0.183
5654,-0.171
5655,-0.029
5656,-0.212
5657,-0.164
5658,-0.088
5659,-0.029
5660,-0.034
5661,-0.193
5662,-0.012
5663,-0.078
5664,0.039
5665,-0.066
5666,-0.037
5667,-0.12
5668,-0.056
5669,-0.049
5670,0.0
5671,0.027
5672,-0.081
5673,-0.005
5674,-0.037
5675,-0.107
5676,-0.146
5677,-0.017
5678,-0.02
5679,-0.115
5680,-0.081
5681,-0.078
5682,-0.037
5683,-0.098
5684,-0.056
5685,-0.01
5686,-0.032
5687,-0.12
5688,-0.037
5689,-0.02
5690,-0.183
5691,-0.129
5692,-0.027
5693,0.007
5694,-0.22
5695,-0.112
5696,-0.2
5697,-0.159
5698,-0.178
5699,-0.183
5700,-0.032
5701,-0.061
5702,-0.103
5703,-0.159
5704,0.051
5705,-0.085
5706,0.098
5707,-0.027
5708,-0.024
5709,-0.037
5710,-0.078
5711,0.154
5712,-0.093
5713,-0.21
5714,-0.149
5715,-0.122
5716,-0.166
5717,0.032
5718,-0.088
5719,-0.217
5720,-0.142
5721,0.002
5722,-0.02
5723,-0.154
5724,0.0
5725,0.042
5726,-0.046
5727,-0.229
5728,0.088
5729,-0.107
5730,-0.061
5731,-0.02
5732,-0.137
5733,-0.232
5734,-0.286
5735,-0.127
5736,-0.188
5737,-0.022
5738,-0.156
5739,-0.024
5740,-0.037
5741,-0.127
5742,-0.237
5743,-0.054
5744,0.071
5745,-0.066
5746,0.093
5747,-0.032
5748,0.005
5749,-0.012
5750,0.054
5751,-0.071
5752,-0.049
5753,-0.115
5754,-0.144
5755,-0.112
5756,-0.173
5757,-0.127
5758,-0.122
5759,-0.071
5760,-0.129
5761,-0.2
5762,0.002
5763,-0.029
5764,-0.173
5765,-0.178
5766,0.068
5767,-0.081
5768,-0.156
5769,-0.063
5770,0.22
5771,-0.134
5772,-0.203
5773,-0.01
5774,-0.027
5775,-0.278
5776,-0.132
5777,-0.037
5778,-0.146
5779,-0.063
5780,-0.029
5781,0.039
5782,-0.051
5783,-0.01
5784,-0.02
5785,-0.183
5786,0.012
5787,0.105
5788,-0.017
5789,-0.239
5790,0.073
5791,-0.127
5792,-0.127
5793,-0.146
5794,0.051
5795,-0.039
5796,-0.125
5797,-0.237
5798,-0.21
5799,-0.085
5800,-0.21
5801,-0.049
5802,-0.181
5803,-0.186
5804,-0.095
5805,-0.137
5806,0.076
5807,0.164
5808,-0.1
5809,-0.159
5810,0.105
5811,-0.105
5812,-0.144
5813,-0.066
5814,0.063
5815,-0.251
5816,-0.247
5817,-0.007
5818,-0.159
5819,-0.107
5820,-0.049
5821,0.085
5822,-0.276
5823,-0.215
5824,-0.024
5825,0.044
5826,-0.161
5827,-0.071
5828,0.066
5829,-0.054
5830,-0.291
5831,-0.059
5832,0.039
5833,-0.32
5834,-0.178
5835,0.066
5836,-0.186
5837,-0.244
5838,0.015
5839,-0.022
5840,-0.195
5841,-0.173
5842,-0.183
5843,-0.02
5844,-0.1
5845,-0.02
5846,0.042
5847,-0.134
5848,-0.403
5849,-0.007
5850,0.081
5851,-0.073
5852,-0.071
5853,-0.19
5854,-0.198
5855,-0.154
5856,-0.049
5857,-0.305
5858,-0.115
5859,-0.208
5860,-0.071
5861,-0.212
5862,-0.234
5863,-0.059
5864,0.071
5865,0.034
5866,-0.19
5867,-0.159
5868,-0.056
5869,-0.002
5870,-0.01
5871,-0.029
5872,-0.083
5873,-0.164
5874,0.076
5875,-0.032
5876,-0.142
5877,-0.217
5878,-0.132
5879,-0.288
5880,-0.098
5881,-0.212
5882,-0.107
5883,-0.024
5884,-0.142
5885,-0.132
5886,-0.125
5887,0.088
5888,0.005
5889,-0.059
5890,-0.049
5891,0.066
5892,-0.049
5893,-0.103
5894,-0.046
5895,-0.071
5896,-0.142
5897,-0.125
5898,0.105
5899,-0.137
5900,-0.259
5901,-0.142
5902,-0.061
5903,-0.171
5904,-0.249
5905,-0.054
5906,0.002
5907,-0.088
5908,-0.166
5909,-0.061
5910,0.024
5911,0.059
5912,-0.056
5913,0.007
5914,-0.015
5915,-0.193
5916,-0.137
5917,0.027
5918,0.061
5919,-0.151
5920,-0.173
5921,-0.251
5922,-0.146
5923,-0.186
5924,-0.222
5925,-0.034
5926,-0.208
5927,-0.286
5928,-0.071
5929,0.0
5930,-0.078
5931,-0.061
5932,-0.054
5933,0.083
5934,-0.022
5935,-0.093
5936,-0.193
5937,-0.137
5938,-0.181
5939,-0.208
5940,-0.027
5941,-0.188
5942,-0.132
5943,-0.156
5944,-0.186
5945,-0.176
5946,-0.068
5947,-0.044
5948,-0.017
5949,0.078
5950,-0.1
5951,0.017
5952,0.002
5953,-0.024
5954,0.0
5955,-0.078
5956,-0.117
5957,-0.039
5958,-0.054
5959,-0.269
5960,-0.073
5961,-0.149
5962,-0.061
5963,-0.085
5964,-0.11
5965,-0.134
5966,-0.022
5967,-0.156
5968,-0.01
5969,0.007
5970,-0.161
5971,-0.168
5972,-0.054
5973,-0.027
5974,-0.22
5975,-0.127
5976,-0.281
5977,-0.044
5978,-0.178
5979,-0.234
5980,-0.042
5981,-0.066
5982,-0.183
5983,-0.315
5984,-0.078
5985,-0.137
5986,-0.181
5987,-0.164
5988,0.042
5989,0.017
5990,-0.142
5991,0.005
5992,0.142
5993,0.022
5994,-0.137
5995,0.0
5996,0.098
5997,-0.107
5998,-0.317
5999,-0.195
6000,-0.107
6001,-0.149
6002,-0.149
6003,-0.054
6004,-0.078
6005,-0.229
6006,-0.137
6007,-0.115
6008,-0.073
6009,-0.066
6010,-0.195
6011,-0.115
6012,-0.071
6013,-0.081
6014,-0.115
6015,-0.078
6016,-0.078
6017,-0.181
6018,-0.256
6019,-0.095
6020,-0.02
6021,-0.103
6022,-0.112
6023,-0.017
6024,-0.063
6025,-0.244
6026,-0.151
6027,-0.059
6028,-0.051
6029,-0.017
6030,0.083
6031,0.095
6032,-0.088
6033,-0.098
6034,-0.027
6035,-0.159
6036,-0.107
6037,-0.039
6038,-0.01
6039,-0.103
6040,-0.303
6041,-0.144
6042,-0.139
6043,-0.183
6044,-0.103
6045,-0.186
6046,-0.237
6047,-0.103
6048,-0.125
6049,-0.134
6050,-0.039
6051,-0.034
6052,0.01
6053,0.056
6054,-0.054
6055,-0.171
6056,-0.068
6057,-0.037
6058,-0.156
6059,-0.186
6060,-0.09
6061,-0.078
6062,-0.205
6063,-0.063
6064,-0.071
6065,-0.054
6066,0.02
6067,-0.063
6068,-0.098
6069,-0.063
6070,0.007
6071,-0.049
6072,-0.078
6073,-0.039
6074,-0.056
6075,0.007
6076,-0.1
6077,-0.266
6078,-0.208
6079,-0.032
6080,-0.166
6081,-0.012
6082,-0.022
6083,-0.146
6084,-0.134
6085,-0.168
6086,-0.159
6087,-0.229
6088,-0.12
6089,-0.059
6090,-0.029
6091,-0.2
6092,-0.032
6093,-0.125
6094,-0.059
6095,-0.044
6096,-0.049
6097,-0.063
6098,-0.085
6099,-0.122
6100,-0.242
6101,-0.171
6102,-0.183
6103,-0.105
6104,-0.054
6105,-0.09
6106,-0.186
6107,0.01
6108,0.132
6109,-0.022
6110,-0.046
6111,0.002
6112,-0.11
6113,-0.081
6114,0.02
6115,-0.098
6116,-0.073
6117,-0.132
6118,-0.12
6119,0.088
6120,0.085
6121,-0.044
6122,-0.164
6123,-0.027
6124,-0.2
6125,-0.254
6126,-0.034
6127,-0.061
6128,-0.125
6129,-0.247
6130,-0.122
6131,-0.083
6132,-0.1
6133,-0.151
6134,0.022
6135,0.142
6136,-0.186
6137,-0.098
6138,-0.027
6139,-0.132
6140,-0.305
6141,-0.22
6142,-0.115
6143,-0.1
6144,-0.283
6145,-0.076
6146,0.044
6147,-0.078
6148,-0.215
6149,0.02
6150,0.01
6151,0.134
6152,-0.017
6153,-0.103
6154,0.049
6155,-0.034
6156,0.049
6157,-0.034
6158,-0.159
6159,-0.125
6160,-0.007
6161,-0.046
6162,-0.176
6163,-0.1
6164,-0.193
6165,-0.129
6166,-0.115
6167,-0.171
6168,-0.222
6169,0.032
6170,-0.059
6171,-0.051
6172,-0.073
6173,-0.046
6174,-0.11
6175,-0.146
6176,-0.156
6177,-0.215
6178,-0.085
6179,-0.051
6180,-0.122
6181,-0.217
6182,-0.269
6183,-0.107
6184,-0.229
6185,-0.088
6186,-0.081
6187,0.029
6188,-0.154
6189,-0.146
6190,-0.039
6191,-0.005
6192,0.051
6193,-0.076
6194,-0.059
6195,-0.066
6196,0.02
6197,-0.034
6198,-0.107
6199,-0.164
6200,-0.068
6201,-0.085
6202,-0.095
6203,-0.005
6204,-0.183
6205,-0.146
6206,-0.076
6207,-0.103
6208,-0.198
6209,-0.139
6210,-0.203
6211,-0.083
6212,-0.022
6213,-0.122
6214,-0.239
6215,-0.227
6216,-0.122
6217,-0.049
6218,0.076
6219,-0.195
6220,-0.056
6221,-0.239
6222,-0.183
6223,-0.073
6224,-0.198
6225,-0.168
6226,-0.21
6227,-0.142
6228,0.012
6229,0.005
6230,-0.176
6231,0.037
6232,-0.068
6233,-0.049
6234,0.039
6235,0.044
6236,-0.007
6237,-0.005
6238,-0.146
6239,-0.081
6240,0.029
6241,-0.195
6242,-0.039
6243,0.015
6244,-0.256
6245,-0.2
6246,-0.071
6247,-0.183
6248,-0.056
6249,-0.02
6250,-0.156
6251,-0.105
6252,-0.017
6253,-0.156
6254,-0.193
6255,-0.134
6256,-0.061
6257,-0.037
6258,-0.122
6259,-0.283
6260,0.173
6261,-0.271
6262,-0.112
6263,0.015
6264,-0.137
6265,-0.208
6266,0.039
6267,-0.271
6268,-0.137
6269,0.046
6270,-0.11
6271,0.032
6272,-0.002
6273,-0.09
6274,0.015
6275,0.046
6276,-0.144
6277,-0.056
6278,0.007
6279,-0.193
6280,0.12
6281,-0.051
6282,-0.142
6283,-0.146
6284,-0.168
6285,-0.317
6286,-0.051
6287,-0.273
6288,-0.186
6289,-0.146
6290,-0.149
6291,-0.056
6292,-0.007
6293,-0.051
6294,0.029
6295,0.012
6296,-0.166
6297,-0.173
6298,-0.007
6299,-0.283
6300,-0.063
6301,-0.11
6302,-0.19
6303,-0.227
6304,-0.144
6305,-0.237
6306,0.007
6307,-0.107
6308,-0.137
6309,0.01
6310,-0.125
6311,-0.073
6312,0.017
6313,0.027
6314,0.007
6315,-0.029
6316,-0.078
6317,-0.024
6318,0.002
6319,-0.178
6320,0.02
6321,0.068
6322,-0.042
6323,-0.159
6324,-0.098
6325,-0.176
6326,-0.002
6327,-0.107
6328,-0.259
6329,-0.024
6330,0.022
6331,-0.103
6332,-0.061
6333,-0.168
6334,-0.127
6335,-0.088
6336,-0.186
6337,-0.103
6338,-0.212
6339,-0.161
6340,-0.142
6341,-0.051
6342,-0.173
6343,-0.178
6344,-0.083
6345,-0.215
6346,-0.254
6347,-0.256
6348,-0.022
6349,0.088
6350,-0.117
6351,-0.247
6352,-0.103
6353,-0.042
6354,-0.125
6355,0.112
6356,-0.037
6357,-0.042
6358,-0.083
6359,-0.151
6360,-0.181
6361,-0.122
6362,-0.11
6363,-0.186
6364,0.056
6365,-0.134
6366,-0.139
6367,-0.015
6368,0.073
6369,-0.085
6370,-0.085
6371,-0.139
6372,-0.071
6373,-0.054
6374,-0.029
6375,-0.129
6376,-0.085
6377,0.088
6378,-0.002
6379,-0.034
6380,0.049
6381,0.044
6382,-0.208
6383,-0.134
6384,-0.198
6385,-0.261
6386,-0.156
6387,-0.166
6388,-0.117
6389,0.027
6390,0.056
6391,-0.242
6392,-0.176
6393,0.1
6394,-0.09
6395,-0.034
6396,0.151
6397,0.007
6398,-0.139
6399,-0.095
6400,-0.134
6401,-0.051
6402,-0.151
6403,-0.166
6404,-0.007
6405,-0.085
6406,-0.129
6407,0.02
6408,-0.059
6409,-0.134
6410,-0.037
6411,0.017
6412,-0.127
6413,-0.159
6414,-0.129
6415,0.068
6416,0.027
6417,-0.034
6418,-0.129
6419,-0.186
6420,-0.154
6421,-0.078
6422,-0.171
6423,-0.149
6424,-0.288
6425,-0.088
6426,-0.195
6427,-0.151
6428,-0.039
6429,-0.127
6430,0.034
6431,-0.042
6432,0.01
6433,-0.027
6434,0.012
6435,0.061
6436,0.02
6437,-0.139
6438,-0.176
6439,-0.076
6440,-0.056
6441,-0.168
6442,-0.156
6443,-0.073
6444,-0.171
6445,-0.112
6446,-0.017
6447,-0.195
6448,-0.19
6449,-0.129
6450,-0.02
6451,-0.225
6452,-0.024
6453,0.125
6454,0.027
6455,-0.234
6456,-0.044
6457,-0.037
6458,-0.044
6459,-0.134
6460,-0.049
6461,-0.073
6462,-0.234
6463,-0.276
6464,-0.164
6465,-0.188
6466,-0.264
6467,-0.103
6468,-0.198
6469,-0.256
6470,0.022
6471,-0.103
6472,0.029
6473,-0.061
6474,-0.027
6475,0.056
6476,-0.027
6477,-0.032
6478,0.154
6479,0.024
6480,-0.156
6481,-0.061
6482,0.095
6483,-0.01
6484,-0.129
6485,-0.066
6486,-0.037
6487,-0.056
6488,-0.193
6489,-0.007
6490,0.002
6491,-0.112
6492,-0.046
6493,-0.115
6494,-0.093
6495,-0.01
6496,-0.046
6497,-0.186
6498,0.039
6499,-0.054
6500,-0.134
6501,-0.193
6502,-0.063
6503,-0.132
6504,-0.171
6505,-0.073
6506,-0.137
6507,-0.12
6508,-0.229
6509,-0.112
6510,-0.068
6511,-0.081
6512,-0.107
6513,-0.015
6514,-0.02
6515,-0.073
6516,-0.09
6517,0.029
6518,0.054
6519,-0.09
6520,0.078
6521,-0.227
6522,0.007
6523,0.024
6524,-0.142
6525,-0.208
6526,-0.083
6527,-0.076
6528,-0.11
6529,-0.115
6530,-0.056
6531,-0.144
6532,-0.249
6533,-0.2
6534,0.132
6535,-0.073
6536,-0.139
6537,0.002
6538,-0.051
6539,-0.183
6540,-0.071
6541,-0.193
6542,-0.061
6543,-0.144
6544,-0.076
6545,0.029
6546,-0.088
6547,-0.251
6548,-0.237
6549,-0.093
6550,-0.12
6551,-0.015
6552,0.098
6553,-0.051
6554,-0.117
6555,-0.059
6556,-0.051
6557,0.002
6558,0.029
6559,-0.073
6560,-0.024
6561,0.02
6562,-0.039
6563,0.007
6564,-0.037
6565,-0.105
6566,-0.188
6567,-0.198
6568,-0.154
6569,-0.088
6570,-0.125
6571,-0.146
6572,-0.195
6573,-0.117
6574,-0.154
6575,-0.12
6576,-0.046
6577,-0.11
6578,-0.071
6579,-0.029
6580,-0.161
6581,0.0
6582,0.042
6583,-0.127
6584,-0.21
6585,-0.2
6586,-0.081
6587,-0.049
6588,-0.242
6589,-0.068
6590,-0.078
6591,-0.186
6592,-0.247
6593,-0.149
6594,-0.029
6595,-0.115
6596,-0.046
6597,0.083
6598,-0.01
6599,-0.029
6600,0.032
6601,0.112
6602,-0.051
6603,-0.237
6604,-0.073
6605,0.005
6606,0.005
6607,-0.2
6608,-0.181
6609,-0.168
6610,-0.183
6611,-0.112
6612,-0.166
6613,-0.225
6614,-0.227
6615,-0.054
6616,0.01
6617,-0.144
6618,-0.164
6619,-0.024
6620,-0.166
6621,-0.061
6622,-0.02
6623,-0.186
6624,-0.122
6625,-0.066
6626,-0.112
6627,-0.188
6628,-0.022
6629,-0.146
6630,-0.161
6631,-0.098
6632,-0.095
6633,-0.142
6634,-0.132
6635,-0.139
6636,-0.122
6637,-0.039
6638,-0.103
6639,0.0
6640,-0.081
6641,-0.073
6642,0.061
6643,-0.063
6644,-0.168
6645,-0.139
6646,-0.168
6647,-0.032
6648,-0.134
6649,-0.117
6650,-0.181
6651,-0.291
6652,-0.151
6653,-0.139
6654,-0.132
6655,-0.078
6656,-0.061
6657,-0.007
6658,-0.022
6659,0.066
6660,-0.171
6661,0.076
6662,-0.027
6663,-0.146
6664,-0.076
6665,0.039
6666,-0.183
6667,-0.129
6668,0.034
6669,-0.073
6670,-0.256
6671,-0.22
6672,-0.125
6673,-0.154
6674,-0.186
6675,-0.112
6676,0.049
6677,-0.103
6678,-0.117
6679,-0.129
6680,-0.032
6681,-0.044
6682,-0.049
6683,-0.098
6684,-0.151
6685,-0.059
6686,0.002
6687,-0.11
6688,-0.198
6689,-0.159
6690,-0.034
6691,-0.122
6692,-0.171
6693,-0.037
6694,-0.007
6695,-0.098
6696,-0.01
6697,-0.242
6698,-0.085
6699,-0.054
6700,-0.005
6701,0.002
6702,-0.171
6703,-0.225
6704,-0.029
6705,-0.027
6706,-0.066
6707,-0.156
6708,-0.183
6709,-0.078
6710,-0.2
6711,-0.203
6712,0.032
6713,-0.022
6714,-0.12
6715,-0.078
6716,-0.007
6717,-0.081
6718,-0.156
6719,-0.005
6720,0.042
6721,-0.127
6722,-0.044
6723,-0.068
6724,0.0
6725,-0.137
6726,-0.071
6727,-0.056
6728,-0.085
6729,-0.188
6730,-0.129
6731,-0.19
6732,-0.21
6733,-0.093
6734,-0.195
6735,-0.244
6736,-0.061
6737,-0.093
6738,-0.068
6739,-0.168
6740,0.017
6741,-0.071
6742,0.02
6743,-0.063
6744,-0.142
6745,-0.176
6746,-0.159
6747,-0.015
6748,-0.261
6749,-0.137
6750,-0.122
6751,-0.232
6752,-0.237
6753,-0.127
6754,-0.127
6755,-0.144
6756,-0.11
6757,-0.046
6758,0.015
6759,0.005
6760,-0.032
6761,-0.01
6762,0.059
6763,-0.012
6764,-0.046
6765,-0.042
6766,-0.237
6767,-0.198
6768,-0.066
6769,-0.073
6770,-0.151
6771,-0.09
6772,-0.149
6773,-0.039
6774,-0.098
6775,-0.195
6776,-0.122
6777,-0.051
6778,-0.112
6779,-0.19
6780,-0.01
6781,-0.088
6782,-0.107
6783,-0.071
6784,-0.059
6785,-0.176
6786,-0.212
6787,-0.061
6788,0.037
6789,-0.134
6790,-0.242
6791,-0.044
6792,-0.21
6793,-0.115
6794,-0.186
6795,-0.007
6796,-0.186
6797,-0.068
6798,-0.007
6799,-0.012
6800,-0.107
6801,0.012
6802,-0.103
6803,-0.125
6804,0.066
6805,0.029
6806,-0.078
6807,-0.161
6808,0.017
6809,-0.1
6810,-0.085
6811,-0.188
6812,-0.156
6813,-0.132
6814,-0.098
6815,0.0
6816,-0.154
6817,-0.222
6818,-0.022
6819,-0.012
6820,-0.083
6821,-0.1
6822,-0.134
6823,-0.159
6824,-0.115
6825,-0.024
6826,0.037
6827,-0.129
6828,-0.225
6829,-0.33
6830,-0.164
6831,-0.022
6832,-0.195
6833,-0.085
6834,-0.046
6835,-0.007
6836,-0.044
6837,-0.149
6838,-0.222
6839,0.112
6840,-0.012
6841,-0.051
6842,-0.032
6843,-0.063
6844,-0.181
6845,0.01
6846,0.11
6847,0.049
6848,-0.168
6849,-0.229
6850,0.02
6851,-0.12
6852,-0.237
6853,-0.054
6854,-0.027
6855,-0.225
6856,-0.142
6857,-0.19
6858,-0.12
6859,-0.107
6860,-0.205
6861,-0.105
6862,-0.007
6863,-0.19
6864,0.037
6865,0.088
6866,-0.1
6867,-0.112
6868,-0.1
6869,-0.195
6870,-0.125
6871,-0.056
6872,-0.095
6873,-0.159
6874,-0.159
6875,-0.242
6876,-0.168
6877,-0.007
6878,-0.083
6879,-0.134
6880,-0.151
6881,0.022
6882,-0.034
6883,-0.044
6884,-0.093
6885,-0.09
6886,-0.046
6887,-0.046
6888,-0.125
6889,-0.122
6890,-0.068
6891,-0.249
6892,-0.134
6893,-0.034
6894,-0.093
6895,-0.125
6896,-0.115
6897,-0.044
6898,-0.061
6899,-0.142
6900,-0.146
6901,0.076
6902,0.085
6903,-0.203
6904,-0.122
6905,0.083
6906,0.056
6907,-0.176
6908,-0.125
6909,0.029
6910,-0.068
6911,-0.315
6912,-0.156
6913,0.02
6914,-0.229
6915,-0.288
6916,-0.107
6917,-0.059
6918,-0.31
6919,-0.076
6920,-0.032
6921,0.044
6922,-0.073
6923,-0.115
6924,0.027
6925,0.137
6926,0.034
6927,0.088
6928,-0.02
6929,-0.107
6930,0.01
6931,-0.2
6932,-0.146
6933,-0.039
6934,-0.178
6935,-0.115
6936,-0.132
6937,-0.212
6938,-0.059
6939,-0.193
6940,-0.071
6941,0.1
6942,-0.081
6943,-0.164
6944,-0.015
6945,-0.105
6946,-0.066
6947,-0.156
6948,-0.178
6949,-0.073
6950,-0.037
6951,-0.112
6952,-0.039
6953,-0.11
6954,-0.159
6955,-0.227
6956,-0.105
6957,-0.156
6958,-0.105
6959,-0.098
6960,-0.142
6961,0.044
6962,-0.049
6963,0.02
6964,0.056
6965,-0.059
6966,0.034
6967,0.015
6968,-0.134
6969,-0.005
6970,-0.061
6971,-0.139
6972,0.042
6973,-0.159
6974,-0.176
6975,-0.105
6976,-0.059
6977,-0.061
6978,-0.183
6979,-0.142
6980,-0.049
6981,0.02
6982,0.007
6983,-0.166
6984,0.015
6985,-0.039
6986,-0.005
6987,-0.061
6988,-0.068
6989,-0.1
6990,-0.139
6991,-0.09
6992,-0.11
6993,-0.156
6994,-0.159
6995,-0.227
6996,-0.032
6997,-0.093
6998,-0.295
6999,-0.149
7000,-0.1
7001,-0.085
7002,0.027
7003,-0.068
7004,0.046
7005,0.015
7006,-0.181
7007,-0.024
7008,-0.017
7009,-0.015
7010,-0.1
7011,-0.107
7012,-0.027
7013,-0.154
7014,-0.217
7015,0.049
7016,-0.068
7017,-0.288
7018,-0.146
7019,0.046
7020,0.054
7021,-0.112
7022,-0.088
7023,-0.093
7024,-0.134
7025,-0.066
7026,-0.044
7027,-0.049
7028,-0.161
7029,-0.144
7030,-0.122
7031,-0.178
7032,-0.112
7033,-0.076
7034,-0.051
7035,-0.183
7036,-0.261
7037,-0.146
7038,-0.032
7039,0.02
7040,-0.176
7041,-0.127
7042,-0.034
7043,-0.022
7044,-0.039
7045,-0.134
7046,-0.063
7047,-0.093
7048,-0.012
7049,0.056
7050,0.032
7051,-0.198
7052,-0.239
7053,-0.1
7054,-0.073
7055,-0.261
7056,-0.046
7057,-0.085
7058,-0.137
7059,-0.149
7060,-0.061
7061,0.0
7062,0.012
7063,-0.044
7064,-0.09
7065,0.0
7066,-0.051
7067,-0.032
7068,0.002
7069,-0.2
7070,-0.164
7071,-0.117
7072,-0.071
7073,-0.073
7074,-0.09
7075,-0.203
7076,-0.051
7077,0.002
7078,-0.273
7079,-0.078
7080,-0.02
7081,-0.024
7082,-0.063
7083,-0.054
7084,-0.049
7085,-0.11
7086,-0.007
7087,0.049
7088,0.049
7089,-0.12
7090,-0.222
7091,-0.229
7092,-0.071
7093,-0.034
7094,-0.125
7095,-0.042
7096,-0.09
7097,-0.31
7098,-0.337
7099,0.017
7100,-0.012
7101,0.015
7102,-0.015
7103,0.029
7104,-0.046
7105,0.007
7106,-0.051
7107,-0.081
7108,-0.151
7109,-0.039
7110,-0.007
7111,-0.027
7112,-0.117
7113,-0.107
7114,-0.146
7115,-0.066
7116,-0.078
7117,-0.254
7118,-0.107
7119,-0.151
7120,-0.22
7121,-0.049
7122,-0.122
7123,0.007
7124,0.005
7125,0.022
7126,-0.002
7127,0.034
7128,-0.073
7129,-0.046
7130,-0.183
7131,-0.029
7132,-0.161
7133,-0.254
7134,-0.146
7135,-0.029
7136,-0.281
7137,-0.281
7138,-0.034
7139,-0.283
7140,-0.293
7141,-0.11
7142,-0.21
7143,-0.027
7144,0.046
7145,-0.054
7146,-0.134
7147,-0.049
7148,-0.046
7149,0.093
7150,0.044
7151,-0.005
7152,-0.171
7153,0.037
7154,-0.012
7155,-0.144
7156,-0.105
7157,-0.144
7158,-0.215
7159,-0.122
7160,-0.186
7161,-0.051
7162,0.042
7163,-0.071
7164,-0.005
7165,0.034
7166,0.134
7167,0.002
7168,-0.044
7169,0.154
7170,-0.095
7171,-0.261
7172,0.0
7173,0.022
7174,-0.269
7175,-0.2
7176,-0.015
7177,-0.117
7178,-0.293
7179,-0.247
7180,-0.2
7181,-0.071
7182,-0.117
7183,-0.178
7184,0.0
7185,-0.005
7186,-0.09
7187,-0.132
7188,0.071
7189,-0.081
7190,-0.024
7191,-0.029
7192,-0.032
7193,0.002
7194,-0.061
7195,-0.093
7196,-0.2
7197,-0.159
7198,-0.142
7199,-0.066
7200,-0.195
7201,-0.122
7202,0.034
7203,0.11
7204,-0.132
7205,-0.308
7206,-0.125
7207,-0.007
7208,-0.083
7209,-0.151
7210,0.046
7211,-0.083
7212,-0.232
7213,-0.183
7214,0.002
7215,-0.007
7216,-0.042
7217,-0.093
7218,-0.12
7219,-0.051
7220,-0.166
7221,-0.02
7222,-0.066
7223,-0.083
7224,0.005
7225,-0.31
7226,-0.283
7227,0.051
7228,0.015
7229,-0.02
7230,-0.081
7231,-0.134
7232,0.015
7233,-0.139
7234,-0.142
7235,-0.093
7236,-0.142
7237,-0.247
7238,0.007
7239,-0.083
7240,-0.2
7241,-0.095
7242,-0.093
7243,-0.098
7244,-0.088
7245,-0.071
7246,-0.012
7247,-0.09
7248,-0.107
7249,-0.022
7250,-0.002
7251,-0.134
7252,-0.095
7253,-0.044
7254,-0.039
7255,-0.166
7256,-0.042
7257,-0.134
7258,-0.027
7259,-0.151
7260,-0.417
7261,-0.146
7262,0.098
7263,-0.122
7264,-0.215
7265,-0.066
7266,-0.029
7267,0.01
7268,-0.037
7269,-0.137
7270,-0.042
7271,-0.027
7272,0.01
7273,0.071
7274,-0.173
7275,-0.312
7276,-0.122
7277,-0.09
7278,-0.286
7279,-0.122
7280,-0.378
7281,-0.066
7282,-0.054
7283,-0.071
7284,-0.181
7285,-0.105
7286,0.1
7287,0.127
7288,-0.081
7289,-0.093
7290,0.215
7291,-0.12
7292,-0.02
7293,-0.142
7294,0.129
7295,-0.076
7296,0.098
7297,-0.098
7298,-0.322
7299,-0.208
7300,0.037
7301,-0.012
7302,-0.042
7303,-0.239
7304,-0.149
7305,0.032
7306,-0.115
7307,-0.21
7308,-0.01
7309,-0.127
7310,-0.098
7311,-0.171
7312,-0.234
7313,-0.098
7314,-0.083
7315,-0.034
7316,-0.007
7317,-0.073
7318,-0.203
7319,-0.205
7320,-0.193
7321,-0.159
7322,-0.247
7323,-0.254
7324,0.046
7325,0.022
7326,-0.198
7327,-0.173
7328,-0.098
7329,0.0
7330,-0.078
7331,-0.081
7332,-0.02
7333,-0.078
7334,-0.154
7335,-0.093
7336,0.032
7337,-0.154
7338,0.002
7339,-0.068
7340,-0.071
7341,-0.098
7342,-0.171
7343,-0.061
7344,-0.151
7345,-0.161
7346,-0.212
7347,-0.134
7348,-0.085
7349,-0.122
7350,-0.139
7351,-0.103
7352,-0.159
7353,-0.183
7354,-0.129
7355,-0.195
7356,-0.144
7357,-0.298
7358,-0.078
7359,-0.044
7360,-0.005
7361,-0.085
7362,-0.105
7363,-0.054
7364,-0.059
7365,-0.032
7366,-0.081
7367,0.02
7368,-0.039
7369,-0.122
7370,-0.059
7371,0.017
7372,-0.042
7373,-0.068
7374,-0.046
7375,-0.044
7376,0.161
7377,-0.117
7378,-0.085
7379,-0.215
7380,-0.159
7381,-0.125
7382,0.017
7383,-0.015
7384,-0.327
7385,-0.049
7386,-0.046
7387,-0.149
7388,-0.205
7389,0.054
7390,-0.073
7391,0.139
7392,-0.117
7393,-0.237
7394,-0.273
7395,-0.137
7396,-0.007
7397,-0.059
7398,-0.332
7399,-0.225
7400,-0.12
7401,-0.205
7402,-0.181
7403,-0.183
7404,-0.227
7405,-0.02
7406,-0.015
7407,-0.063
7408,-0.178
7409,0.193
7410,0.044
7411,0.002
7412,-0.122
7413,-0.083
7414,-0.149
7415,-0.2
7416,-0.032
7417,-0.139
7418,-0.229
7419,-0.144
7420,-0.02
7421,-0.247
7422,-0.4
7423,-0.181
7424,0.132
7425,0.061
7426,-0.156
7427,-0.115
7428,-0.083
7429,0.061
7430,-0.115
7431,0.059
7432,0.071
7433,0.005
7434,-0.115
7435,-0.085
7436,-0.171
7437,-0.227
7438,-0.222
7439,-0.059
7440,0.01
7441,-0.269
7442,-0.139
7443,-0.217
7444,-0.156
7445,0.039
7446,-0.022
7447,-0.173
7448,-0.154
7449,-0.195
7450,-0.281
7451,0.151
7452,0.056
7453,-0.076
7454,0.083
7455,-0.054
7456,-0.237
7457,0.015
7458,-0.212
7459,-0.125
7460,0.093
7461,-0.2
7462,-0.073
7463,-0.037
7464,-0.066
7465,-0.308
7466,-0.02
7467,-0.093
7468,-0.044
7469,-0.144
7470,-0.154
7471,0.059
7472,-0.02
7473,-0.239
7474,-0.12
7475,-0.159
7476,-0.193
7477,-0.024
7478,-0.176
7479,-0.298
7480,-0.059
7481,-0.261
7482,-0.059
7483,-0.217
7484,-0.249
7485,-0.244
7486,-0.081
7487,-0.208
7488,-0.076
7489,-0.168
7490,-0.054
7491,0.078
7492,-0.054
7493,-0.173
7494,0.183
7495,0.029
7496,-0.225
7497,-0.034
7498,0.049
7499,-0.332
7500,-0.166
7501,0.002
7502,-0.117
7503,-0.144
7504,-0.254
7505,-0.276
7506,0.166
7507,-0.137
7508,-0.042
7509,-0.093
7510,-0.093
7511,-0.098
7512,-0.088
7513,-0.144
7514,-0.073
7515,-0.022
7516,-0.146
7517,-0.068
7518,-0.11
7519,-0.198
7520,0.027
7521,-0.076
7522,-0.198
7523,-0.164
7524,-0.251
7525,-0.259
7526,0.015
7527,-0.234
7528,-0.166
7529,-0.073
7530,-0.139
7531,-0.09
7532,-0.046
7533,-0.049
7534,0.066
7535,-0.071
7536,0.051
7537,-0.012
7538,-0.125
7539,-0.212
7540,0.042
7541,-0.388
7542,-0.269
7543,0.239
7544,-0.061
7545,-0.293
7546,-0.186
7547,-0.2
7548,-0.125
7549,-0.005
7550,-0.032
7551,-0.078
7552,-0.054
7553,-0.178
7554,0.103
7555,-0.122
7556,-0.217
7557,-0.1
7558,-0.088
7559,-0.027
7560,-0.149
7561,-0.071
7562,0.002
7563,-0.063
7564,-0.249
7565,-0.164
7566,-0.061
7567,-0.105
7568,-0.085
7569,-0.044
7570,-0.088
7571,-0.117
7572,-0.044
7573,-0.1
7574,0.002
7575,-0.229
7576,-0.139
7577,0.046
7578,-0.134
7579,-0.244
7580,-0.173
7581,-0.068
7582,-0.168
7583,-0.164
7584,-0.146
7585,-0.061
7586,-0.154
7587,-0.105
7588,-0.149
7589,-0.076
7590,-0.188
7591,-0.137
7592,0.122
7593,-0.105
7594,-0.088
7595,-0.129
7596,0.081
7597,0.061
7598,-0.146
7599,-0.178
7600,-0.029
7601,-0.029
7602,-0.198
7603,0.005
7604,0.073
7605,-0.237
7606,-0.251
7607,0.005
7608,-0.125
7609,-0.115
7610,0.049
7611,0.054
7612,0.134
7613,0.046
7614,-0.291
7615,-0.171
7616,0.103
7617,-0.071
7618,-0.278
7619,-0.088
7620,-0.115
7621,-0.266
7622,0.034
7623,-0.129
7624,-0.264
7625,-0.222
7626,-0.215
7627,-0.01
7628,-0.061
7629,-0.281
7630,0.027
7631,-0.188
7632,-0.139
7633,-0.127
7634,0.073
7635,-0.256
7636,0.024
7637,-0.156
7638,-0.017
7639,-0.139
7640,-0.125
7641,-0.151
7642,0.037
7643,-0.159
7644,-0.159
7645,-0.146
7646,-0.193
7647,-0.029
7648,-0.061
7649,-0.198
7650,0.063
7651,-0.208
7652,0.137
7653,0.015
7654,-0.186
7655,-0.083
7656,0.298
7657,-0.344
7658,0.144
7659,-0.01
7660,-0.327
7661,-0.056
7662,-0.005
7663,-0.264
7664,0.002
7665,-0.239
7666,-0.12
7667,0.034
7668,-0.281
7669,-0.181
7670,0.005
7671,-0.259
7672,0.015
7673,-0.002
7674,-0.271
7675,-0.142
7676,0.034
7677,-0.159
7678,-0.044
7679,-0.203
7680,-0.217
7681,-0.042
7682,-0.166
7683,-0.098
7684,-0.015
7685,-0.168
7686,-0.12
7687,0.012
7688,-0.247
7689,0.01
7690,0.063
7691,-0.2
7692,-0.061
7693,0.037
7694,-0.11
7695,-0.039
7696,0.022
7697,-0.132
7698,-0.002
7699,-0.078
7700,-0.19
7701,0.022
7702,-0.066
7703,-0.171
7704,-0.066
7705,-0.105
7706,-0.173
7707,-0.107
7708,-0.171
7709,0.034
7710,-0.02
7711,-0.261
7712,-0.142
7713,-0.051
7714,-0.056
7715,-0.107
7716,-0.068
7717,-0.071
7718,-0.156
7719,-0.212
7720,-0.063
7721,-0.049
7722,-0.244
7723,-0.249
7724,0.032
7725,0.015
7726,-0.256
7727,-0.093
7728,0.022
7729,-0.017
7730,-0.107
7731,-0.071
7732,-0.088
7733,0.01
7734,-0.139
7735,-0.122
7736,0.164
7737,-0.176
7738,-0.273
7739,-0.012
7740,0.117
7741,-0.183
7742,-0.078
7743,-0.081
7744,-0.1
7745,-0.032
7746,0.002
7747,-0.229
7748,-0.088
7749,0.015
7750,0.061
7751,-0.127
7752,-0.107
7753,0.095
7754,-0.098
7755,-0.178
7756,0.093
7757,0.117
7758,-0.19
7759,-0.144
7760,0.061
7761,-0.076
7762,-0.254
7763,-0.21
7764,-0.205
7765,-0.154
7766,-0.293
7767,-0.073
7768,-0.027
7769,-0.249
7770,-0.107
7771,0.078
7772,-0.137
7773,-0.125
7774,0.129
7775,-0.09
7776,0.032
7777,0.251
7778,-0.056
7779,-0.374
7780,-0.015
7781,0.181
7782,-0.217
7783,-0.078
7784,0.007
7785,-0.166
7786,0.12
7787,-0.071
7788,-0.295
7789,0.005
7790,-0.181
7791,-0.027
7792,0.02
7793,-0.527
7794,-0.142
7795,0.122
7796,-0.186
7797,-0.088
7798,0.146
7799,-0.325
7800,-0.166
7801,-0.012
7802,-0.081
7803,-0.303
7804,-0.112
7805,-0.103
7806,-0.1
7807,0.01
7808,-0.088
7809,-0.002
7810,-0.203
7811,-0.066
7812,-0.193
7813,-0.183
7814,0.002
7815,0.098
7816,-0.156
7817,-0.01
7818,0.1
7819,-0.073
7820,0.017
7821,-0.044
7822,-0.044
7823,-0.11
7824,-0.044
7825,0.012
7826,-0.007
7827,0.051
7828,-0.11
7829,-0.027
7830,0.039
7831,-0.037
7832,-0.159
7833,-0.027
7834,0.032
7835,0.103
7836,-0.059
7837,-0.137
7838,-0.088
7839,-0.159
7840,-0.125
7841,0.039
7842,0.093
7843,-0.293
7844,-0.144
7845,-0.068
7846,-0.281
7847,-0.164
7848,-0.142
7849,-0.071
7850,-0.061
7851,-0.098
7852,-0.078
7853,0.034
7854,-0.161
7855,-0.046
7856,0.081
7857,-0.071
7858,-0.095
7859,-0.015
7860,-0.1
7861,-0.081
7862,-0.066
7863,-0.098
7864,0.024
7865,-0.051
7866,-0.31
7867,-0.222
7868,-0.081
7869,-0.176
7870,-0.215
7871,-0.005
7872,-0.076
7873,-0.117
7874,-0.181
7875,0.076
7876,0.061
7877,-0.166
7878,-0.061
7879,-0.012
7880,-0.203
7881,-0.278
7882,-0.042
7883,-0.093
7884,0.01
7885,-0.181
7886,-0.278
7887,-0.217
7888,-0.149
7889,-0.146
7890,-0.017
7891,-0.02
7892,-0.129
7893,-0.186
7894,0.042
7895,-0.005
7896,-0.066
7897,-0.164
7898,0.107
7899,-0.066
7900,-0.11
7901,-0.088
7902,0.054
7903,-0.012
7904,-0.261
7905,-0.237
7906,-0.039
7907,0.017
7908,-0.212
7909,-0.234
7910,-0.093
7911,-0.144
7912,-0.19
7913,-0.129
7914,-0.122
7915,-0.188
7916,-0.068
7917,-0.073
7918,-0.076
7919,-0.222
7920,-0.171
7921,-0.071
7922,-0.125
7923,-0.1
7924,-0.159
7925,-0.105
7926,-0.068
7927,-0.129
7928,-0.103
7929,-0.103
7930,0.015
7931,-0.234
7932,-0.256
7933,0.027
7934,-0.015
7935,-0.051
7936,0.149
7937,0.037
7938,-0.061
7939,-0.039
7940,-0.037
7941,-0.005
7942,-0.122
7943,-0.059
7944,-0.02
7945,-0.059
7946,-0.134
7947,-0.198
7948,-0.142
7949,-0.105
7950,-0.171
7951,-0.176
7952,-0.103
7953,-0.107
7954,-0.095
7955,0.032
7956,-0.081
7957,-0.203
7958,-0.21
7959,-0.198
7960,-0.078
7961,-0.063
7962,-0.227
7963,-0.195
7964,-0.012
7965,-0.112
7966,-0.234
7967,-0.1
7968,-0.176
7969,-0.3
7970,-0.183
7971,-0.015
7972,-0.09
7973,-0.095
7974,0.022
7975,-0.11
7976,-0.083
7977,0.083
7978,0.0
7979,0.081
7980,-0.044
7981,-0.078
7982,0.007
7983,0.022
7984,-0.044
7985,-0.134
7986,-0.249
7987,-0.09
7988,-0.046
7989,-0.291
7990,-0.2
7991,-0.029
7992,-0.078
7993,-0.244
7994,-0.166
7995,-0.098
7996,-0.066
7997,-0.044
7998,-0.146
7999,-0.105
8000,-0.015
8001,-0.073
8002,-0.056
8003,-0.046
8004,-0.081
8005,-0.195
8006,-0.217
8007,-0.139
8008,-0.146
8009,-0.122
8010,-0.173
8011,-0.039
8012,-0.093
8013,-0.09
8014,0.032
8015,0.046
8016,-0.095
8017,-0.088
8018,-0.034
8019,0.034
8020,0.017
8021,-0.059
8022,-0.032
8023,-0.024
8024,-0.181
8025,-0.159
8026,-0.061
8027,-0.078
8028,-0.137
8029,-0.127
8030,-0.105
8031,-0.156
8032,-0.286
8033,-0.21
8034,-0.046
8035,-0.239
8036,-0.146
8037,-0.103
8038,-0.024
8039,-0.132
8040,-0.112
8041,-0.161
8042,0.039
8043,-0.068
8044,-0.127
8045,-0.032
8046,0.005
8047,-0.122
8048,-0.195
8049,-0.061
8050,-0.188
8051,-0.178
8052,-0.115
8053,-0.134
8054,-0.129
8055,-0.01
8056,-0.088
8057,-0.244
8058,-0.134
8059,-0.151
8060,-0.11
8061,-0.107
8062,-0.151
8063,-0.022
8064,-0.034
8065,-0.095
8066,-0.168
8067,-0.103
8068,-0.078
8069,-0.139
8070,-0.093
8071,-0.029
8072,-0.173
8073,-0.137
8074,-0.051
8075,-0.039
8076,-0.117
8077,-0.107
8078,-0.112
8079,-0.139
8080,0.02
8081,0.051
8082,0.029
8083,-0.044
8084,-0.054
8085,-0.117
8086,0.085
8087,0.034
8088,-0.061
8089,-0.183
8090,-0.112
8091,-0.127
8092,-0.029
8093,-0.01
8094,-0.127
8095,-0.037
8096,-0.037
8097,-0.181
8098,-0.071
8099,-0.027
8100,-0.037
8101,-0.137
8102,-0.022
8103,-0.042
8104,-0.151
8105,-0.193
8106,-0.09
8107,0.024
8108,-0.122
8109,-0.181
8110,-0.081
8111,-0.088
8112,-0.056
8113,-0.122
8114,-0.034
8115,-0.164
8116,-0.237
8117,0.007
8118,-0.02
8119,-0.083
8120,-0.068
8121,-0.039
8122,-0.039
8123,-0.103
8124,-0.032
8125,-0.134
8126,-0.076
8127,-0.161
8128,-0.117
8129,-0.002
8130,-0.159
8131,-0.22
8132,-0.105
8133,-0.039
8134,-0.129
8135,-0.088
8136,-0.073
8137,-0.1
8138,-0.01
8139,0.054
8140,0.02
8141,-0.137
8142,-0.066
8143,0.034
8144,0.015
8145,-0.085
8146,-0.183
8147,-0.205
8148,-0.139
8149,-0.049
8150,-0.122
8151,-0.146
8152,-0.129
8153,-0.09
8154,-0.156
8155,-0.171
8156,-0.059
8157,-0.046
8158,-0.127
8159,-0.11
8160,-0.134
8161,-0.149
8162,-0.02
8163,-0.071
8164,-0.088
8165,-0.061
8166,-0.105
8167,0.005
8168,0.015
8169,-0.181
8170,-0.059
8171,-0.22
8172,-0.229
8173,-0.166
8174,-0.122
8175,0.068
8176,-0.015
8177,-0.2
8178,-0.142
8179,-0.168
8180,0.027
8181,-0.159
8182,-0.142
8183,-0.049
8184,-0.034
8185,-0.193
8186,-0.054
8187,-0.232
8188,-0.181
8189,-0.149
8190,0.002
8191,-0.076
8192,-0.107
8193,-0.042
8194,0.081
8195,-0.078
8196,-0.195
8197,-0.095
8198,-0.007
8199,-0.2
8200,-0.225
8201,-0.115
8202,-0.054
8203,-0.217
8204,-0.034
8205,0.034
8206,-0.095
8207,-0.173
8208,0.005
8209,-0.032
8210,-0.151
8211,-0.125
8212,-0.142
8213,0.088
8214,-0.066
8215,-0.278
8216,-0.139
8217,0.195
8218,0.015
8219,-0.208
8220,-0.117
8221,0.022
8222,-0.005
8223,-0.127
8224,-0.059
8225,-0.103
8226,-0.015
8227,-0.068
8228,0.046
8229,-0.071
8230,-0.222
8231,-0.164
8232,-0.12
8233,-0.027
8234,0.027
8235,-0.208
8236,-0.12
8237,-0.149
8238,0.032
8239,-0.132
8240,-0.183
8241,0.049
8242,-0.02
8243,-0.071
8244,0.068
8245,-0.129
8246,-0.195
8247,-0.076
8248,-0.061
8249,-0.154
8250,-0.161
8251,-0.081
8252,-0.107
8253,-0.269
8254,-0.278
8255,-0.071
8256,-0.071
8257,-0.056
8258,-0.088
8259,-0.022
8260,-0.017
8261,-0.056
8262,-0.032
8263,0.066
8264,-0.044
8265,-0.02
8266,0.029
8267,-0.117
8268,-0.195
8269,-0.278
8270,-0.068
8271,0.005
8272,-0.146
8273,-0.225
8274,-0.156
8275,-0.142
8276,-0.195
8277,-0.056
8278,0.0
8279,-0.134
8280,-0.149
8281,-0.183
8282,-0.22
8283,-0.171
8284,-0.093
8285,-0.042
8286,-0.061
8287,-0.193
8288,-0.112
8289,-0.129
8290,-0.076
8291,-0.154
8292,-0.173
8293,0.007
8294,0.017
8295,-0.173
8296,-0.059
8297,-0.007
8298,-0.051
8299,-0.042
8300,-0.012
8301,0.027
8302,-0.146
8303,-0.09
8304,0.007
8305,-0.01
8306,-0.217
8307,-0.149
8308,-0.098
8309,-0.208
8310,-0.212
8311,-0.21
8312,-0.129
8313,-0.166
8314,-0.193
8315,-0.085
8316,0.024
8317,-0.107
8318,-0.129
8319,-0.015
8320,-0.112
8321,-0.198
8322,-0.195
8323,0.037
8324,-0.056
8325,-0.125
8326,-0.09
8327,0.042
8328,-0.156
8329,-0.21
8330,-0.117
8331,-0.232
8332,-0.171
8333,-0.076
8334,-0.098
8335,-0.044
8336,0.024
8337,-0.012
8338,-0.071
8339,-0.271
8340,-0.061
8341,0.259
8342,-0.061
8343,-0.173
8344,0.105
8345,0.103
8346,-0.168
8347,0.051
8348,-0.071
8349,-0.1
8350,0.029
8351,0.002
8352,-0.066
8353,-0.217
8354,-0.31
8355,0.015
8356,-0.078
8357,-0.156
8358,0.005
8359,-0.2
8360,-0.247
8361,0.071
8362,-0.059
8363,-0.247
8364,-0.081
8365,0.071
8366,-0.154
8367,-0.168
8368,-0.11
8369,-0.095
8370,-0.071
8371,-0.137
8372,-0.01
8373,-0.173
8374,-0.269
8375,-0.139
8376,0.039
8377,-0.063
8378,0.0
8379,-0.122
8380,0.012
8381,-0.049
8382,-0.122
8383,-0.073
8384,-0.044
8385,-0.046
8386,0.073
8387,-0.005
8388,-0.098
8389,-0.083
8390,-0.027
8391,-0.002
8392,-0.259
8393,-0.21
8394,-0.115
8395,-0.227
8396,-0.293
8397,-0.2
8398,-0.137
8399,-0.054
8400,-0.1
8401,-0.105
8402,-0.042
8403,-0.093
8404,-0.166
8405,-0.029
8406,0.127
8407,-0.171
8408,-0.195
8409,-0.073
8410,-0.066
8411,-0.146
8412,-0.251
8413,-0.083
8414,-0.005
8415,-0.183
8416,-0.173
8417,-0.051
8418,-0.149
8419,-0.071
8420,-0.042
8421,-0.01
8422,-0.01
8423,0.137
8424,0.161
8425,-0.042
8426,-0.002
8427,0.024
8428,0.012
8429,-0.176
8430,-0.181
8431,-0.171
8432,-0.144
8433,-0.093
8434,-0.19
8435,-0.181
8436,-0.156
8437,-0.146
8438,-0.227
8439,-0.154
8440,-0.137
8441,-0.161
8442,-0.103
8443,-0.098
8444,-0.181
8445,-0.254
8446,-0.068
8447,-0.005
8448,-0.227
8449,-0.107
8450,-0.107
8451,-0.168
8452,-0.198
8453,-0.085
8454,-0.144
8455,-0.259
8456,-0.229
8457,-0.015
8458,-0.225
8459,-0.142
8460,0.015
8461,0.022
8462,-0.037
8463,0.002
8464,0.076
8465,0.032
8466,0.017
8467,-0.022
8468,0.19
8469,-0.017
8470,-0.149
8471,-0.027
8472,-0.015
8473,-0.156
8474,-0.229
8475,-0.017
8476,-0.044
8477,-0.142
8478,-0.146
8479,-0.122
8480,-0.056
8481,-0.017
8482,-0.046
8483,-0.081
8484,-0.093
8485,-0.122
8486,-0.085
8487,-0.01
8488,-0.02
8489,-0.139
8490,-0.168
8491,-0.056
8492,-0.164
8493,-0.278
8494,-0.181
8495,0.027
8496,-0.027
8497,-0.046
8498,-0.103
8499,-0.059
8500,-0.085
8501,-0.129
8502,-0.046
8503,0.017
8504,0.027
8505,0.007
8506,0.125
8507,0.105
8508,-0.105
8509,-0.083
8510,0.068
8511,-0.098
8512,-0.254
8513,-0.21
8514,-0.088
8515,-0.088
8516,-0.164
8517,-0.22
8518,-0.081
8519,-0.107
8520,-0.237
8521,-0.059
8522,-0.049
8523,-0.171
8524,-0.173
8525,-0.066
8526,-0.1
8527,-0.093
8528,0.02
8529,-0.103
8530,-0.156
8531,-0.239
8532,-0.046
8533,-0.056
8534,-0.117
8535,-0.19
8536,-0.063
8537,0.044
8538,-0.178
8539,-0.127
8540,0.173
8541,0.146
8542,-0.071
8543,-0.007
8544,-0.022
8545,-0.051
8546,0.017
8547,0.071
8548,0.015
8549,0.017
8550,-0.09
8551,-0.076
8552,0.066
8553,-0.151
8554,-0.188
8555,-0.049
8556,-0.3
8557,-0.076
8558,-0.032
8559,-0.146
8560,-0.295
8561,-0.007
8562,0.022
8563,-0.183
8564,-0.176
8565,0.01
8566,0.017
8567,-0.315
8568,-0.132
8569,-0.1
8570,-0.115
8571,-0.198
8572,0.095
8573,-0.151
8574,-0.024
8575,-0.151
8576,-0.076
8577,-0.146
8578,-0.085
8579,-0.107
8580,0.02
8581,-0.002
8582,0.037
8583,-0.098
8584,-0.029
8585,0.085
8586,-0.037
8587,-0.188
8588,0.017
8589,0.061
8590,-0.027
8591,-0.103
8592,0.015
8593,-0.09
8594,-0.059
8595,-0.122
8596,-0.095
8597,-0.11
8598,-0.044
8599,-0.059
8600,-0.269
8601,-0.215
8602,-0.029
8603,0.02
8604,-0.127
8605,0.063
8606,-0.046
8607,-0.225
8608,-0.225
8609,-0.012
8610,0.002
8611,-0.264
8612,-0.183
8613,-0.066
8614,0.007
8615,-0.176
8616,-0.112
8617,0.083
8618,-0.142
8619,-0.205
8620,-0.005
8621,-0.044
8622,-0.134
8623,-0.032
8624,-0.164
8625,0.039
8626,0.046
8627,-0.076
8628,-0.015
8629,-0.054
8630,-0.156
8631,-0.142
8632,0.056
8633,-0.085
8634,-0.22
8635,-0.3
8636,-0.09
8637,-0.105
8638,-0.122
8639,-0.195
8640,-0.139
8641,-0.205
8642,-0.146
8643,-0.068
8644,-0.02
8645,-0.042
8646,-0.164
8647,-0.115
8648,-0.046
8649,-0.125
8650,-0.181
8651,-0.012
8652,-0.132
8653,-0.264
8654,-0.171
8655,-0.112
8656,-0.042
8657,-0.081
8658,-0.122
8659,-0.137
8660,-0.073
8661,-0.151
8662,0.005
8663,0.037
8664,0.022
8665,-0.061
8666,-0.061
8667,-0.034
8668,-0.049
8669,-0.015
8670,0.054
8671,0.081
8672,-0.19
8673,-0.137
8674,-0.002
8675,-0.066
8676,-0.151
8677,-0.212
8678,-0.173
8679,-0.105
8680,-0.127
8681,-0.247
8682,-0.181
8683,0.002
8684,-0.042
8685,-0.327
8686,-0.239
8687,-0.017
8688,-0.156
8689,0.022
8690,-0.049
8691,0.015
8692,-0.132
8693,-0.227
8694,-0.161
8695,-0.088
8696,-0.21
8697,-0.234
8698,-0.076
8699,-0.071
8700,-0.107
8701,-0.112
8702,-0.012
8703,-0.083
8704,-0.002
8705,-0.129
8706,-0.161
8707,-0.129
8708,-0.046
8709,0.061
8710,-0.256
8711,-0.176
8712,-0.076
8713,-0.083
8714,-0.142
8715,-0.024
8716,-0.156
8717,-0.168
8718,-0.056
8719,-0.059
8720,-0.088
8721,-0.229
8722,-0.151
8723,-0.098
8724,-0.142
8725,-0.222
8726,-0.068
8727,-0.071
8728,-0.11
8729,-0.105
8730,-0.127
8731,-0.078
8732,0.024
8733,0.032
8734,-0.088
8735,-0.149
8736,-0.173
8737,-0.095
8738,-0.093
8739,-0.237
8740,-0.12
8741,0.049
8742,-0.151
8743,-0.283
8744,-0.205
8745,0.015
8746,0.051
8747,0.037
8748,-0.01
8749,0.125
8750,-0.09
8751,-0.081
8752,-0.088
8753,-0.049
8754,-0.225
8755,0.0
8756,-0.195
8757,-0.203
8758,-0.098
8759,-0.303
8760,-0.176
8761,-0.159
8762,-0.308
8763,-0.049
8764,0.09
8765,-0.159
8766,-0.139
8767,-0.034
8768,-0.181
8769,-0.237
8770,0.027
8771,0.024
8772,0.029
8773,-0.142
8774,-0.12
8775,0.034
8776,-0.103
8777,-0.142
8778,-0.071
8779,-0.02
8780,-0.11
8781,-0.144
8782,-0.259
8783,-0.193
8784,-0.085
8785,-0.144
8786,-0.085
8787,-0.037
8788,0.039
8789,0.017
8790,-0.115
8791,-0.098
8792,-0.085
8793,-0.149
8794,-0.01
8795,-0.095
8796,-0.085
8797,-0.078
8798,-0.061
8799,-0.117
8800,-0.247
8801,-0.217
8802,-0.095
8803,-0.21
8804,-0.198
8805,-0.039
8806,-0.002
8807,-0.02
8808,-0.076
8809,0.0
8810,-0.02
8811,-0.078
8812,0.005
8813,-0.144
8814,0.012
8815,0.024
8816,-0.134
8817,-0.164
8818,-0.146
8819,-0.227
8820,-0.356
8821,-0.156
8822,-0.137
8823,-0.129
8824,-0.044
8825,-0.083
8826,-0.125
8827,-0.134
8828,-0.103
8829,-0.029
8830,-0.122
8831,-0.107
8832,0.024
8833,-0.002
8834,-0.129
8835,-0.154
8836,-0.203
8837,-0.1
8838,-0.098
8839,-0.02
8840,-0.051
8841,-0.046
8842,-0.093
8843,-0.134
8844,-0.122
8845,0.042
8846,-0.044
8847,-0.149
8848,-0.129
8849,-0.042
8850,-0.078
8851,-0.166
8852,-0.137
8853,-0.095
8854,-0.095
8855,-0.098
8856,-0.068
8857,0.015
8858,-0.144
8859,-0.173
8860,-0.164
8861,-0.171
8862,-0.073
8863,-0.129
8864,-0.144
8865,-0.142
8866,-0.09
8867,-0.015
8868,0.044
8869,0.024
8870,-0.01
8871,-0.029
8872,0.154
8873,0.051
8874,-0.244
8875,-0.125
8876,0.042
8877,-0.112
8878,-0.129
8879,-0.054
8880,-0.161
8881,-0.12
8882,-0.129
8883,-0.107
8884,-0.154
8885,-0.061
8886,-0.071
8887,-0.017
8888,-0.054
8889,-0.156
8890,-0.068
8891,-0.005
8892,-0.115
8893,-0.12
8894,-0.144
8895,-0.139
8896,-0.093
8897,-0.105
8898,-0.127
8899,-0.1
8900,-0.115
8901,-0.1
8902,-0.149
8903,-0.198
8904,-0.173
8905,-0.046
8906,-0.105
8907,-0.132
8908,-0.083
8909,-0.183
8910,-0.056
8911,-0.005
8912,-0.095
8913,-0.107
8914,-0.005
8915,-0.073
8916,-0.076
8917,-0.015
8918,-0.044
8919,-0.105
8920,-0.015
8921,-0.171
8922,-0.076
8923,-0.125
8924,-0.09
8925,-0.049
8926,-0.125
8927,-0.112
8928,-0.083
8929,-0.005
8930,-0.2
8931,-0.044
8932,-0.117
8933,-0.105
8934,-0.144
8935,-0.105
8936,-0.117
8937,-0.117
8938,-0.222
8939,-0.129
8940,-0.056
8941,-0.198
8942,-0.137
8943,-0.117
8944,-0.017
8945,-0.037
8946,-0.042
8947,-0.073
8948,0.034
8949,0.112
8950,-0.002
8951,-0.1
8952,-0.056
8953,0.029
8954,-0.098
8955,-0.081
8956,-0.049
8957,-0.129
8958,-0.127
8959,-0.09
8960,-0.237
8961,-0.078
8962,-0.029
8963,-0.093
8964,-0.051
8965,-0.093
8966,-0.271
8967,-0.205
8968,-0.125
8969,0.007
8970,-0.049
8971,-0.298
8972,-0.164
8973,0.098
8974,-0.159
8975,-0.337
8976,-0.117
8977,0.146
8978,-0.107
8979,-0.339
8980,-0.078
8981,0.007
8982,-0.012
8983,-0.115
8984,-0.061
8985,-0.095
8986,-0.076
8987,-0.054
8988,-0.042
8989,0.005
8990,-0.002
8991,-0.015
8992,-0.002
8993,-0.022
8994,-0.032
8995,0.066
8996,0.098
8997,-0.042
8998,-0.093
8999,-0.156
9000,-0.09
9001,-0.142
9002,-0.012
9003,-0.127
9004,-0.225
9005,-0.115
9006,-0.164
9007,-0.154
9008,-0.083
9009,-0.073
9010,-0.037
9011,-0.012
9012,-0.193
9013,-0.164
9014,-0.168
9015,-0.173
9016,-0.098
9017,-0.134
9018,-0.129
9019,-0.071
9020,-0.105
9021,-0.242
9022,-0.134
9023,-0.208
9024,-0.161
9025,-0.046
9026,-0.144
9027,-0.161
9028,-0.061
9029,-0.002
9030,0.002
9031,-0.015
9032,-0.083
9033,-0.005
9034,0.002
9035,-0.09
9036,0.02
9037,-0.039
9038,-0.078
9039,-0.049
9040,-0.105
9041,-0.239
9042,-0.166
9043,-0.127
9044,-0.063
9045,-0.161
9046,-0.217
9047,-0.134
9048,-0.132
9049,-0.088
9050,-0.12
9051,-0.005
9052,-0.049
9053,-0.042
9054,-0.039
9055,-0.059
9056,-0.139
9057,-0.186
9058,-0.01
9059,0.112
9060,-0.129
9061,-0.171
9062,-0.083
9063,-0.215
9064,-0.181
9065,-0.02
9066,-0.078
9067,-0.244
9068,-0.129
9069,-0.022
9070,-0.222
9071,-0.054
9072,-0.051
9073,-0.166
9074,-0.183
9075,-0.017
9076,-0.056
9077,-0.046
9078,0.034
9079,-0.034
9080,-0.054
9081,-0.168
9082,-0.056
9083,-0.176
9084,-0.149
9085,-0.012
9086,-0.105
9087,-0.203
9088,-0.095
9089,-0.195
9090,-0.249
9091,0.02
9092,-0.034
9093,-0.093
9094,-0.317
9095,-0.159
9096,-0.02
9097,-0.034
9098,-0.093
9099,-0.078
9100,0.0
9101,-0.2
9102,-0.317
9103,-0.1
9104,-0.046
9105,-0.081
9106,-0.144
9107,-0.149
9108,-0.078
9109,-0.059
9110,-0.071
9111,0.022
9112,0.059
9113,-0.032
9114,-0.085
9115,0.11
9116,0.002
9117,-0.142
9118,0.037
9119,0.127
9120,0.037
9121,-0.181
9122,-0.105
9123,-0.034
9124,-0.034
9125,-0.183
9126,-0.212
9127,-0.125
9128,-0.015
9129,0.0
9130,-0.056
9131,-0.076
9132,-0.088
9133,-0.088
9134,-0.083
9135,-0.015
9136,-0.251
9137,-0.293
9138,-0.022
9139,-0.017
9140,-0.234
9141,-0.249
9142,0.005
9143,-0.061
9144,-0.159
9145,-0.142
9146,0.022
9147,-0.056
9148,-0.002
9149,-0.02
9150,-0.037
9151,-0.076
9152,-0.042
9153,0.134
9154,0.09
9155,-0.081
9156,-0.173
9157,0.09
9158,0.015
9159,-0.105
9160,-0.129
9161,-0.054
9162,-0.059
9163,-0.205
9164,-0.195
9165,-0.095
9166,-0.049
9167,-0.142
9168,-0.168
9169,-0.222
9170,-0.129
9171,-0.232
9172,-0.088
9173,0.056
9174,-0.1
9175,-0.171
9176,-0.178
9177,0.081
9178,-0.078
9179,-0.049
9180,-0.061
9181,-0.085
9182,-0.139
9183,-0.188
9184,-0.115
9185,-0.078
9186,-0.027
9187,-0.098
9188,-0.007
9189,-0.076
9190,-0.032
9191,-0.161
9192,-0.066
9193,0.09
9194,-0.049
9195,-0.061
9196,-0.093
9197,0.063
9198,-0.115
9199,-0.024
9200,0.049
9201,0.027
9202,-0.112
9203,-0.188
9204,-0.081
9205,-0.103
9206,-0.1
9207,-0.261
9208,-0.171
9209,-0.076
9210,-0.171
9211,-0.181
9212,-0.149
9213,-0.1
9214,-0.02
9215,-0.002
9216,-0.037
9217,-0.117
9218,-0.203
9219,-0.042
9220,-0.112
9221,-0.317
9222,-0.198
9223,-0.027
9224,-0.11
9225,-0.134
9226,-0.042
9227,-0.037
9228,0.081
9229,-0.051
9230,-0.002
9231,-0.078
9232,-0.002
9233,0.042
9234,0.1
9235,0.051
9236,-0.217
9237,0.054
9238,0.112
9239,-0.002
9240,-0.166
9241,-0.022
9242,-0.049
9243,-0.054
9244,0.029
9245,-0.21
9246,-0.176
9247,-0.22
9248,-0.061
9249,-0.127
9250,-0.09
9251,-0.188
9252,-0.044
9253,-0.159
9254,-0.208
9255,-0.061
9256,-0.107
9257,0.12
9258,-0.066
9259,-0.154
9260,-0.117
9261,-0.146
9262,-0.159
9263,-0.105
9264,-0.142
9265,-0.129
9266,-0.085
9267,-0.22
9268,0.085
9269,-0.146
9270,-0.022
9271,-0.21
9272,0.112
9273,0.01
9274,-0.183
9275,-0.056
9276,0.09
9277,-0.042
9278,-0.117
9279,0.051
9280,-0.103
9281,-0.107
9282,-0.183
9283,-0.146
9284,-0.059
9285,-0.024
9286,-0.137
9287,-0.068
9288,0.049
9289,-0.117
9290,-0.225
9291,-0.176
9292,-0.032
9293,-0.168
9294,-0.171
9295,0.012
9296,0.027
9297,-0.156
9298,-0.171
9299,0.127
9300,-0.137
9301,-0.156
9302,-0.234
9303,-0.181
9304,-0.154
9305,-0.166
9306,-0.129
9307,-0.022
9308,-0.151
9309,-0.229
9310,0.015
9311,-0.156
9312,-0.154
9313,0.051
9314,-0.012
9315,-0.149
9316,-0.015
9317,-0.01
9318,-0.164
9319,-0.012
9320,-0.039
9321,0.11
9322,-0.144
9323,-0.159
9324,0.022
9325,-0.022
9326,-0.273
9327,-0.078
9328,-0.115
9329,-0.176
9330,-0.154
9331,-0.186
9332,-0.176
9333,-0.002
9334,-0.034
9335,-0.139
9336,-0.024
9337,-0.168
9338,-0.122
9339,0.09
9340,-0.107
9341,-0.259
9342,-0.034
9343,-0.051
9344,-0.149
9345,-0.142
9346,-0.125
9347,-0.151
9348,-0.264
9349,-0.215
9350,-0.027
9351,0.044
9352,-0.203
9353,-0.063
9354,0.024
9355,-0.085
9356,-0.105
9357,-0.022
9358,-0.059
9359,0.037
9360,0.022
9361,-0.225
9362,-0.195
9363,-0.105
9364,-0.142
9365,-0.112
9366,-0.227
9367,-0.234
9368,-0.269
9369,-0.154
9370,-0.09
9371,-0.056
9372,-0.247
9373,-0.168
9374,0.134
9375,-0.007
9376,-0.173
9377,-0.09
9378,0.071
9379,-0.176
9380,-0.166
9381,-0.088
9382,-0.022
9383,-0.107
9384,-0.234
9385,-0.129
9386,-0.125
9387,-0.251
9388,-0.132
9389,-0.029
9390,-0.129
9391,-0.056
9392,-0.039
9393,-0.034
9394,-0.012
9395,-0.107
9396,-0.105
9397,-0.012
9398,-0.051
9399,-0.093
9400,0.161
9401,-0.066
9402,-0.1
9403,0.125
9404,-0.034
9405,-0.156
9406,-0.051
9407,-0.063
9408,-0.164
9409,-0.171
9410,-0.22
9411,-0.078
9412,-0.125
9413,-0.134
9414,-0.173
9415,-0.112
9416,-0.137
9417,-0.127
9418,0.002
9419,-0.11
9420,-0.125
9421,-0.369
9422,-0.176
9423,0.059
9424,-0.112
9425,-0.222
9426,-0.103
9427,-0.073
9428,-0.205
9429,-0.234
9430,-0.085
9431,-0.046
9432,-0.117
9433,0.0
9434,-0.081
9435,-0.125
9436,-0.056
9437,0.007
9438,0.054
9439,-0.142
9440,-0.142
9441,-0.056
9442,-0.039
9443,-0.154
9444,-0.066
9445,0.034
9446,-0.081
9447,-0.005
9448,-0.088
9449,-0.112
9450,-0.215
9451,-0.059
9452,-0.039
9453,0.015
9454,-0.203
9455,-0.027
9456,0.027
9457,-0.154
9458,-0.022
9459,-0.095
9460,-0.085
9461,-0.142
9462,0.012
9463,-0.242
9464,-0.178
9465,-0.261
9466,-0.042
9467,0.042
9468,-0.164
9469,-0.137
9470,-0.127
9471,-0.208
9472,-0.134
9473,0.034
9474,-0.051
9475,0.012
9476,-0.046
9477,0.027
9478,0.049
9479,-0.142
9480,0.051
9481,0.005
9482,-0.059
9483,-0.227
9484,-0.254
9485,-0.068
9486,-0.154
9487,-0.168
9488,-0.203
9489,-0.095
9490,-0.015
9491,-0.176
9492,-0.132
9493,-0.115
9494,-0.156
9495,-0.078
9496,-0.107
9497,-0.073
9498,0.002
9499,-0.022
9500,-0.046
9501,-0.012
9502,-0.139
9503,-0.264
9504,-0.129
9505,-0.022
9506,-0.095
9507,-0.225
9508,-0.151
9509,0.01
9510,-0.095
9511,-0.215
9512,-0.061
9513,-0.078
9514,-0.098
9515,-0.015
9516,0.054
9517,0.044
9518,-0.073
9519,0.061
9520,0.073
9521,-0.044
9522,-0.178
9523,-0.024
9524,0.037
9525,-0.161
9526,-0.181
9527,-0.154
9528,-0.139
9529,-0.117
9530,-0.178
9531,-0.132
9532,-0.042
9533,0.015
9534,-0.125
9535,-0.125
9536,-0.154
9537,-0.154
9538,-0.164
9539,0.044
9540,-0.042
9541,-0.134
9542,-0.164
9543,-0.02
9544,-0.007
9545,-0.264
9546,-0.151
9547,-0.178
9548,-0.178
9549,-0.137
9550,-0.198
9551,-0.129
9552,0.125
9553,0.09
9554,-0.078
9555,-0.027
9556,0.085
9557,-0.054
9558,-0.129
9559,-0.02
9560,0.088
9561,0.081
9562,-0.142
9563,-0.078
9564,-0.022
9565,-0.159
9566,-0.286
9567,-0.1
9568,-0.061
9569,-0.276
9570,-0.098
9571,-0.022
9572,-0.139
9573,-0.117
9574,-0.029
9575,-0.068
9576,-0.022
9577,-0.327
9578,-0.166
9579,-0.061
9580,0.017
9581,0.005
9582,-0.146
9583,-0.261
9584,-0.215
9585,-0.002
9586,-0.076
9587,-0.122
9588,-0.039
9589,-0.103
9590,-0.261
9591,-0.205
9592,-0.176
9593,-0.063
9594,0.015
9595,-0.029
9596,-0.059
9597,-0.037
9598,-0.042
9599,0.02
9600,0.066
9601,-0.029
9602,-0.12
9603,-0.125
9604,-0.017
9605,-0.129
9606,-0.232
9607,-0.034
9608,-0.122
9609,-0.144
9610,-0.149
9611,-0.12
9612,-0.115
9613,-0.088
9614,-0.215
9615,-0.105
9616,-0.12
9617,-0.066
9618,-0.02
9619,-0.181
9620,-0.173
9621,-0.134
9622,-0.076
9623,0.127
9624,-0.015
9625,-0.237
9626,-0.112
9627,-0.02
9628,-0.068
9629,-0.161
9630,-0.146
9631,-0.232
9632,-0.193
9633,-0.049
9634,-0.103
9635,-0.227
9636,-0.081
9637,-0.068
9638,-0.056
9639,-0.066
9640,-0.022
9641,-0.068
9642,-0.01
9643,-0.117
9644,-0.068
9645,-0.076
9646,-0.178
9647,-0.098
9648,-0.122
9649,-0.242
9650,-0.156
9651,-0.103
9652,-0.137
9653,-0.093
9654,-0.103
9655,0.007
9656,-0.178
9657,-0.181
9658,-0.017
9659,-0.107
9660,-0.195
9661,-0.149
9662,-0.024
9663,0.066
9664,-0.068
9665,-0.232
9666,-0.193
9667,-0.125
9668,-0.049
9669,-0.173
9670,-0.242
9671,-0.166
9672,-0.164
9673,-0.239
9674,-0.173
9675,-0.02
9676,0.012
9677,-0.01
9678,-0.078
9679,-0.127
9680,-0.046
9681,-0.002
9682,0.076
9683,0.01
9684,-0.132
9685,-0.125
9686,-0.012
9687,-0.068
9688,-0.151
9689,-0.156
9690,-0.129
9691,-0.154
9692,-0.261
9693,-0.3
9694,-0.181
9695,-0.125
9696,-0.107
9697,-0.059
9698,-0.071
9699,-0.078
9700,-0.168
9701,-0.027
9702,-0.034
9703,-0.024
9704,-0.137
9705,-0.11
9706,0.042
9707,-0.083
9708,0.002
9709,-0.098
9710,-0.159
9711,-0.173
9712,-0.195
9713,-0.027
9714,-0.005
9715,-0.188
9716,-0.146
9717,-0.107
9718,-0.056
9719,0.066
9720,-0.059
9721,0.005
9722,0.012
9723,-0.105
9724,0.024
9725,-0.049
9726,-0.027
9727,-0.046
9728,-0.044
9729,-0.049
9730,-0.103
9731,-0.21
9732,-0.168
9733,-0.09
9734,-0.159
9735,-0.127
9736,0.059
9737,-0.081
9738,-0.186
9739,-0.085
9740,0.049
9741,-0.142
9742,-0.115
9743,-0.01
9744,0.022
9745,-0.107
9746,-0.056
9747,-0.127
9748,-0.19
9749,-0.181
9750,-0.078
9751,-0.154
9752,-0.059
9753,-0.317
9754,-0.156
9755,-0.142
9756,-0.176
9757,-0.056
9758,-0.078
9759,-0.027
9760,0.044
9761,0.056
9762,-0.012
9763,-0.039
9764,0.076
9765,0.046
9766,-0.044
9767,-0.049
9768,-0.125
9769,-0.173
9770,-0.117
9771,-0.039
9772,-0.02
9773,-0.107
9774,-0.129
9775,-0.107
9776,-0.095
9777,-0.098
9778,-0.151
9779,-0.02
9780,-0.054
9781,-0.076
9782,-0.122
9783,-0.039
9784,-0.11
9785,-0.063
9786,-0.029
9787,-0.044
9788,-0.208
9789,-0.132
9790,-0.132
9791,-0.142
9792,-0.125
9793,-0.215
9794,-0.19
9795,-0.225
9796,-0.081
9797,-0.088
9798,-0.022
9799,-0.061
9800,-0.046
9801,-0.024
9802,-0.024
9803,0.002
9804,0.027
9805,-0.012
9806,-0.127
9807,-0.103
9808,-0.022
9809,-0.161
9810,-0.1
9811,-0.024
9812,-0.059
9813,-0.095
9814,-0.146
9815,-0.132
9816,-0.151
9817,-0.229
9818,-0.027
9819,-0.134
9820,-0.164
9821,-0.024
9822,-0.02
9823,-0.098
9824,-0.186
9825,-0.11
9826,0.042
9827,-0.012
9828,-0.164
9829,-0.098
9830,-0.083
9831,-0.166
9832,-0.081
9833,-0.127
9834,-0.139
9835,-0.078
9836,-0.007
9837,-0.078
9838,-0.029
9839,-0.056
9840,-0.049
9841,-0.037
9842,0.027
9843,0.017
9844,0.002
9845,-0.034
9846,0.005
9847,-0.061
9848,-0.049
9849,-0.012
9850,-0.09
9851,-0.095
9852,-0.156
9853,-0.002
9854,-0.117
9855,-0.134
9856,-0.288
9857,-0.154
9858,0.066
9859,-0.188
9860,-0.054
9861,0.1
9862,0.073
9863,-0.129
9864,0.054
9865,-0.134
9866,-0.09
9867,-0.295
9868,-0.208
9869,-0.222
9870,-0.161
9871,-0.2
9872,-0.012
9873,-0.19
9874,-0.286
9875,-0.071
9876,-0.054
9877,-0.249
9878,0.0
9879,0.227
9880,-0.063
9881,-0.247
9882,0.132
9883,0.022
9884,-0.073
9885,-0.061
9886,0.11
9887,0.061
9888,-0.042
9889,-0.164
9890,0.042
9891,-0.115
9892,-0.134
9893,-0.007
9894,-0.081
9895,-0.195
9896,-0.161
9897,-0.181
9898,-0.129
9899,-0.093
9900,0.098
9901,-0.132
9902,-0.015
9903,-0.007
9904,0.042
9905,-0.051
9906,-0.02
9907,0.063
9908,-0.066
9909,-0.222
9910,-0.122
9911,-0.093
9912,-0.071
9913,-0.183
9914,-0.195
9915,-0.247
9916,-0.112
9917,-0.21
9918,-0.188
9919,-0.046
9920,-0.068
9921,-0.396
9922,-0.037
9923,0.076
9924,-0.024
9925,-0.02
9926,0.11
9927,-0.032
9928,-0.125
9929,-0.088
9930,-0.125
9931,-0.076
9932,-0.156
9933,-0.002
9934,-0.095
9935,-0.212
9936,-0.244
9937,0.017
9938,-0.205
9939,-0.164
9940,-0.103
9941,-0.095
9942,-0.178
9943,-0.149
9944,-0.19
9945,0.112
9946,-0.01
9947,-0.356
9948,-0.164
9949,0.266
9950,-0.251
9951,-0.327
9952,0.059
9953,0.032
9954,-0.386
9955,-0.034
9956,0.039
9957,-0.366
9958,-0.21
9959,-0.083
9960,0.11
9961,-0.024
9962,-0.264
9963,0.061
9964,0.21
9965,-0.408
9966,-0.078
9967,-0.056
9968,-0.156
9969,0.024
9970,-0.176
9971,-0.276
9972,0.034
9973,-0.149
9974,-0.312
9975,0.049
9976,-0.261
9977,-0.21
9978,-0.068
9979,-0.051
9980,-0.068
9981,-0.105
9982,-0.117
9983,-0.007
9984,0.029
9985,-0.088
9986,0.154
9987,0.137
9988,-0.068
9989,0.081
9990,-0.107
9991,0.061
9992,0.037
9993,-0.142
9994,-0.234
9995,0.0
9996,-0.203
9997,0.046
9998,-0.044
9999,-0.249
10000,0.005
10001,-0.078
10002,-0.286
10003,0.022
10004,0.073
10005,-0.254
10006,-0.09
10007,0.122
10008,-0.176
10009,0.012
10010,-0.007
10011,0.046
10012,-0.017
10013,-0.264
10014,-0.166
10015,0.105
10016,-0.31
10017,-0.256
10018,-0.237
10019,-0.266
10020,-0.256
10021,-0.183
10022,-0.139
10023,-0.093
10024,-0.032
10025,-0.178
10026,-0.212
10027,-0.127
10028,-0.1
10029,-0.095
10030,-0.085
10031,0.22
10032,-0.273
10033,-0.308
10034,0.156
10035,-0.027
10036,-0.193
10037,0.076
10038,-0.063
10039,-0.134
10040,-0.098
10041,-0.083
10042,-0.2
10043,-0.359
10044,-0.005
10045,-0.034
10046,-0.142
10047,-0.146
10048,0.024
10049,0.051
10050,0.061
10051,-0.078
10052,-0.085
10053,-0.066
10054,-0.01
10055,-0.122
10056,-0.027
10057,-0.078
10058,-0.01
10059,-0.017
10060,-0.059
10061,-0.098
10062,0.125
10063,-0.01
10064,-0.059
10065,-0.132
10066,-0.095
10067,-0.105
10068,-0.081
10069,-0.076
10070,-0.073
10071,-0.212
10072,-0.149
10073,-0.093
10074,-0.283
10075,-0.232
10076,-0.017
10077,-0.002
10078,-0.178
10079,-0.249
10080,-0.261
10081,-0.154
10082,-0.127
10083,-0.083
10084,0.027
10085,0.034
10086,0.002
10087,-0.073
10088,0.017
10089,-0.149
10090,0.002
10091,-0.007
10092,-0.029
10093,-0.039
10094,-0.215
10095,-0.227
10096,-0.217
10097,-0.056
10098,0.037
10099,-0.132
10100,-0.264
10101,-0.078
10102,0.061
10103,-0.137
10104,-0.227
10105,0.007
10106,-0.066
10107,-0.107
10108,0.01
10109,-0.063
10110,-0.066
10111,-0.007
10112,-0.105
10113,-0.234
10114,-0.049
10115,-0.21
10116,-0.173
10117,-0.117
10118,-0.254
10119,-0.261
10120,0.09
10121,-0.098
10122,-0.293
10123,-0.142
10124,-0.166
10125,0.046
10126,0.32
10127,-0.02
10128,-0.129
10129,0.034
10130,-0.105
10131,-0.183
10132,0.007
10133,-0.015
10134,-0.093
10135,-0.02
10136,-0.063
10137,-0.256
10138,-0.137
10139,0.076
10140,0.068
10141,-0.144
10142,-0.156
10143,-0.095
10144,-0.242
10145,0.002
10146,0.071
10147,-0.02
10148,-0.154
10149,-0.071
10150,0.007
10151,0.029
10152,-0.146
10153,-0.168
10154,-0.005
10155,-0.239
10156,-0.076
10157,-0.037
10158,-0.195
10159,-0.178
10160,0.029
10161,-0.046
10162,-0.181
10163,-0.142
10164,-0.12
10165,0.081
10166,-0.083
10167,-0.122
10168,-0.066
10169,0.007
10170,-0.11
10171,-0.125
10172,-0.159
10173,-0.078
10174,0.037
10175,-0.107
10176,-0.061
10177,-0.259
10178,-0.154
10179,-0.02
10180,-0.068
10181,-0.078
10182,-0.195
10183,-0.049
10184,-0.059
10185,-0.073
10186,0.059
10187,-0.017
10188,-0.002
10189,-0.137
10190,-0.056
10191,-0.044
10192,-0.071
10193,-0.078
10194,-0.076
10195,-0.232
10196,-0.115
10197,-0.144
10198,-0.325
10199,-0.01
10200,-0.093
10201,-0.09
10202,-0.056
10203,-0.166
10204,-0.095
10205,0.112
10206,-0.085
10207,-0.161
10208,0.068
10209,0.007
10210,-0.156
10211,0.161
10212,-0.129
10213,-0.305
10214,-0.146
10215,-0.232
10216,-0.137
10217,0.125
10218,-0.359
10219,-0.234
10220,-0.237
10221,-0.186
10222,-0.193
10223,-0.059
10224,-0.229
10225,-0.044
10226,-0.029
10227,-0.159
10228,-0.088
10229,0.049
10230,-0.078
10231,-0.078
10232,0.007
10233,-0.222
10234,-0.015
10235,0.042
10236,-0.083
10237,-0.2
10238,-0.139
10239,0.088
10240,-0.042
10241,-0.327
10242,-0.149
10243,-0.037
10244,-0.21
10245,0.037
10246,-0.044
10247,-0.056
10248,0.066
10249,0.02
10250,-0.054
10251,0.022
10252,-0.027
10253,-0.12
10254,0.007
10255,-0.061
10256,-0.166
10257,0.044
10258,-0.261
10259,-0.164
10260,-0.125
10261,-0.254
10262,-0.217
10263,-0.09
10264,-0.273
10265,-0.132
10266,-0.068
10267,-0.122
10268,-0.032
10269,-0.02
10270,-0.176
10271,-0.076
10272,-0.024
10273,-0.078
10274,-0.068
10275,-0.195
10276,-0.134
10277,-0.105
10278,-0.186
10279,-0.222
10280,-0.068
10281,-0.176
10282,-0.149
10283,-0.039
10284,-0.146
10285,-0.161
10286,-0.034
10287,-0.103
10288,-0.112
10289,0.095
10290,0.02
10291,-0.154
10292,0.3
10293,-0.095
10294,-0.271
10295,0.044
10296,0.071
10297,-0.295
10298,-0.081
10299,-0.112
10300,-0.244
10301,-0.005
10302,-0.259
10303,-0.22
10304,0.0
10305,-0.247
10306,-0.154
10307,-0.081
10308,-0.273
10309,0.076
10310,-0.02
10311,-0.337
10312,-0.061
10313,-0.063
10314,-0.349
10315,-0.022
10316,0.042
10317,-0.222
10318,-0.19
10319,-0.164
10320,-0.144
10321,-0.139
10322,-0.259
10323,-0.039
10324,-0.098
10325,-0.283
10326,-0.005
10327,0.029
10328,-0.308
10329,0.037
10330,0.132
10331,-0.193
10332,0.007
10333,-0.093
10334,-0.017
10335,0.046
10336,-0.059
10337,-0.127
10338,-0.129
10339,-0.312
10340,-0.149
10341,0.039
10342,-0.266
10343,-0.171
10344,-0.144
10345,-0.242
10346,-0.061
10347,-0.071
10348,-0.095
10349,-0.032
10350,0.015
10351,-0.068
10352,-0.002
10353,-0.002
10354,-0.007
10355,0.015
10356,-0.132
10357,-0.183
10358,-0.042
10359,-0.193
10360,-0.149
10361,-0.19
10362,-0.129
10363,-0.088
10364,-0.049
10365,-0.227
10366,-0.2
10367,-0.107
10368,-0.095
10369,-0.017
10370,-0.085
10371,-0.046
10372,-0.195
10373,-0.107
10374,-0.134
10375,-0.081
10376,-0.09
10377,-0.076
10378,-0.034
10379,-0.144
10380,-0.195
10381,-0.203
10382,-0.02
10383,-0.02
10384,-0.02
10385,-0.122
10386,-0.134
10387,-0.156
10388,-0.042
10389,-0.144
10390,-0.049
10391,0.044
10392,-0.203
10393,-0.081
10394,-0.139
10395,0.024
10396,0.049
10397,-0.146
10398,-0.234
10399,-0.088
10400,-0.039
10401,-0.229
10402,-0.168
10403,-0.127
10404,-0.032
10405,-0.161
10406,-0.078
10407,-0.176
10408,-0.11
10409,-0.078
10410,-0.071
10411,-0.051
10412,0.005
10413,-0.024
10414,-0.02
10415,0.061
10416,-0.037
10417,-0.093
10418,-0.103
10419,-0.032
10420,-0.1
10421,-0.195
10422,-0.171
10423,-0.132
10424,-0.105
10425,-0.171
10426,-0.085
10427,-0.09
10428,-0.007
10429,-0.117
10430,-0.061
10431,-0.061
10432,-0.059
10433,-0.051
10434,-0.11
10435,-0.098
10436,-0.078
10437,-0.061
10438,-0.178
10439,-0.037
10440,-0.151
10441,-0.317
10442,-0.117
10443,-0.156
10444,-0.117
10445,-0.273
10446,-0.139
10447,-0.232
10448,-0.103
10449,-0.137
10450,-0.015
10451,0.017
10452,-0.007
10453,-0.027
10454,-0.105
10455,-0.049
10456,-0.037
10457,0.112
10458,0.042
10459,-0.049
10460,-0.134
10461,0.005
10462,-0.027
10463,-0.022
10464,-0.1
10465,-0.183
10466,-0.078
10467,0.029
10468,-0.225
10469,-0.11
10470,-0.044
10471,-0.166
10472,-0.073
10473,0.02
10474,-0.134
10475,-0.283
10476,-0.161
10477,-0.032
10478,-0.066
10479,-0.273
10480,-0.256
10481,-0.081
10482,-0.254
10483,-0.161
10484,0.002
10485,-0.09
10486,-0.168
10487,-0.015
10488,0.103
10489,-0.034
10490,-0.217
10491,0.244
10492,0.139
10493,-0.107
10494,-0.181
10495,0.09
10496,0.005
10497,-0.093
10498,-0.188
10499,0.112
10500,-0.071
10501,-0.117
10502,0.01
10503,-0.063
10504,-0.229
10505,-0.168
10506,0.012
10507,-0.21
10508,-0.229
10509,-0.02
10510,0.012
10511,0.11
10512,-0.051
10513,-0.129
10514,0.063
10515,0.034
10516,-0.217
10517,0.044
10518,-0.093
10519,-0.273
10520,-0.164
10521,-0.005
10522,-0.107
10523,-0.005
10524,-0.137
10525,-0.19
10526,-0.027
10527,-0.137
10528,-0.19
10529,0.068
10530,0.12
10531,-0.286
10532,-0.1
10533,0.154
10534,0.083
10535,-0.012
10536,-0.112
10537,-0.137
10538,-0.112
10539,-0.012
10540,-0.034
10541,-0.103
10542,-0.178
10543,-0.073
10544,-0.02
10545,-0.188
10546,-0.12
10547,-0.01
10548,-0.146
10549,-0.032
10550,-0.015
10551,-0.139
10552,-0.037
10553,-0.027
10554,-0.081
10555,-0.044
10556,-0.149
10557,-0.051
10558,-0.076
10559,-0.149
10560,-0.173
10561,-0.032
10562,-0.2
10563,-0.029
10564,-0.095
10565,-0.066
10566,-0.205
10567,-0.098
10568,0.01
10569,-0.051
10570,-0.085
10571,-0.063
10572,0.02
10573,-0.117
10574,-0.01
10575,0.049
10576,0.01
10577,0.081
10578,0.005
10579,-0.142
10580,-0.034
10581,-0.012
10582,-0.188
10583,-0.112
10584,-0.22
10585,-0.137
10586,-0.051
10587,-0.039
10588,-0.142
10589,-0.081
10590,0.042
10591,0.012
10592,0.002
10593,-0.076
10594,-0.159
10595,-0.139
10596,0.042
10597,-0.105
10598,-0.139
10599,-0.051
10600,0.012
10601,-0.029
10602,-0.203
10603,-0.127
10604,-0.081
10605,-0.015
10606,-0.122
10607,-0.176
10608,0.051
10609,-0.115
10610,-0.232
10611,-0.022
10612,0.015
10613,-0.122
10614,-0.046
10615,-0.039
10616,0.061
10617,-0.017
10618,-0.017
10619,-0.068
10620,-0.081
10621,-0.168
10622,-0.164
10623,-0.076
10624,-0.166
10625,-0.198
10626,-0.176
10627,0.024
10628,-0.146
10629,-0.015
10630,-0.063
10631,-0.088
10632,0.012
10633,0.0
10634,0.015
10635,-0.068
10636,-0.049
10637,-0.176
10638,-0.024
10639,-0.095
10640,-0.203
10641,-0.266
10642,-0.112
10643,-0.134
10644,-0.208
10645,-0.1
10646,0.002
10647,0.115
10648,-0.251
10649,-0.073
10650,0.007
10651,-0.215
10652,-0.117
10653,-0.02
10654,0.12
10655,-0.085
10656,-0.012
10657,-0.122
10658,-0.088
10659,-0.078
10660,-0.017
10661,-0.156
10662,-0.093
10663,-0.083
10664,-0.149
10665,-0.164
10666,-0.088
10667,-0.068
10668,-0.159
10669,-0.076
10670,-0.103
10671,0.029
10672,-0.068
10673,-0.09
10674,0.044
10675,-0.181
10676,-0.051
10677,0.024
10678,-0.076
10679,0.0
10680,0.049
10681,-0.127
10682,0.042
10683,-0.029
10684,-0.056
10685,-0.105
10686,-0.127
10687,-0.12
10688,-0.161
10689,-0.161
10690,-0.068
10691,0.073
10692,-0.12
10693,-0.01
10694,0.029
10695,-0.027
10696,-0.251
10697,-0.171
10698,0.125
10699,-0.085
10700,-0.188
10701,-0.017
10702,0.002
10703,-0.095
10704,-0.225
10705,-0.203
10706,-0.164
10707,-0.176
10708,-0.129
10709,-0.034
10710,-0.073
10711,-0.117
10712,-0.161
10713,-0.039
10714,-0.212
10715,-0.088
10716,-0.173
10717,-0.244
10718,-0.125
10719,-0.093
10720,-0.034
10721,-0.083
10722,-0.127
10723,-0.281
10724,-0.171
10725,-0.208
10726,-0.115
10727,-0.125
10728,0.02
10729,-0.002
10730,-0.188
10731,-0.142
10732,-0.007
10733,-0.071
10734,-0.068
10735,-0.032
10736,-0.029
10737,-0.034
10738,-0.078
10739,-0.042
10740,-0.059
10741,-0.327
10742,-0.039
10743,-0.073
10744,-0.21
10745,-0.278
10746,-0.173
10747,-0.176
10748,-0.049
10749,-0.234
10750,-0.117
10751,-0.046
10752,-0.088
10753,-0.093
10754,-0.078
10755,-0.02
10756,0.01
10757,0.024
10758,-0.107
10759,-0.125
10760,-0.081
10761,-0.247
10762,-0.234
10763,-0.186
10764,-0.129
10765,-0.083
10766,-0.081
10767,-0.122
10768,-0.129
10769,-0.244
10770,-0.037
10771,0.017
10772,-0.156
10773,-0.271
10774,-0.002
10775,0.051
10776,-0.039
10777,-0.068
10778,-0.024
10779,-0.076
10780,-0.103
10781,-0.059
10782,-0.061
10783,-0.063
10784,-0.164
10785,-0.095
10786,0.054
10787,-0.054
10788,-0.166
10789,-0.32
10790,-0.022
10791,-0.21
10792,-0.31
10793,-0.132
10794,-0.127
10795,-0.088
10796,-0.156
10797,-0.142
10798,-0.059
10799,-0.115
10800,-0.095
10801,-0.173
10802,-0.063
10803,-0.132
10804,-0.256
10805,-0.002
10806,0.127
10807,-0.159
10808,-0.22
10809,-0.103
10810,-0.015
10811,-0.112
10812,-0.239
10813,-0.098
10814,0.002
10815,-0.107
10816,-0.154
10817,0.005
10818,-0.039
10819,-0.125
10820,-0.007
10821,0.085
10822,-0.122
10823,-0.107
10824,0.01
10825,0.051
10826,-0.132
10827,-0.19
10828,-0.063
10829,0.049
10830,-0.164
10831,-0.073
10832,0.0
10833,-0.103
10834,-0.132
10835,-0.12
10836,-0.029
10837,-0.159
10838,-0.156
10839,-0.132
10840,-0.103
10841,-0.127
10842,-0.042
10843,0.034
10844,-0.159
10845,-0.239
10846,-0.073
10847,-0.085
10848,-0.178
10849,-0.117
10850,-0.144
10851,-0.122
10852,-0.125
10853,-0.039
10854,-0.081
10855,-0.098
10856,-0.11
10857,-0.161
10858,-0.044
10859,-0.02
10860,-0.059
10861,-0.044
10862,-0.095
10863,-0.183
10864,-0.088
10865,-0.122
10866,-0.027
10867,-0.032
10868,-0.142
10869,-0.061
10870,-0.139
10871,-0.098
10872,0.002
10873,-0.085
10874,-0.159
10875,-0.159
10876,-0.039
10877,-0.076
10878,-0.117
10879,-0.066
10880,-0.01
10881,-0.183
10882,-0.139
10883,-0.134
10884,-0.088
10885,-0.083
10886,-0.12
10887,-0.063
10888,-0.134
10889,-0.132
10890,-0.005
10891,-0.134
10892,-0.168
10893,-0.059
10894,0.02
10895,0.022
10896,0.049
10897,-0.022
10898,-0.073
10899,-0.049
10900,-0.063
10901,-0.142
10902,-0.098
10903,0.027
10904,0.044
10905,-0.156
10906,-0.176
10907,0.076
10908,-0.046
10909,-0.156
10910,-0.293
10911,-0.178
10912,-0.061
10913,-0.149
10914,-0.142
10915,-0.125
10916,0.017
10917,-0.112
10918,-0.159
10919,-0.122
10920,-0.017
10921,-0.066
10922,-0.054
10923,-0.137
10924,-0.156
10925,-0.042
10926,-0.02
10927,-0.093
10928,-0.173
10929,-0.115
10930,-0.056
10931,-0.239
10932,-0.212
10933,-0.081
10934,-0.034
10935,-0.093
10936,-0.11
10937,0.005
10938,0.027
10939,-0.071
10940,-0.068
10941,0.066
10942,0.073
10943,0.044
10944,-0.039
10945,-0.066
10946,-0.068
10947,-0.049
10948,-0.132
10949,-0.024
10950,-0.071
10951,-0.264
10952,-0.264
10953,-0.139
10954,-0.149
10955,-0.229
10956,-0.129
10957,-0.09
10958,-0.132
10959,-0.176
10960,-0.056
10961,-0.022
10962,-0.095
10963,-0.227
10964,-0.151
10965,0.007
10966,-0.203
10967,-0.229
10968,-0.073
10969,-0.01
10970,-0.022
10971,0.059
10972,-0.029
10973,-0.171
10974,-0.151
10975,-0.061
10976,-0.105
10977,0.068
10978,0.027
10979,-0.193
10980,-0.024
10981,-0.095
10982,0.02
10983,-0.039
10984,0.029
10985,-0.002
10986,-0.146
10987,-0.132
10988,-0.044
10989,-0.063
10990,-0.125
10991,-0.129
10992,-0.176
10993,-0.046
10994,-0.093
10995,-0.256
10996,-0.193
10997,-0.042
10998,-0.076
10999,-0.232
11000,0.056
11001,-0.12
11002,-0.21
11003,-0.11
11004,0.076
11005,-0.142
11006,-0.237
11007,0.076
11008,0.044
11009,-0.181
11010,-0.171
11011,0.139
11012,-0.037
11013,-0.178
11014,-0.242
11015,0.005
11016,-0.059
11017,-0.095
11018,-0.071
11019,0.01
11020,-0.127
11021,-0.159
11022,0.034
11023,0.029
11024,-0.032
11025,-0.22
11026,-0.068
11027,-0.098
11028,-0.107
11029,-0.076
11030,-0.046
11031,-0.081
11032,-0.166
11033,-0.171
11034,-0.127
11035,0.0
11036,-0.139
11037,-0.107
11038,-0.059
11039,-0.137
11040,-0.127
11041,-0.085
11042,0.063
11043,-0.059
11044,-0.024
11045,-0.21
11046,-0.022
11047,-0.159
11048,-0.059
11049,-0.083
11050,-0.107
11051,-0.156
11052,-0.029
11053,-0.176
11054,-0.239
11055,0.044
11056,-0.054
11057,-0.176
11058,-0.02
11059,-0.093
11060,-0.103
11061,0.046
11062,-0.046
11063,-0.063
11064,0.015
11065,-0.139
11066,-0.098
11067,-0.156
11068,-0.1
11069,-0.164
11070,-0.127
11071,-0.117
11072,-0.134
11073,-0.112
11074,-0.2
11075,-0.164
11076,-0.125
11077,-0.117
11078,-0.176
11079,-0.122
11080,-0.122
11081,-0.051
11082,-0.137
11083,-0.122
11084,-0.039
11085,-0.222
11086,-0.037
11087,-0.093
11088,-0.115
11089,-0.186
11090,-0.081
11091,-0.159
11092,-0.166
11093,-0.095
11094,-0.103
11095,-0.115
11096,-0.063
11097,0.029
11098,-0.02
11099,0.02
11100,-0.078
11101,-0.034
11102,-0.002
11103,-0.193
11104,-0.115
11105,-0.022
11106,-0.002
11107,-0.161
11108,-0.061
11109,-0.117
11110,-0.144
11111,-0.19
11112,-0.107
11113,-0.142
11114,-0.12
11115,0.0
11116,-0.129
11117,-0.022
11118,-0.11
11119,-0.071
11120,-0.081
11121,0.012
11122,-0.142
11123,-0.234
11124,-0.149
11125,-0.129
11126,-0.063
11127,-0.2
11128,-0.107
11129,-0.193
11130,-0.134
11131,-0.188
11132,-0.107
11133,-0.168
11134,-0.107
11135,-0.137
11136,0.002
11137,-0.01
11138,-0.117
11139,0.002
11140,-0.054
11141,-0.022
11142,-0.107
11143,-0.093
11144,-0.061
11145,0.059
11146,-0.081
11147,-0.146
11148,-0.066
11149,-0.132
11150,-0.093
11151,-0.122
11152,-0.085
11153,-0.129
11154,-0.171
11155,-0.044
11156,-0.015
11157,-0.037
11158,-0.183
11159,-0.049
11160,-0.078
11161,-0.264
11162,-0.146
11163,0.002
11164,-0.066
11165,-0.227
11166,-0.046
11167,-0.125
11168,-0.073
11169,-0.161
11170,-0.054
11171,-0.083
11172,-0.046
11173,-0.261
11174,-0.164
11175,-0.149
11176,-0.137
11177,-0.095
11178,-0.142
11179,-0.042
11180,-0.049
11181,-0.051
11182,-0.159
11183,0.056
11184,0.039
11185,-0.061
11186,-0.1
11187,-0.076
11188,0.0
11189,-0.049
11190,-0.1
11191,-0.142
11192,-0.129
11193,-0.173
11194,0.005
11195,-0.19
11196,-0.222
11197,0.039
11198,0.066
11199,-0.02
11200,-0.066
11201,-0.024
11202,-0.134
11203,-0.098
11204,-0.076
11205,-0.017
11206,-0.332
11207,-0.122
11208,-0.054
11209,-0.122
11210,-0.176
11211,-0.198
11212,-0.178
11213,-0.076
11214,-0.066
11215,-0.161
11216,-0.042
11217,-0.178
11218,-0.007
11219,-0.095
11220,-0.183
11221,-0.044
11222,0.005
11223,-0.049
11224,0.015
11225,0.066
11226,-0.146
11227,-0.059
11228,-0.056
11229,0.054
11230,-0.166
11231,-0.217
11232,-0.142
11233,-0.039
11234,-0.029
11235,-0.256
11236,-0.056
11237,-0.098
11238,-0.039
11239,-0.159
11240,-0.01
11241,-0.105
11242,-0.002
11243,-0.073
11244,-0.188
11245,-0.151
11246,-0.115
11247,0.024
11248,-0.132
11249,-0.132
11250,-0.146
11251,-0.068
11252,-0.068
11253,-0.151
11254,-0.046
11255,0.032
11256,0.01
11257,-0.088
11258,0.085
11259,-0.049
11260,-0.081
11261,-0.098
11262,0.063
11263,-0.127
11264,0.005
11265,0.017
11266,0.002
11267,-0.073
11268,-0.098
11269,0.007
11270,-0.166
11271,-0.098
11272,-0.012
11273,-0.042
11274,-0.159
11275,-0.073
11276,-0.059
11277,-0.11
11278,-0.127
11279,-0.059
11280,0.049
11281,-0.125
11282,-0.044
11283,-0.117
11284,-0.032
11285,-0.012
11286,0.0
11287,-0.125
11288,-0.195
11289,-0.085
11290,-0.122
11291,-0.176
11292,-0.117
11293,-0.061
11294,-0.137
11295,-0.02
11296,-0.12
11297,-0.198
11298,-0.146
11299,-0.049
11300,0.015
11301,0.073
11302,0.049
11303,-0.034
11304,0.083
11305,-0.061
11306,-0.078
11307,-0.044
11308,-0.01
11309,0.029
11310,-0.193
11311,-0.195
11312,-0.22
11313,-0.034
11314,-0.093
11315,0.039
11316,-0.093
11317,-0.093
11318,-0.098
11319,-0.063
11320,0.024
11321,-0.181
11322,-0.142
11323,-0.112
11324,0.081
11325,-0.181
11326,-0.015
11327,-0.012
11328,-0.112
11329,-0.137
11330,-0.156
11331,-0.076
11332,-0.181
11333,-0.232
11334,-0.308
11335,-0.015
11336,-0.088
11337,-0.12
11338,-0.044
11339,-0.217
11340,-0.017
11341,-0.007
11342,0.181
11343,-0.024
11344,-0.007
11345,-0.093
11346,0.078
11347,0.068
11348,-0.051
11349,0.037
11350,0.059
11351,-0.139
11352,-0.173
11353,-0.02
11354,-0.164
11355,-0.146
11356,-0.237
11357,-0.02
11358,-0.098
11359,-0.288
11360,-0.183
11361,-0.002
11362,0.02
11363,-0.2
11364,-0.151
11365,0.02
11366,-0.027
11367,0.022
11368,-0.034
11369,-0.142
11370,-0.056
11371,-0.09
11372,-0.068
11373,-0.049
11374,-0.195
11375,-0.225
11376,-0.195
11377,-0.051
11378,-0.085
11379,0.063
11380,-0.012
11381,-0.046
11382,-0.034
11383,-0.129
11384,-0.024
11385,0.017
11386,0.085
11387,-0.159
11388,-0.137
11389,-0.159
11390,-0.105
11391,-0.063
11392,-0.032
11393,-0.029
11394,-0.11
11395,-0.098
11396,-0.288
11397,-0.093
11398,0.037
11399,-0.049
11400,-0.134
11401,-0.09
11402,-0.129
11403,-0.044
11404,-0.081
11405,-0.098
11406,0.044
11407,-0.098
11408,-0.11
11409,-0.032
11410,-0.146
11411,-0.159
11412,0.005
11413,-0.049
11414,-0.183
11415,-0.249
11416,-0.205
11417,-0.037
11418,0.027
11419,-0.117
11420,-0.081
11421,0.012
11422,-0.176
11423,0.134
11424,0.281
11425,-0.059
11426,-0.166
11427,-0.051
11428,0.237
11429,-0.139
11430,-0.171
11431,-0.117
11432,-0.132
11433,-0.234
11434,-0.027
11435,-0.247
11436,-0.225
11437,-0.107
11438,-0.161
11439,-0.256
11440,-0.173
11441,0.051
11442,-0.022
11443,-0.193
11444,-0.139
11445,0.122
11446,-0.081
11447,-0.178
11448,0.039
11449,-0.061
11450,-0.088
11451,-0.166
11452,-0.066
11453,-0.173
11454,-0.173
11455,-0.183
11456,-0.1
11457,-0.251
11458,-0.286
11459,-0.005
11460,-0.125
11461,-0.095
11462,0.015
11463,0.032
11464,-0.117
11465,-0.078
11466,-0.076
11467,0.01
11468,0.042
11469,-0.19
11470,-0.071
11471,-0.073
11472,-0.134
11473,-0.09
11474,0.02
11475,-0.156
11476,-0.156
11477,-0.33
11478,-0.237
11479,-0.034
11480,-0.154
11481,-0.227
11482,-0.195
11483,-0.173
11484,-0.159
11485,0.0
11486,-0.039
11487,-0.139
11488,-0.122
11489,-0.022
11490,-0.039
11491,0.0
11492,0.002
11493,-0.063
11494,-0.078
11495,-0.151
11496,-0.039
11497,-0.176
11498,-0.254
11499,-0.093
11500,-0.024
11501,-0.2
11502,-0.222
11503,-0.103
11504,-0.173
11505,-0.02
11506,-0.146
11507,-0.1
11508,-0.046
11509,-0.178
11510,-0.081
11511,0.129
11512,-0.017
11513,-0.059
11514,-0.042
11515,-0.071
11516,-0.107
11517,-0.295
11518,-0.159
11519,-0.149
11520,-0.247
11521,-0.283
11522,-0.105
11523,-0.066
11524,-0.242
11525,-0.09
11526,-0.115
11527,-0.103
11528,-0.156
11529,-0.083
11530,-0.015
11531,-0.017
11532,-0.115
11533,-0.095
11534,-0.068
11535,-0.01
11536,-0.188
11537,-0.127
11538,0.015
11539,-0.1
11540,-0.105
11541,-0.129
11542,-0.066
11543,-0.063
11544,-0.088
11545,-0.005
11546,-0.034
11547,0.037
11548,-0.068
11549,0.049
11550,0.005
11551,-0.005
11552,-0.1
11553,-0.088
11554,-0.11
11555,-0.208
11556,-0.154
11557,-0.2
11558,-0.19
11559,-0.183
11560,-0.239
11561,-0.159
11562,-0.059
11563,-0.222
11564,-0.159
11565,0.1
11566,-0.063
11567,-0.161
11568,-0.178
11569,0.005
11570,-0.076
11571,-0.085
11572,-0.166
11573,-0.105
11574,-0.203
11575,-0.298
11576,-0.198
11577,-0.161
11578,-0.21
11579,-0.242
11580,-0.1
11581,-0.088
11582,-0.095
11583,-0.276
11584,-0.115
11585,-0.012
11586,-0.01
11587,0.002
11588,-0.054
11589,0.007
11590,-0.022
11591,0.034
11592,0.049
11593,-0.063
11594,-0.032
11595,-0.154
11596,-0.083
11597,0.029
11598,0.012
11599,-0.095
11600,-0.034
11601,-0.232
11602,-0.178
11603,-0.015
11604,-0.066
11605,-0.098
11606,-0.208
11607,-0.029
11608,-0.039
11609,-0.042
11610,-0.149
11611,-0.134
11612,-0.088
11613,-0.034
11614,-0.215
11615,-0.168
11616,-0.046
11617,-0.017
11618,-0.178
11619,-0.081
11620,-0.032
11621,-0.251
11622,-0.037
11623,0.044
11624,-0.02
11625,-0.21
11626,-0.081
11627,0.085
11628,-0.125
11629,-0.085
11630,-0.107
11631,-0.068
11632,-0.09
11633,-0.105
11634,-0.007
11635,-0.068
11636,-0.142
11637,-0.139
11638,-0.095
11639,-0.286
11640,-0.081
11641,-0.225
11642,0.005
11643,-0.105
11644,-0.078
11645,-0.149
11646,-0.015
11647,0.039
11648,-0.056
11649,-0.088
11650,-0.137
11651,-0.083
11652,-0.085
11653,-0.078
11654,-0.22
11655,-0.193
11656,-0.19
11657,-0.2
11658,-0.022
11659,-0.02
11660,-0.11
11661,-0.139
11662,0.024
11663,-0.188
11664,-0.095
11665,-0.022
11666,-0.039
11667,-0.149
11668,-0.059
11669,-0.071
11670,-0.12
11671,0.117
11672,-0.247
11673,-0.002
11674,-0.005
11675,-0.105
11676,-0.112
11677,0.085
11678,-0.115
11679,-0.015
11680,0.002
11681,-0.237
11682,-0.125
11683,-0.107
11684,-0.095
11685,-0.12
11686,-0.039
11687,-0.164
11688,-0.068
11689,-0.3
11690,-0.117
11691,0.063
11692,-0.107
11693,-0.212
11694,-0.112
11695,-0.049
11696,-0.234
11697,-0.22
11698,-0.088
11699,-0.078
11700,-0.115
11701,-0.039
11702,-0.085
11703,-0.105
11704,-0.02
11705,-0.059
11706,-0.061
11707,-0.164
11708,-0.059
11709,0.024
11710,0.078
11711,0.071
11712,-0.132
11713,-0.01
11714,-0.01
11715,-0.029
11716,-0.178
11717,-0.046
11718,-0.11
11719,-0.146
11720,-0.159
11721,-0.217
11722,-0.154
11723,-0.205
11724,-0.156
11725,-0.063
11726,0.093
11727,-0.181
11728,0.0
11729,-0.12
11730,-0.039
11731,-0.159
11732,-0.071
11733,-0.015
11734,-0.02
11735,-0.227
11736,-0.269
11737,0.01
11738,-0.027
11739,-0.12
11740,-0.142
11741,-0.09
11742,-0.239
11743,-0.146
11744,-0.149
11745,-0.071
11746,0.01
11747,-0.076
11748,0.159
11749,-0.032
11750,-0.132
11751,-0.159
11752,-0.088
11753,-0.142
11754,-0.098
11755,-0.161
11756,-0.122
11757,0.012
11758,-0.195
11759,-0.173
11760,-0.254
11761,-0.007
11762,-0.063
11763,-0.178
11764,-0.21
11765,-0.088
11766,-0.046
11767,-0.029
11768,-0.056
11769,-0.22
11770,0.007
11771,-0.044
11772,-0.049
11773,-0.046
11774,-0.066
11775,-0.149
11776,-0.151
11777,-0.054
11778,-0.225
11779,-0.198
11780,-0.217
11781,-0.046
11782,-0.159
11783,-0.195
11784,-0.225
11785,-0.032
11786,0.103
11787,-0.01
11788,-0.054
11789,-0.022
11790,0.073
11791,-0.002
11792,-0.059
11793,-0.022
11794,-0.002
11795,-0.044
11796,-0.066
11797,-0.203
11798,-0.183
11799,-0.098
11800,-0.215
11801,0.027
11802,-0.115
11803,-0.103
11804,-0.085
11805,-0.073
11806,-0.166
11807,-0.129
11808,-0.049
11809,-0.159
11810,-0.137
11811,-0.139
11812,0.012
11813,-0.193
11814,-0.11
11815,-0.022
11816,0.002
11817,-0.105
11818,-0.095
11819,-0.063
11820,-0.081
11821,-0.017
11822,-0.244
11823,-0.09
11824,-0.142
11825,-0.181
11826,-0.251
11827,-0.1
11828,-0.015
11829,-0.173
11830,-0.149
11831,-0.02
11832,0.139
11833,-0.02
11834,-0.2
11835,-0.266
11836,-0.066
11837,-0.088
11838,-0.01
11839,-0.046
11840,-0.132
11841,-0.095
11842,-0.232
11843,-0.056
11844,-0.02
11845,-0.068
11846,-0.195
11847,0.0
11848,-0.146
11849,-0.125
11850,-0.071
11851,-0.002
11852,0.029
11853,-0.249
11854,-0.078
11855,-0.034
11856,0.029
11857,-0.107
11858,-0.107
11859,-0.173
11860,-0.139
11861,-0.168
11862,-0.132
11863,-0.09
11864,-0.254
11865,-0.127
11866,-0.159
11867,-0.134
11868,-0.193
11869,0.002
11870,-0.005
11871,0.002
11872,-0.237
11873,-0.12
11874,-0.002
11875,-0.139
11876,0.012
11877,-0.137
11878,-0.051
11879,-0.012
11880,-0.125
11881,-0.066
11882,0.005
11883,-0.066
11884,-0.137
11885,-0.017
11886,-0.105
11887,-0.034
11888,-0.254
11889,-0.071
11890,-0.061
11891,-0.056
11892,-0.208
11893,-0.137
11894,-0.015
11895,-0.027
11896,-0.063
11897,-0.154
11898,0.01
11899,-0.154
11900,-0.205
11901,-0.225
11902,-0.103
11903,-0.095
11904,-0.039
11905,0.022
11906,-0.12
11907,-0.105
11908,-0.183
11909,0.015
11910,-0.105
11911,-0.056
11912,0.002
11913,0.125
11914,-0.02
11915,-0.149
11916,-0.151
11917,-0.259
11918,-0.098
11919,-0.137
11920,0.032
11921,-0.073
11922,-0.117
11923,-0.122
11924,-0.137
11925,-0.171
11926,-0.154
11927,-0.037
11928,-0.076
11929,-0.176
11930,-0.264
11931,-0.068
11932,-0.156
11933,-0.071
11934,-0.002
11935,-0.061
11936,-0.181
11937,-0.166
11938,-0.156
11939,-0.295
11940,0.239
11941,-0.044
11942,-0.103
11943,-0.193
11944,-0.149
11945,-0.159
11946,-0.208
11947,0.017
11948,0.037
11949,-0.11
11950,-0.098
11951,-0.032
11952,-0.129
11953,-0.02
11954,0.081
11955,-0.015
11956,0.046
11957,-0.068
11958,-0.125
11959,-0.051
11960,-0.081
11961,-0.098
11962,0.029
11963,-0.212
11964,-0.212
11965,-0.19
11966,-0.188
11967,-0.151
11968,-0.09
11969,-0.034
11970,-0.142
11971,-0.046
11972,-0.137
11973,-0.076
11974,-0.137
11975,-0.098
11976,-0.073
11977,0.046
11978,-0.049
11979,-0.078
11980,0.049
11981,-0.059
11982,-0.039
11983,-0.134
11984,0.012
11985,-0.056
11986,-0.134
11987,-0.024
11988,-0.105
11989,-0.085
11990,0.056
11991,-0.21
11992,-0.134
11993,0.117
11994,-0.049
11995,0.081
11996,0.039
11997,-0.188
11998,-0.198
11999,0.002
12000,0.088
12001,-0.107
12002,-0.159
12003,-0.198
12004,-0.083
12005,-0.161
12006,-0.22
12007,0.164
12008,0.1
12009,-0.244
12010,-0.076
12011,0.125
12012,-0.339
12013,-0.249
12014,-0.1
12015,0.076
12016,-0.078
12017,-0.266
12018,-0.193
12019,-0.171
12020,-0.261
12021,-0.134
12022,0.122
12023,-0.205
12024,-0.232
12025,-0.095
12026,-0.085
12027,-0.134
12028,0.112
12029,-0.022
12030,-0.059
12031,0.002
12032,-0.066
12033,-0.051
12034,-0.088
12035,-0.015
12036,0.0
12037,-0.044
12038,-0.073
12039,-0.027
12040,-0.105
12041,-0.146
12042,-0.071
12043,-0.12
12044,-0.208
12045,-0.115
12046,-0.059
12047,-0.232
12048,-0.125
12049,0.034
12050,-0.09
12051,-0.134
12052,0.0
12053,0.063
12054,-0.081
12055,-0.142
12056,-0.154
12057,0.095
12058,-0.039
12059,-0.195
12060,-0.11
12061,-0.071
12062,-0.088
12063,-0.076
12064,-0.046
12065,-0.078
12066,-0.088
12067,-0.244
12068,-0.139
12069,-0.076
12070,-0.063
12071,-0.054
12072,0.0
12073,-0.002
12074,-0.095
12075,-0.071
12076,0.103
12077,0.078
12078,-0.247
12079,-0.229
12080,-0.183
12081,0.0
12082,-0.115
12083,-0.212
12084,-0.034
12085,-0.076
12086,-0.154
12087,-0.186
12088,0.027
12089,-0.215
12090,-0.269
12091,-0.029
12092,-0.029
12093,-0.046
12094,-0.071
12095,-0.161
12096,-0.127
12097,-0.044
12098,-0.288
12099,-0.1
12100,-0.002
12101,-0.068
12102,-0.12
12103,-0.164
12104,-0.071
12105,-0.178
12106,-0.122
12107,-0.159
12108,0.063
12109,-0.083
12110,-0.205
12111,-0.22
12112,0.112
12113,-0.076
12114,-0.103
12115,0.034
12116,-0.181
12117,-0.176
12118,-0.137
12119,-0.066
12120,-0.098
12121,-0.193
12122,-0.193
12123,-0.11
12124,-0.178
12125,-0.251
12126,-0.149
12127,-0.217
12128,-0.068
12129,-0.146
12130,-0.002
12131,-0.032
12132,-0.215
12133,-0.19
12134,0.125
12135,-0.117
12136,-0.261
12137,0.073
12138,-0.061
12139,-0.188
12140,-0.19
12141,-0.146
12142,-0.039
12143,-0.049
12144,-0.217
12145,0.022
12146,-0.117
12147,-0.273
12148,0.039
12149,-0.083
12150,-0.127
12151,-0.134
12152,-0.02
12153,-0.083
12154,0.0
12155,-0.081
12156,-0.042
12157,0.154
12158,-0.005
12159,-0.095
12160,-0.1
12161,0.017
12162,-0.076
12163,-0.137
12164,-0.203
12165,-0.129
12166,-0.066
12167,-0.059
12168,-0.122
12169,-0.146
12170,-0.071
12171,-0.107
12172,-0.11
12173,-0.098
12174,-0.037
12175,-0.232
12176,-0.129
12177,-0.024
12178,-0.034
12179,-0.134
12180,-0.247
12181,-0.015
12182,-0.117
12183,-0.205
12184,-0.286
12185,-0.076
12186,-0.151
12187,-0.251
12188,-0.159
12189,-0.054
12190,-0.115
12191,-0.11
12192,-0.056
12193,-0.115
12194,-0.044
12195,-0.098
12196,-0.078
12197,-0.022
12198,-0.083
12199,-0.193
12200,-0.027
12201,-0.012
12202,-0.12
12203,-0.115
12204,-0.071
12205,-0.078
12206,-0.112
12207,-0.095
12208,-0.144
12209,-0.1
12210,-0.005
12211,-0.222
12212,-0.247
12213,-0.139
12214,0.007
12215,-0.103
12216,-0.127
12217,-0.134
12218,-0.176
12219,-0.21
12220,-0.105
12221,-0.095
12222,-0.154
12223,-0.039
12224,-0.161
12225,-0.208
12226,-0.173
12227,-0.071
12228,-0.083
12229,-0.085
12230,-0.115
12231,-0.088
12232,-0.015
12233,0.0
12234,0.061
12235,-0.039
12236,-0.049
12237,-0.066
12238,0.027
12239,0.034
12240,-0.105
12241,-0.22
12242,-0.134
12243,-0.051
12244,-0.098
12245,-0.139
12246,-0.144
12247,-0.1
12248,-0.12
12249,-0.051
12250,-0.176
12251,-0.046
12252,-0.051
12253,-0.11
12254,0.022
12255,-0.076
12256,-0.071
12257,-0.095
12258,-0.125
12259,-0.178
12260,-0.198
12261,-0.11
12262,-0.071
12263,-0.085
12264,-0.156
12265,-0.125
12266,-0.059
12267,-0.068
12268,-0.212
12269,-0.071
12270,-0.085
12271,-0.059
12272,-0.164
12273,-0.134
12274,0.046
12275,-0.007
12276,-0.039
12277,-0.002
12278,0.007
12279,-0.071
12280,-0.034
12281,0.029
12282,-0.007
12283,-0.149
12284,-0.151
12285,-0.012
12286,-0.051
12287,-0.054
12288,-0.151
12289,-0.154
12290,-0.115
12291,-0.029
12292,-0.122
12293,-0.085
12294,-0.034
12295,-0.007
12296,-0.061
12297,-0.232
12298,-0.122
12299,-0.139
12300,0.027
12301,-0.037
12302,0.012
12303,-0.125
12304,-0.11
12305,-0.156
12306,-0.034
12307,-0.142
12308,-0.144
12309,-0.085
12310,-0.134
12311,-0.127
12312,-0.039
12313,0.085
12314,-0.017
12315,0.037
12316,-0.146
12317,-0.146
12318,0.049
12319,0.032
12320,-0.081
12321,-0.01
12322,-0.085
12323,-0.183
12324,-0.125
12325,-0.142
12326,-0.107
12327,-0.054
12328,-0.073
12329,0.007
12330,-0.181
12331,-0.156
12332,-0.173
12333,-0.037
12334,-0.039
12335,-0.039
12336,-0.183
12337,-0.046
12338,-0.078
12339,-0.166
12340,-0.071
12341,-0.186
12342,-0.1
12343,-0.234
12344,-0.105
12345,-0.171
12346,-0.1
12347,-0.076
12348,-0.056
12349,-0.251
12350,-0.054
12351,-0.103
12352,-0.227
12353,-0.203
12354,-0.122
12355,-0.129
12356,-0.056
12357,-0.166
12358,0.01
12359,0.015
12360,0.0
12361,-0.103
12362,0.015
12363,-0.046
12364,-0.122
12365,-0.242
12366,-0.107
12367,-0.093
12368,-0.144
12369,-0.244
12370,-0.217
12371,0.022
12372,-0.085
12373,-0.112
12374,-0.166
12375,0.088
12376,-0.022
12377,-0.149
12378,-0.093
12379,-0.027
12380,0.0
12381,-0.149
12382,0.042
12383,-0.125
12384,-0.239
12385,-0.212
12386,-0.11
12387,-0.129
12388,-0.137
12389,-0.176
12390,-0.059
12391,-0.061
12392,-0.078
12393,-0.059
12394,-0.146
12395,-0.029
12396,-0.063
12397,0.005
12398,-0.034
12399,-0.042
12400,-0.017
12401,0.027
12402,-0.105
12403,-0.139
12404,-0.056
12405,-0.132
12406,-0.161
12407,-0.212
12408,-0.176
12409,-0.156
12410,-0.164
12411,-0.115
12412,-0.203
12413,-0.142
12414,-0.085
12415,-0.029
12416,-0.181
12417,0.012
12418,-0.132
12419,-0.007
12420,-0.037
12421,-0.098
12422,-0.054
12423,-0.012
12424,-0.154
12425,-0.161
12426,0.005
12427,-0.071
12428,-0.215
12429,-0.183
12430,-0.012
12431,-0.063
12432,-0.222
12433,0.042
12434,-0.049
12435,-0.149
12436,-0.208
12437,-0.017
12438,-0.044
12439,-0.039
12440,-0.015
12441,-0.046
12442,-0.034
12443,-0.137
12444,-0.017
12445,-0.168
12446,-0.164
12447,-0.225
12448,-0.186
12449,-0.254
12450,-0.193
12451,-0.154
12452,-0.112
12453,-0.103
12454,-0.127
12455,-0.107
12456,-0.21
12457,-0.071
12458,-0.073
12459,0.007
12460,-0.09
12461,-0.144
12462,-0.112
12463,-0.076
12464,-0.027
12465,-0.095
12466,-0.149
12467,-0.2
12468,-0.144
12469,-0.093
12470,-0.198
12471,-0.164
12472,-0.142
12473,-0.229
12474,-0.149
12475,0.037
12476,-0.076
12477,-0.081
12478,-0.107
12479,0.034
12480,-0.044
12481,-0.076
12482,-0.056
12483,-0.066
12484,-0.081
12485,0.042
12486,-0.071
12487,-0.078
12488,-0.139
12489,-0.198
12490,-0.027
12491,-0.068
12492,-0.198
12493,-0.122
12494,-0.088
12495,-0.125
12496,-0.149
12497,-0.059
12498,-0.117
12499,-0.115
12500,-0.061
12501,0.073
12502,-0.081
12503,-0.1
12504,-0.127
12505,-0.103
12506,-0.027
12507,-0.203
12508,-0.059
12509,-0.1
12510,-0.19
12511,-0.178
12512,-0.164
12513,-0.149
12514,-0.103
12515,-0.186
12516,-0.054
12517,0.039
12518,-0.112
12519,-0.042
12520,-0.032
12521,-0.066
12522,-0.029
12523,-0.076
12524,-0.103
12525,0.032
12526,-0.161
12527,-0.156
12528,-0.063
12529,-0.203
12530,-0.037
12531,-0.234
12532,-0.208
12533,-0.11
12534,-0.159
12535,-0.151
12536,-0.173
12537,-0.01
12538,0.007
12539,0.007
12540,-0.151
12541,-0.002
12542,-0.002
12543,-0.178
12544,-0.139
12545,0.015
12546,-0.11
12547,-0.203
12548,-0.09
12549,-0.105
12550,-0.103
12551,-0.203
12552,-0.161
12553,-0.295
12554,-0.051
12555,-0.054
12556,-0.142
12557,-0.056
12558,-0.027
12559,-0.127
12560,-0.046
12561,0.044
12562,-0.015
12563,0.112
12564,-0.071
12565,-0.017
12566,-0.059
12567,-0.002
12568,-0.088
12569,-0.112
12570,-0.1
12571,-0.002
12572,-0.042
12573,-0.139
12574,-0.093
12575,-0.195
12576,-0.259
12577,-0.046
12578,-0.173
12579,-0.012
12580,0.081
12581,0.0
12582,-0.093
12583,0.144
12584,-0.129
12585,-0.068
12586,-0.134
12587,-0.093
12588,-0.134
12589,-0.134
12590,-0.237
12591,-0.159
12592,-0.105
12593,-0.164
12594,-0.017
12595,-0.1
12596,-0.034
12597,-0.01
12598,0.068
12599,-0.012
12600,-0.042
12601,0.044
12602,0.037
12603,-0.085
12604,-0.063
12605,-0.046
12606,-0.127
12607,-0.127
12608,-0.063
12609,-0.125
12610,-0.298
12611,-0.183
12612,-0.054
12613,-0.212
12614,-0.232
12615,-0.078
12616,-0.024
12617,-0.115
12618,-0.073
12619,0.054
12620,-0.093
12621,-0.164
12622,-0.178
12623,-0.046
12624,-0.049
12625,-0.044
12626,-0.01
12627,0.015
12628,-0.129
12629,-0.044
12630,-0.156
12631,-0.051
12632,-0.115
12633,-0.176
12634,-0.178
12635,-0.093
12636,-0.024
12637,-0.107
12638,-0.012
12639,-0.017
12640,0.015
12641,-0.095
12642,-0.081
12643,-0.037
12644,-0.066
12645,-0.095
12646,-0.095
12647,-0.09
12648,-0.171
12649,-0.208
12650,-0.164
12651,-0.022
12652,-0.12
12653,-0.093
12654,-0.142
12655,-0.049
12656,-0.034
12657,-0.156
12658,0.042
12659,-0.032
12660,-0.193
12661,-0.107
12662,0.056
12663,-0.132
12664,-0.159
12665,-0.122
12666,-0.01
12667,-0.005
12668,-0.222
12669,-0.239
12670,-0.142
12671,-0.1
12672,-0.154
12673,-0.154
12674,-0.071
12675,-0.181
12676,-0.195
12677,-0.142
12678,-0.105
12679,-0.046
12680,-0.1
12681,-0.032
12682,-0.029
12683,-0.103
12684,-0.093
12685,-0.071
12686,0.195
12687,0.146
12688,-0.173
12689,-0.125
12690,-0.11
12691,-0.171
12692,-0.095
12693,-0.11
12694,-0.103
12695,-0.095
12696,-0.132
12697,-0.312
12698,0.054
12699,-0.186
12700,-0.376
12701,0.171
12702,0.107
12703,-0.217
12704,-0.3
12705,0.254
12706,-0.012
12707,-0.115
12708,-0.142
12709,0.039
12710,-0.132
12711,-0.247
12712,-0.154
12713,-0.071
12714,-0.41
12715,-0.01
12716,0.168
12717,-0.364
12718,-0.327
12719,-0.037
12720,-0.149
12721,0.159
12722,0.198
12723,-0.095
12724,-0.195
12725,-0.12
12726,0.09
12727,-0.02
12728,-0.02
12729,-0.078
12730,-0.066
12731,-0.117
12732,0.032
12733,0.017
12734,-0.161
12735,-0.2
12736,-0.117
12737,-0.09
12738,-0.342
12739,-0.127
12740,-0.051
12741,0.054
12742,-0.002
12743,-0.098
12744,-0.234
12745,0.01
12746,0.095
12747,-0.085
12748,-0.193
12749,-0.156
12750,-0.137
12751,-0.217
12752,-0.222
12753,0.09
12754,-0.049
12755,-0.254
12756,-0.002
12757,-0.027
12758,-0.212
12759,-0.129
12760,-0.095
12761,0.005
12762,-0.027
12763,-0.146
12764,-0.059
12765,0.061
12766,0.061
12767,-0.027
12768,0.037
12769,-0.125
12770,-0.203
12771,-0.183
12772,-0.076
12773,-0.203
12774,-0.232
12775,-0.198
12776,-0.061
12777,-0.208
12778,-0.249
12779,0.046
12780,-0.144
12781,-0.229
12782,-0.19
12783,0.056
12784,-0.034
12785,-0.085
12786,-0.242
12787,0.134
12788,-0.154
12789,-0.071
12790,-0.159
12791,-0.146
12792,-0.186
12793,-0.034
12794,-0.061
12795,-0.1
12796,-0.066
12797,-0.115
12798,-0.19
12799,-0.134
12800,-0.125
12801,-0.159
12802,0.005
12803,0.115
12804,-0.081
12805,-0.232
12806,-0.068
12807,0.103
12808,-0.105
12809,-0.039
12810,0.056
12811,-0.139
12812,-0.12
12813,-0.063
12814,-0.046
12815,-0.059
12816,0.034
12817,-0.117
12818,-0.125
12819,-0.247
12820,-0.156
12821,0.068
12822,-0.032
12823,-0.171
12824,-0.132
12825,-0.144
12826,-0.093
12827,-0.063
12828,-0.154
12829,-0.164
12830,-0.142
12831,-0.122
12832,-0.01
12833,-0.154
12834,-0.173
12835,0.017
12836,0.0
12837,-0.161
12838,-0.144
12839,-0.095
12840,-0.105
12841,0.061
12842,-0.054
12843,-0.149
12844,-0.103
12845,0.017
12846,0.015
12847,-0.017
12848,-0.203
12849,-0.217
12850,-0.132
12851,-0.173
12852,-0.166
12853,-0.1
12854,-0.054
12855,-0.261
12856,-0.229
12857,0.044
12858,-0.168
12859,-0.332
12860,-0.103
12861,-0.073
12862,0.081
12863,-0.09
12864,-0.134
12865,0.105
12866,0.044
12867,-0.227
12868,-0.103
12869,-0.12
12870,-0.022
12871,0.029
12872,-0.049
12873,-0.183
12874,0.02
12875,-0.278
12876,-0.012
12877,-0.251
12878,-0.281
12879,-0.149
12880,0.02
12881,-0.454
12882,0.059
12883,0.066
12884,-0.181
12885,0.027
12886,-0.029
12887,-0.042
12888,0.039
12889,0.037
12890,-0.046
12891,-0.059
12892,-0.09
12893,0.042
12894,-0.066
12895,-0.359
12896,-0.022
12897,-0.032
12898,-0.166
12899,-0.132
12900,-0.093
12901,-0.176
12902,-0.02
12903,-0.024
12904,-0.115
12905,0.022
12906,-0.173
12907,-0.154
12908,0.017
12909,-0.054
12910,-0.134
12911,-0.063
12912,-0.149
12913,0.007
12914,-0.142
12915,-0.037
12916,-0.107
12917,-0.032
12918,-0.083
12919,-0.134
12920,-0.125
12921,-0.347
12922,-0.122
12923,-0.195
12924,-0.151
12925,-0.007
12926,0.037
12927,-0.029
12928,-0.005
12929,-0.015
12930,0.037
12931,0.037
12932,-0.181
12933,-0.085
12934,-0.005
12935,-0.112
12936,-0.1
12937,-0.054
12938,-0.024
12939,-0.09
12940,-0.015
12941,-0.088
12942,-0.029
12943,-0.044
12944,-0.122
12945,-0.024
12946,0.042
12947,-0.183
12948,-0.117
12949,0.117
12950,-0.088
12951,-0.098
12952,-0.125
12953,-0.1
12954,-0.061
12955,-0.222
12956,-0.151
12957,-0.259
12958,-0.154
12959,-0.059
12960,-0.396
12961,-0.208
12962,-0.269
12963,-0.178
12964,-0.005
12965,0.051
12966,-0.205
12967,-0.073
12968,-0.029
12969,-0.022
12970,0.015
12971,0.068
12972,-0.132
12973,-0.208
12974,0.005
12975,0.029
12976,-0.056
12977,-0.286
12978,0.029
12979,0.139
12980,-0.281
12981,-0.132
12982,-0.085
12983,-0.115
12984,0.051
12985,-0.049
12986,-0.251
12987,-0.188
12988,0.21
12989,-0.149
12990,-0.19
12991,-0.098
12992,-0.195
12993,-0.215
12994,-0.037
12995,-0.22
12996,0.007
12997,-0.288
12998,-0.354
12999,0.132
13000,-0.186
13001,-0.366
13002,0.012
13003,-0.198
13004,-0.061
13005,-0.078
13006,-0.254
13007,0.061
13008,0.066
13009,-0.149
13010,-0.093
13011,-0.027
13012,-0.039
13013,-0.083
13014,-0.203
13015,-0.151
13016,0.046
13017,-0.22
13018,-0.015
13019,0.154
13020,-0.134
13021,-0.137
13022,0.012
13023,-0.085
13024,-0.107
13025,0.107
13026,-0.071
13027,-0.103
13028,0.088
13029,0.015
13030,-0.015
13031,-0.01
13032,-0.271
13033,-0.193
13034,-0.098
13035,-0.164
13036,-0.103
13037,-0.247
13038,-0.178
13039,-0.054
13040,-0.127
13041,-0.083
13042,0.051
13043,-0.134
13044,-0.059
13045,0.012
13046,-0.049
13047,-0.127
13048,-0.103
13049,-0.151
13050,-0.1
13051,-0.22
13052,-0.322
13053,-0.061
13054,-0.129
13055,-0.193
13056,-0.215
13057,-0.129
13058,-0.02
13059,-0.208
13060,-0.12
13061,0.078
13062,-0.09
13063,-0.232
13064,-0.112
13065,-0.02
13066,-0.156
13067,-0.205
13068,-0.085
13069,0.056
13070,-0.007
13071,-0.215
13072,-0.125
13073,-0.032
13074,-0.142
13075,-0.122
13076,-0.105
13077,-0.134
13078,-0.244
13079,-0.078
13080,-0.09
13081,-0.085
13082,-0.212
13083,-0.193
13084,-0.122
13085,0.022
13086,0.034
13087,0.007
13088,-0.054
13089,-0.015
13090,-0.059
13091,-0.178
13092,-0.115
13093,-0.039
13094,-0.105
13095,-0.234
13096,-0.078
13097,-0.117
13098,-0.212
13099,-0.203
13100,-0.098
13101,-0.083
13102,-0.11
13103,-0.159
13104,0.017
13105,-0.049
13106,-0.159
13107,0.01
13108,0.115
13109,-0.112
13110,-0.188
13111,-0.088
13112,-0.09
13113,-0.044
13114,-0.198
13115,-0.051
13116,-0.049
13117,-0.208
13118,-0.254
13119,-0.156
13120,-0.181
13121,-0.183
13122,-0.195
13123,-0.212
13124,0.017
13125,-0.134
13126,-0.239
13127,-0.059
13128,0.049
13129,-0.112
13130,-0.125
13131,0.073
13132,-0.117
13133,-0.232
13134,-0.017
13135,0.056
13136,-0.117
13137,-0.066
13138,-0.01
13139,-0.029
13140,-0.164
13141,-0.142
13142,-0.112
13143,-0.225
13144,-0.105
13145,-0.049
13146,-0.137
13147,-0.142
13148,-0.083
13149,-0.112
13150,-0.11
13151,0.076
13152,-0.044
13153,-0.227
13154,-0.054
13155,-0.063
13156,-0.222
13157,-0.208
13158,-0.159
13159,-0.1
13160,-0.112
13161,-0.103
13162,-0.217
13163,-0.103
13164,-0.068
13165,-0.098
13166,-0.083
13167,-0.093
13168,-0.139
13169,0.017
13170,0.02
13171,-0.024
13172,-0.107
13173,-0.088
13174,-0.073
13175,-0.1
13176,-0.068
13177,-0.024
13178,-0.115
13179,-0.139
13180,-0.046
13181,-0.127
13182,-0.173
13183,-0.029
13184,-0.071
13185,-0.156
13186,-0.122
13187,-0.193
13188,-0.129
13189,-0.027
13190,-0.017
13191,-0.054
13192,-0.039
13193,-0.098
13194,-0.029
13195,0.044
13196,-0.115
13197,-0.2
13198,-0.173
13199,-0.154
13200,-0.203
13201,-0.151
13202,-0.042
13203,-0.063
13204,-0.103
13205,-0.095
13206,-0.181
13207,-0.037
13208,0.017
13209,0.0
13210,-0.039
13211,-0.134
13212,-0.042
13213,-0.059
13214,-0.039
13215,-0.061
13216,-0.156
13217,-0.01
13218,-0.037
13219,-0.21
13220,-0.139
13221,0.012
13222,-0.029
13223,-0.088
13224,-0.115
13225,-0.156
13226,0.012
13227,-0.015
13228,-0.02
13229,-0.073
13230,-0.22
13231,-0.249
13232,-0.11
13233,0.017
13234,0.002
13235,-0.142
13236,-0.166
13237,-0.083
13238,-0.332
13239,-0.229
13240,-0.059
13241,-0.078
13242,-0.11
13243,-0.234
13244,-0.056
13245,-0.176
13246,-0.183
13247,0.183
13248,-0.034
13249,-0.066
13250,-0.081
13251,-0.12
13252,-0.032
13253,-0.002
13254,-0.015
13255,0.02
13256,-0.005
13257,-0.21
13258,-0.002
13259,-0.037
13260,-0.073
13261,-0.005
13262,-0.156
13263,-0.171
13264,-0.054
13265,-0.134
13266,-0.205
13267,0.083
13268,-0.027
13269,-0.073
13270,-0.166
13271,-0.154
13272,-0.024
13273,-0.085
13274,-0.308
13275,-0.024
13276,-0.061
13277,-0.09
13278,-0.137
13279,-0.063
13280,-0.042
13281,-0.166
13282,-0.083
13283,0.015
13284,0.01
13285,-0.066
13286,-0.085
13287,0.029
13288,-0.076
13289,-0.039
13290,0.002
13291,-0.063
13292,-0.076
13293,-0.044
13294,-0.049
13295,-0.039
13296,-0.144
13297,-0.088
13298,-0.049
13299,-0.098
13300,-0.107
13301,-0.054
13302,-0.105
13303,-0.137
13304,-0.127
13305,-0.098
13306,-0.032
13307,-0.007
13308,-0.195
13309,-0.076
13310,0.129
13311,-0.029
13312,-0.176
13313,-0.11
13314,0.042
13315,-0.073
13316,-0.198
13317,-0.063
13318,-0.078
13319,-0.139
13320,-0.112
13321,-0.115
13322,-0.193
13323,-0.186
13324,-0.005
13325,0.015
13326,-0.066
13327,-0.137
13328,0.071
13329,0.081
13330,-0.283
13331,-0.222
13332,-0.061
13333,0.051
13334,-0.039
13335,-0.032
13336,-0.056
13337,-0.081
13338,-0.12
13339,0.034
13340,0.063
13341,-0.051
13342,-0.205
13343,0.029
13344,-0.044
13345,-0.322
13346,0.066
13347,0.171
13348,-0.173
13349,-0.151
13350,-0.046
13351,-0.042
13352,-0.142
13353,-0.059
13354,-0.012
13355,-0.054
13356,-0.288
13357,-0.112
13358,0.032
13359,-0.181
13360,-0.195
13361,-0.034
13362,-0.159
13363,-0.178
13364,-0.168
13365,-0.181
13366,-0.037
13367,0.034
13368,0.078
13369,-0.056
13370,-0.139
13371,-0.068
13372,0.159
13373,0.049
13374,-0.107
13375,-0.073
13376,-0.081
13377,-0.105
13378,-0.137
13379,-0.085
13380,-0.073
13381,-0.137
13382,-0.193
13383,-0.208
13384,-0.137
13385,-0.173
13386,-0.037
13387,-0.159
13388,-0.112
13389,-0.176
13390,-0.164
13391,-0.044
13392,-0.054
13393,0.022
13394,-0.059
13395,-0.029
13396,0.017
13397,-0.039
13398,-0.115
13399,-0.134
13400,-0.112
13401,-0.139
13402,-0.205
13403,-0.032
13404,-0.051
13405,-0.261
13406,-0.037
13407,-0.032
13408,-0.195
13409,-0.044
13410,0.11
13411,0.017
13412,0.007
13413,0.071
13414,0.042
13415,0.078
13416,0.049
13417,0.017
13418,0.078
13419,0.012
13420,-0.188
13421,-0.015
13422,-0.039
13423,-0.151
13424,-0.139
13425,-0.12
13426,-0.11
13427,-0.205
13428,-0.156
13429,-0.208
13430,-0.029
13431,-0.208
13432,-0.19
13433,-0.046
13434,-0.056
13435,-0.266
13436,-0.137
13437,0.037
13438,-0.139
13439,-0.103
13440,-0.054
13441,-0.105
13442,-0.132
13443,-0.1
13444,-0.098
13445,-0.144
13446,-0.12
13447,-0.142
13448,-0.027
13449,-0.183
13450,-0.071
13451,0.046
13452,0.02
13453,-0.117
13454,-0.107
13455,-0.002
13456,0.068
13457,-0.1
13458,-0.056
13459,-0.093
13460,-0.1
13461,-0.027
13462,0.002
13463,-0.103
13464,-0.107
13465,-0.024
13466,-0.146
13467,-0.164
13468,-0.002
13469,-0.029
13470,-0.151
13471,-0.078
13472,0.01
13473,-0.183
13474,-0.125
13475,-0.115
13476,-0.098
13477,-0.159
13478,-0.061
13479,0.005
13480,-0.159
13481,-0.281
13482,-0.007
13483,0.022
13484,-0.339
13485,-0.125
13486,-0.085
13487,-0.137
13488,-0.139
13489,-0.032
13490,-0.073
13491,-0.061
13492,-0.005
13493,-0.183
13494,-0.01
13495,-0.242
13496,0.012
13497,0.103
13498,-0.173
13499,-0.237
13500,-0.088
13501,-0.178
13502,-0.166
13503,-0.059
13504,-0.249
13505,0.012
13506,-0.115
13507,-0.168
13508,-0.127
13509,-0.088
13510,-0.139
13511,-0.205
13512,0.122
13513,-0.02
13514,-0.103
13515,-0.161
13516,0.002
13517,-0.037
13518,-0.103
13519,-0.19
13520,-0.129
13521,-0.227
13522,-0.178
13523,-0.144
13524,-0.183
13525,-0.063
13526,-0.146
13527,-0.134
13528,-0.068
13529,-0.081
13530,-0.117
13531,-0.078
13532,-0.078
13533,-0.01
13534,-0.251
13535,-0.039
13536,0.088
13537,-0.01
13538,-0.137
13539,-0.107
13540,-0.142
13541,-0.176
13542,-0.239
13543,0.005
13544,-0.042
13545,-0.256
13546,-0.266
13547,0.024
13548,-0.195
13549,-0.32
13550,-0.198
13551,-0.122
13552,-0.12
13553,-0.02
13554,0.042
13555,-0.122
13556,-0.049
13557,-0.154
13558,-0.088
13559,-0.112
13560,-0.125
13561,-0.273
13562,-0.027
13563,-0.039
13564,-0.181
13565,0.002
13566,-0.056
13567,-0.161
13568,-0.09
13569,-0.042
13570,-0.066
13571,0.083
13572,-0.095
13573,-0.061
13574,-0.098
13575,-0.034
13576,0.029
13577,-0.012
13578,-0.173
13579,-0.027
13580,-0.039
13581,-0.315
13582,-0.046
13583,-0.154
13584,-0.254
13585,-0.105
13586,-0.188
13587,-0.188
13588,-0.205
13589,-0.156
13590,-0.256
13591,-0.066
13592,-0.166
13593,-0.249
13594,-0.249
13595,-0.015
13596,0.017
13597,-0.098
13598,-0.046
13599,0.002
13600,-0.037
13601,-0.273
13602,-0.039
13603,-0.146
13604,-0.183
13605,-0.134
13606,-0.178
13607,-0.063
13608,-0.049
13609,-0.234
13610,-0.149
13611,0.161
13612,-0.093
13613,-0.081
13614,-0.107
13615,-0.046
13616,0.017
13617,-0.032
13618,-0.056
13619,-0.093
13620,0.012
13621,-0.022
13622,-0.051
13623,-0.083
13624,-0.107
13625,-0.149
13626,-0.278
13627,-0.071
13628,-0.144
13629,-0.142
13630,-0.012
13631,-0.01
13632,-0.254
13633,-0.154
13634,-0.01
13635,-0.142
13636,-0.195
13637,-0.054
13638,-0.046
13639,-0.083
13640,-0.063
13641,-0.034
13642,0.007
13643,-0.051
13644,-0.085
13645,-0.127
13646,-0.159
13647,-0.251
13648,-0.115
13649,-0.11
13650,-0.105
13651,-0.107
13652,-0.195
13653,-0.022
13654,0.002
13655,-0.012
13656,-0.049
13657,-0.088
13658,-0.247
13659,-0.056
13660,-0.081
13661,-0.178
13662,-0.017
13663,-0.144
13664,-0.322
13665,-0.093
13666,0.032
13667,-0.149
13668,-0.054
13669,-0.173
13670,-0.073
13671,-0.156
13672,-0.142
13673,-0.095
13674,-0.09
13675,0.002
13676,-0.149
13677,-0.11
13678,-0.061
13679,-0.105
13680,-0.103
13681,-0.005
13682,-0.029
13683,-0.186
13684,-0.161
13685,-0.11
13686,-0.078
13687,-0.19
13688,-0.156
13689,-0.105
13690,-0.037
13691,-0.208
13692,-0.115
13693,-0.073
13694,0.039
13695,-0.076
13696,-0.054
13697,0.027
13698,0.002
13699,-0.085
13700,-0.107
13701,0.129
13702,0.046
13703,-0.061
13704,-0.034
13705,-0.093
13706,-0.095
13707,-0.056
13708,-0.061
13709,-0.071
13710,-0.107
13711,-0.137
13712,-0.125
13713,-0.137
13714,-0.142
13715,-0.112
13716,-0.173
13717,-0.046
13718,-0.061
13719,-0.042
13720,-0.063
13721,-0.022
13722,-0.1
13723,-0.007
13724,-0.095
13725,-0.071
13726,-0.117
13727,0.0
13728,-0.027
13729,-0.137
13730,-0.059
13731,-0.098
13732,-0.081
13733,0.024
13734,0.107
13735,-0.012
13736,-0.3
13737,-0.115
13738,-0.083
13739,0.046
13740,-0.032
13741,-0.129
13742,-0.051
13743,-0.029
13744,-0.12
13745,-0.01
13746,-0.117
13747,-0.208
13748,-0.222
13749,-0.171
13750,-0.181
13751,-0.21
13752,-0.122
13753,-0.054
13754,-0.132
13755,-0.234
13756,-0.1
13757,-0.059
13758,-0.027
13759,-0.085
13760,0.012
13761,0.125
13762,-0.159
13763,-0.088
13764,-0.042
13765,-0.085
13766,-0.186
13767,-0.105
13768,-0.049
13769,-0.071
13770,-0.115
13771,0.078
13772,0.105
13773,-0.1
13774,-0.156
13775,-0.032
13776,-0.022
13777,-0.1
13778,-0.037
13779,-0.059
13780,-0.173
13781,-0.012
13782,-0.105
13783,-0.12
13784,-0.208
13785,-0.1
13786,-0.122
13787,-0.093
13788,-0.117
13789,-0.173
13790,-0.125
13791,-0.137
13792,-0.103
13793,-0.12
13794,-0.103
13795,-0.146
13796,-0.042
13797,-0.093
13798,-0.127
13799,-0.171
13800,-0.081
13801,-0.02
13802,-0.193
13803,-0.09
13804,-0.139
13805,0.007
13806,-0.146
13807,-0.12
13808,-0.149
13809,-0.061
13810,-0.054
13811,-0.01
13812,-0.051
13813,-0.122
13814,0.007
13815,-0.112
13816,-0.112
13817,0.059
13818,0.083
13819,-0.051
13820,-0.083
13821,-0.166
13822,-0.073
13823,-0.044
13824,-0.129
13825,-0.02
13826,-0.193
13827,-0.2
13828,-0.115
13829,-0.002
13830,-0.11
13831,-0.166
13832,-0.164
13833,-0.034
13834,-0.125
13835,-0.251
13836,-0.051
13837,-0.088
13838,-0.137
13839,-0.21
13840,-0.037
13841,-0.042
13842,-0.115
13843,-0.166
13844,-0.078
13845,-0.093
13846,-0.188
13847,-0.154
13848,-0.239
13849,-0.132
13850,-0.186
13851,-0.107
13852,-0.037
13853,-0.007
13854,-0.071
13855,-0.005
13856,0.051
13857,-0.039
13858,-0.073
13859,-0.056
13860,0.061
13861,-0.166
13862,-0.11
13863,-0.024
13864,-0.037
13865,-0.039
13866,-0.032
13867,-0.093
13868,-0.159
13869,-0.164
13870,-0.151
13871,-0.154
13872,-0.1
13873,-0.093
13874,-0.039
13875,-0.024
13876,0.054
13877,0.022
13878,-0.054
13879,-0.142
13880,-0.076
13881,-0.115
13882,-0.129
13883,-0.093
13884,-0.066
13885,-0.039
13886,-0.205
13887,-0.105
13888,-0.203
13889,-0.144
13890,-0.22
13891,-0.11
13892,-0.225
13893,-0.186
13894,-0.11
13895,-0.01
13896,-0.042
13897,-0.107
13898,-0.039
13899,-0.024
13900,-0.061
13901,-0.303
13902,0.0
13903,0.017
13904,-0.139
13905,-0.112
13906,-0.093
13907,-0.098
13908,-0.193
13909,-0.144
13910,-0.198
13911,-0.122
13912,-0.327
13913,-0.085
13914,-0.09
13915,-0.217
13916,-0.2
13917,-0.059
13918,-0.034
13919,-0.229
13920,-0.032
13921,-0.186
13922,-0.022
13923,-0.039
13924,-0.024
13925,-0.078
13926,-0.215
13927,-0.149
13928,0.149
13929,-0.081
13930,-0.251
13931,-0.073
13932,-0.139
13933,-0.056
13934,-0.059
13935,-0.264
13936,-0.139
13937,0.181
13938,-0.088
13939,-0.061
13940,0.134
13941,-0.054
13942,-0.002
13943,-0.122
13944,-0.012
13945,-0.19
13946,-0.037
13947,-0.173
13948,-0.117
13949,-0.159
13950,-0.178
13951,-0.051
13952,-0.193
13953,-0.164
13954,-0.222
13955,-0.066
13956,-0.095
13957,-0.039
13958,-0.081
13959,-0.078
13960,-0.044
13961,-0.159
13962,0.007
13963,-0.042
13964,-0.039
13965,-0.024
13966,0.005
13967,-0.212
13968,-0.166
13969,-0.117
13970,-0.032
13971,-0.073
13972,-0.271
13973,-0.151
13974,0.012
13975,0.085
13976,-0.181
13977,-0.144
13978,-0.098
13979,0.032
13980,-0.049
13981,-0.085
13982,0.012
13983,0.066
13984,0.1
13985,-0.032
13986,-0.093
13987,-0.291
13988,-0.029
13989,-0.232
13990,-0.137
13991,-0.178
13992,-0.195
13993,-0.122
13994,-0.11
13995,-0.061
13996,-0.181
13997,-0.095
13998,-0.051
13999,-0.076
14000,0.0
14001,-0.171
14002,-0.168
14003,-0.063
14004,-0.032
14005,-0.105
14006,-0.071
14007,-0.232
14008,-0.156
14009,-0.122
14010,-0.063
14011,-0.312
14012,-0.139
14013,-0.127
14014,-0.134
14015,-0.024
14016,-0.146
14017,-0.02
14018,-0.012
14019,0.1
14020,-0.186
14021,-0.132
14022,-0.132
14023,0.076
14024,0.037
14025,-0.01
14026,-0.061
14027,-0.154
14028,-0.071
14029,-0.129
14030,-0.156
14031,-0.232
14032,-0.044
14033,-0.161
14034,-0.105
14035,-0.161
14036,-0.161
14037,-0.129
14038,-0.19
14039,-0.139
14040,-0.081
14041,-0.01
14042,-0.154
14043,-0.02
14044,-0.046
14045,-0.056
14046,0.007
14047,-0.024
14048,0.02
14049,-0.1
14050,0.01
14051,-0.115
14052,-0.159
14053,-0.061
14054,-0.105
14055,-0.212
14056,-0.11
14057,0.071
14058,-0.139
14059,0.034
14060,-0.076
14061,0.002
14062,-0.154
14063,0.068
14064,0.039
14065,0.02
14066,-0.054
14067,0.056
14068,-0.032
14069,-0.144
14070,-0.098
14071,-0.117
14072,-0.188
14073,-0.208
14074,-0.103
14075,-0.183
14076,-0.088
14077,-0.142
14078,-0.261
14079,-0.037
14080,-0.037
14081,-0.073
14082,-0.066
14083,-0.002
14084,-0.149
14085,-0.078
14086,-0.146
14087,-0.027
14088,-0.068
14089,-0.186
14090,-0.188
14091,-0.073
14092,-0.161
14093,-0.295
14094,0.042
14095,-0.007
14096,-0.115
14097,-0.122
14098,0.005
14099,-0.02
14100,-0.105
14101,0.076
14102,0.081
14103,0.039
14104,-0.12
14105,0.005
14106,-0.051
14107,0.061
14108,0.01
14109,-0.044
14110,-0.02
14111,-0.015
14112,-0.073
14113,-0.21
14114,0.012
14115,-0.061
14116,-0.085
14117,-0.129
14118,-0.098
14119,-0.151
14120,0.063
14121,0.024
14122,-0.171
14123,-0.142
14124,-0.073
14125,0.081
14126,-0.051
14127,-0.122
14128,-0.171
14129,-0.161
14130,-0.249
14131,-0.146
14132,-0.188
14133,-0.171
14134,-0.088
14135,-0.315
14136,-0.115
14137,-0.073
14138,-0.015
14139,-0.103
14140,-0.042
14141,-0.046
14142,-0.054
14143,-0.09
14144,-0.066
14145,0.029
14146,-0.095
14147,0.049
14148,-0.059
14149,0.005
14150,-0.244
14151,-0.244
14152,-0.081
14153,0.007
14154,-0.127
14155,-0.149
14156,-0.105
14157,-0.234
14158,-0.134
14159,-0.132
14160,-0.017
14161,-0.046
14162,-0.078
14163,-0.144
14164,-0.066
14165,0.042
14166,-0.078
14167,0.017
14168,-0.178
14169,-0.234
14170,-0.234
14171,-0.042
14172,0.032
14173,-0.015
14174,-0.222
14175,-0.188
14176,-0.127
14177,-0.139
14178,-0.168
14179,-0.154
14180,0.081
14181,-0.054
14182,-0.122
14183,-0.046
14184,-0.112
14185,0.002
14186,-0.002
14187,0.007
14188,-0.122
14189,-0.144
14190,-0.139
14191,0.005
14192,-0.11
14193,-0.085
14194,-0.142
14195,-0.22
14196,-0.2
14197,-0.173
14198,-0.161
14199,-0.156
14200,0.054
14201,-0.034
14202,-0.122
14203,-0.156
14204,0.034
14205,-0.129
14206,-0.161
14207,-0.098
14208,-0.095
14209,-0.002
14210,-0.146
14211,0.042
14212,-0.142
14213,-0.203
14214,-0.142
14215,0.029
14216,-0.186
14217,-0.105
14218,-0.037
14219,-0.239
14220,-0.049
14221,-0.271
14222,-0.051
14223,0.054
14224,0.066
14225,-0.142
14226,0.005
14227,-0.071
14228,0.068
14229,0.105
14230,-0.134
14231,-0.132
14232,-0.073
14233,0.012
14234,-0.208
14235,-0.181
14236,-0.222
14237,-0.039
14238,-0.085
14239,-0.154
14240,-0.103
14241,-0.215
14242,-0.056
14243,-0.095
14244,-0.186
14245,-0.181
14246,0.029
14247,-0.061
14248,-0.005
14249,0.0
14250,-0.117
14251,-0.044
14252,-0.063
14253,-0.042
14254,-0.039
14255,-0.151
14256,-0.205
14257,-0.247
14258,-0.159
14259,-0.103
14260,-0.176
14261,-0.266
14262,-0.076
14263,-0.129
14264,-0.132
14265,-0.117
14266,0.032
14267,-0.051
14268,-0.164
14269,-0.061
14270,0.037
14271,0.046
14272,-0.173
14273,-0.115
14274,0.0
14275,-0.056
14276,-0.205
14277,-0.171
14278,-0.291
14279,-0.217
14280,-0.042
14281,-0.054
14282,-0.007
14283,-0.117
14284,-0.056
14285,-0.012
14286,0.049
14287,-0.225
14288,-0.188
14289,-0.034
14290,-0.056
14291,-0.173
14292,-0.161
14293,-0.098
14294,-0.083
14295,-0.244
14296,-0.205
14297,-0.002
14298,-0.105
14299,-0.029
14300,-0.134
14301,-0.137
14302,-0.005
14303,-0.039
14304,-0.007
14305,-0.017
14306,-0.034
14307,-0.002
14308,-0.059
14309,-0.098
14310,-0.012
14311,-0.02
14312,-0.159
14313,-0.125
14314,-0.1
14315,-0.093
14316,-0.151
14317,-0.015
14318,-0.244
14319,-0.1
14320,-0.134
14321,-0.078
14322,-0.061
14323,-0.115
14324,-0.095
14325,-0.039
14326,-0.129
14327,-0.198
14328,0.002
14329,-0.117
14330,0.002
14331,-0.242
14332,-0.183
14333,-0.178
14334,-0.02
14335,-0.251
14336,-0.259
14337,-0.171
14338,-0.166
14339,0.049
14340,-0.02
14341,-0.149
14342,0.007
14343,-0.068
14344,-0.159
14345,-0.01
14346,0.012
14347,0.017
14348,0.083
14349,-0.31
14350,-0.01
14351,-0.022
14352,-0.015
14353,-0.166
14354,-0.21
14355,-0.066
14356,-0.142
14357,-0.215
14358,-0.22
14359,-0.139
14360,-0.132
14361,-0.078
14362,0.032
14363,-0.107
14364,-0.244
14365,-0.039
14366,0.022
14367,-0.083
14368,-0.115
14369,-0.144
14370,0.081
14371,-0.073
14372,-0.166
14373,-0.076
14374,-0.149
14375,-0.107
14376,-0.09
14377,-0.024
14378,-0.129
14379,-0.071
14380,-0.203
14381,-0.129
14382,-0.164
14383,-0.063
14384,-0.103
14385,0.007
14386,-0.112
14387,-0.076
14388,-0.042
14389,-0.098
14390,-0.081
14391,-0.093
14392,-0.061
14393,-0.071
14394,-0.066
14395,-0.093
14396,-0.098
14397,-0.088
14398,-0.034
14399,-0.129
14400,-0.073
14401,-0.039
14402,-0.205
14403,-0.095
14404,-0.107
14405,-0.059
14406,-0.088
14407,-0.046
14408,-0.056
14409,-0.208
14410,-0.264
14411,-0.125
14412,-0.061
14413,-0.2
14414,-0.061
14415,0.007
14416,-0.024
14417,-0.173
14418,-0.022
14419,-0.063
14420,-0.132
14421,-0.129
14422,-0.173
14423,-0.01
14424,-0.198
14425,-0.1
14426,0.142
14427,-0.044
14428,-0.234
14429,0.09
14430,0.012
14431,-0.154
14432,-0.09
14433,-0.105
14434,-0.166
14435,-0.315
14436,-0.146
14437,-0.063
14438,-0.144
14439,-0.088
14440,-0.015
14441,-0.066
14442,-0.122
14443,0.103
14444,-0.103
14445,0.049
14446,-0.168
14447,-0.093
14448,-0.042
14449,-0.178
14450,-0.168
14451,-0.103
14452,-0.322
14453,-0.283
14454,-0.242
14455,-0.12
14456,-0.112
14457,-0.232
14458,-0.095
14459,-0.154
14460,-0.137
14461,-0.002
14462,-0.093
14463,-0.256
14464,-0.044
14465,0.247
14466,-0.115
14467,-0.183
14468,-0.015
14469,-0.024
14470,-0.115
14471,-0.032
14472,0.085
14473,-0.049
14474,-0.19
14475,-0.112
14476,0.007
14477,-0.081
14478,-0.125
14479,-0.051
14480,-0.076
14481,-0.044
14482,-0.044
14483,-0.032
14484,-0.071
14485,-0.022
14486,-0.281
14487,-0.107
14488,-0.044
14489,-0.129
14490,-0.176
14491,-0.081
14492,-0.146
14493,-0.195
14494,-0.178
14495,-0.249
14496,-0.122
14497,-0.205
14498,-0.144
14499,-0.166
14500,-0.093
14501,-0.068
14502,0.012
14503,0.005
14504,-0.151
14505,-0.039
14506,-0.078
14507,-0.02
14508,0.012
14509,-0.042
14510,-0.076
14511,0.059
14512,-0.044
14513,-0.134
14514,-0.09
14515,-0.176
14516,-0.183
14517,-0.234
14518,-0.129
14519,-0.112
14520,-0.098
14521,-0.193
14522,-0.068
14523,-0.054
14524,-0.283
14525,-0.044
14526,-0.01
14527,-0.024
14528,-0.195
14529,-0.188
14530,-0.129
14531,-0.073
14532,-0.195
14533,-0.183
14534,-0.049
14535,-0.171
14536,-0.11
14537,-0.159
14538,-0.076
14539,-0.139
14540,-0.154
14541,-0.122
14542,-0.098
14543,-0.034
14544,-0.02
14545,0.21
14546,-0.046
14547,0.051
14548,-0.081
14549,-0.012
14550,-0.02
14551,0.034
14552,-0.042
14553,-0.061
14554,0.022
14555,-0.093
14556,-0.129
14557,-0.215
14558,-0.173
14559,-0.21
14560,-0.149
14561,-0.161
14562,-0.146
14563,-0.095
14564,-0.024
14565,0.042
14566,-0.142
14567,-0.151
14568,-0.02
14569,0.156
14570,-0.156
14571,-0.183
14572,-0.085
14573,-0.146
14574,-0.088
14575,-0.095
14576,-0.144
14577,-0.364
14578,-0.093
14579,-0.088
14580,-0.039
14581,-0.244
14582,-0.12
14583,-0.034
14584,0.032
14585,-0.039
14586,-0.088
14587,0.137
14588,0.01
14589,-0.042
14590,-0.122
14591,-0.007
14592,-0.046
14593,-0.002
14594,0.032
14595,0.076
14596,0.029
14597,-0.19
14598,-0.149
14599,-0.107
14600,-0.164
14601,-0.356
14602,-0.103
14603,0.024
14604,-0.122
14605,-0.244
14606,-0.146
14607,0.005
14608,-0.115
14609,-0.12
14610,-0.176
14611,-0.017
14612,-0.188
14613,-0.254
14614,-0.261
14615,-0.125
14616,-0.183
14617,-0.115
14618,0.034
14619,-0.132
14620,-0.208
14621,0.002
14622,0.051
14623,-0.051
14624,-0.044
14625,0.098
14626,-0.093
14627,0.037
14628,-0.168
14629,-0.032
14630,0.085
14631,0.085
14632,-0.242
14633,0.0
14634,-0.02
14635,-0.085
14636,-0.2
14637,0.034
14638,-0.093
14639,-0.254
14640,-0.178
14641,-0.085
14642,-0.22
14643,-0.317
14644,-0.076
14645,-0.183
14646,-0.244
14647,-0.168
14648,-0.037
14649,-0.168
14650,-0.149
14651,0.139
14652,-0.002
14653,-0.068
14654,-0.212
14655,0.095
14656,-0.298
14657,-0.054
14658,-0.098
14659,-0.239
14660,-0.085
14661,-0.054
14662,-0.276
14663,-0.076
14664,-0.188
14665,0.017
14666,0.203
14667,-0.081
14668,0.022
14669,-0.007
14670,-0.247
14671,-0.024
14672,-0.037
14673,-0.046
14674,-0.112
14675,-0.081
14676,-0.273
14677,-0.122
14678,-0.059
14679,-0.222
14680,-0.134
14681,-0.081
14682,-0.142
14683,-0.266
14684,-0.173
14685,0.005
14686,-0.051
14687,-0.2
14688,0.063
14689,0.034
14690,-0.01
14691,-0.034
14692,-0.122
14693,-0.171
14694,-0.176
14695,-0.125
14696,0.015
14697,-0.037
14698,-0.33
14699,0.073
14700,-0.039
14701,-0.203
14702,-0.107
14703,0.015
14704,-0.156
14705,-0.149
14706,0.073
14707,0.015
14708,-0.142
14709,-0.156
14710,0.029
14711,-0.061
14712,-0.081
14713,-0.085
14714,0.0
14715,-0.056
14716,-0.112
14717,-0.261
14718,-0.112
14719,-0.103
14720,-0.042
14721,-0.034
14722,-0.015
14723,-0.1
14724,-0.186
14725,-0.139
14726,0.12
14727,-0.244
14728,-0.044
14729,0.029
14730,0.132
14731,-0.049
14732,0.032
14733,-0.042
14734,-0.037
14735,-0.122
14736,-0.01
14737,-0.042
14738,-0.164
14739,-0.271
14740,0.017
14741,-0.12
14742,-0.249
14743,-0.142
14744,0.061
14745,-0.044
14746,-0.112
14747,-0.21
14748,-0.01
14749,0.127
14750,-0.049
14751,0.081
14752,-0.02
14753,-0.098
14754,-0.01
14755,0.012
14756,-0.222
14757,-0.112
14758,-0.149
14759,-0.034
14760,-0.054
14761,-0.239
14762,-0.266
14763,-0.063
14764,-0.127
14765,-0.11
14766,-0.146
14767,-0.051
14768,-0.085
14769,-0.024
14770,-0.217
14771,-0.002
14772,-0.081
14773,-0.203
14774,0.129
14775,-0.083
14776,-0.259
14777,-0.146
14778,-0.059
14779,-0.4
14780,-0.186
14781,-0.044
14782,-0.283
14783,-0.085
14784,-0.171
14785,-0.12
14786,-0.051
14787,-0.156
14788,0.269
14789,0.098
14790,-0.088
14791,-0.085
14792,0.166
14793,-0.2
14794,0.015
14795,-0.088
14796,0.051
14797,0.066
14798,-0.242
14799,-0.154
14800,0.054
14801,-0.132
14802,-0.195
14803,-0.103
14804,-0.107
14805,0.015
14806,-0.007
14807,-0.171
14808,-0.012
14809,-0.098
14810,-0.149
14811,-0.112
14812,0.044
14813,-0.112
14814,-0.054
14815,-0.139
14816,-0.103
14817,-0.09
14818,-0.132
14819,-0.249
14820,-0.076
14821,-0.056
14822,-0.183
14823,-0.095
14824,-0.046
14825,0.007
14826,-0.059
14827,0.095
14828,0.024
14829,-0.056
14830,0.002
14831,0.049
14832,-0.037
14833,-0.176
14834,0.061
14835,-0.073
14836,-0.107
14837,-0.103
14838,-0.046
14839,-0.12
14840,-0.154
14841,-0.251
14842,-0.244
14843,-0.161
14844,-0.203
14845,-0.122
14846,0.034
14847,-0.144
14848,-0.193
14849,-0.117
14850,-0.083
14851,-0.144
14852,-0.11
14853,-0.188
14854,-0.195
14855,-0.144
14856,-0.02
14857,-0.186
14858,-0.046
14859,-0.1
14860,-0.049
14861,-0.146
14862,-0.164
14863,-0.029
14864,-0.095
14865,-0.122
14866,-0.078
14867,-0.012
14868,-0.098
14869,-0.02
14870,-0.095
14871,0.156
14872,-0.12
14873,-0.066
14874,0.039
14875,-0.081
14876,-0.159
14877,-0.022
14878,0.024
14879,-0.078
14880,-0.107
14881,-0.071
14882,-0.149
14883,-0.256
14884,-0.083
14885,-0.073
14886,-0.161
14887,-0.134
14888,-0.188
14889,-0.129
14890,-0.088
14891,0.085
14892,-0.095
14893,-0.168
14894,-0.161
14895,-0.034
14896,-0.12
14897,-0.217
14898,-0.056
14899,-0.166
14900,-0.232
14901,-0.178
14902,-0.071
14903,-0.117
14904,-0.046
14905,-0.217
14906,-0.281
14907,-0.071
14908,-0.024
14909,-0.19
14910,-0.156
14911,-0.078
14912,-0.098
14913,-0.034
14914,0.034
14915,-0.027
14916,-0.061
14917,-0.146
14918,-0.029
14919,-0.137
14920,-0.115
14921,-0.159
14922,-0.149
14923,-0.171
14924,-0.068
14925,-0.073
14926,-0.222
14927,-0.127
14928,-0.107
14929,-0.022
14930,-0.173
14931,-0.103
14932,-0.037
14933,-0.002
14934,-0.151
14935,-0.22
14936,-0.178
14937,-0.146
14938,-0.01
14939,-0.061
14940,-0.122
14941,-0.178
14942,-0.1
14943,-0.054
14944,-0.129
14945,-0.112
14946,-0.005
14947,-0.022
14948,-0.115
14949,0.017
14950,-0.049
14951,-0.042
14952,-0.063
14953,0.049
14954,-0.161
14955,-0.103
14956,-0.156
14957,-0.09
14958,-0.151
14959,-0.142
14960,-0.081
14961,-0.264
14962,-0.19
14963,-0.195
14964,-0.125
14965,-0.098
14966,0.029
14967,-0.166
14968,-0.193
14969,-0.061
14970,-0.01
14971,-0.049
14972,-0.276
14973,-0.024
14974,-0.005
14975,-0.017
14976,-0.168
14977,-0.12
14978,-0.195
14979,-0.205
14980,-0.178
14981,-0.095
14982,-0.193
14983,-0.286
14984,-0.107
14985,-0.076
14986,-0.071
14987,-0.149
14988,-0.063
14989,-0.039
14990,-0.051
14991,0.007
14992,-0.002
14993,-0.015
14994,-0.081
14995,0.054
14996,-0.068
14997,-0.066
14998,-0.129
14999,-0.095
15000,-0.11
15001,-0.164
15002,-0.159
15003,-0.164
15004,-0.002
15005,-0.137
15006,-0.186
15007,-0.156
15008,0.01
15009,-0.093
15010,0.051
15011,0.017
15012,-0.137
15013,-0.034
15014,-0.2
15015,-0.205
15016,-0.146
15017,-0.095
15018,-0.149
15019,-0.039
15020,-0.222
15021,-0.176
15022,-0.142
15023,-0.142
15024,-0.132
15025,-0.105
15026,-0.002
15027,-0.137
15028,-0.049
15029,-0.046
15030,-0.054
15031,-0.063
15032,-0.005
15033,-0.02
15034,0.098
15035,-0.063
15036,-0.09
15037,-0.015
15038,-0.178
15039,-0.144
15040,-0.144
15041,-0.037
15042,-0.056
15043,-0.117
15044,-0.2
15045,-0.129
15046,-0.022
15047,-0.193
15048,-0.12
15049,-0.186
15050,-0.112
15051,-0.137
15052,-0.039
15053,-0.151
15054,-0.098
15055,-0.134
15056,-0.146
15057,0.017
15058,-0.286
15059,-0.042
15060,0.044
15061,-0.125
15062,-0.088
15063,-0.154
15064,-0.242
15065,-0.125
15066,-0.093
15067,-0.293
15068,-0.059
15069,-0.059
15070,0.029
15071,-0.063
15072,-0.046
15073,0.032
15074,0.02
15075,-0.139
15076,0.022
15077,0.1
15078,-0.234
15079,-0.076
15080,0.049
15081,-0.1
15082,-0.315
15083,-0.1
15084,-0.083
15085,-0.215
15086,-0.139
15087,-0.132
15088,-0.095
15089,-0.181
15090,-0.083
15091,-0.095
15092,-0.022
15093,-0.061
15094,-0.076
15095,-0.081
15096,-0.081
15097,-0.081
15098,-0.076
15099,0.061
15100,-0.12
15101,-0.171
15102,-0.225
15103,-0.083
15104,-0.115
15105,-0.076
15106,-0.122
15107,-0.239
15108,-0.129
15109,-0.19
15110,-0.046
15111,0.088
15112,-0.093
15113,-0.105
15114,0.027
15115,-0.029
15116,-0.095
15117,0.032
15118,-0.039
15119,-0.078
15120,-0.1
15121,-0.107
15122,-0.193
15123,-0.005
15124,-0.149
15125,-0.151
15126,-0.122
15127,-0.146
15128,-0.19
15129,-0.239
15130,-0.01
15131,-0.088
15132,-0.168
15133,-0.076
15134,-0.002
15135,-0.137
15136,-0.073
15137,-0.044
15138,0.029
15139,-0.186
15140,-0.278
15141,-0.054
15142,-0.12
15143,-0.22
15144,-0.283
15145,0.024
15146,-0.166
15147,-0.203
15148,-0.188
15149,-0.046
15150,-0.005
15151,-0.144
15152,-0.166
15153,-0.09
15154,0.02
15155,-0.134
15156,0.042
15157,0.059
15158,0.01
15159,-0.02
15160,-0.037
15161,-0.056
15162,-0.144
15163,-0.11
15164,-0.081
15165,-0.117
15166,-0.183
15167,-0.205
15168,-0.129
15169,-0.032
15170,-0.122
15171,-0.181
15172,-0.022
15173,-0.063
15174,-0.056
15175,-0.078
15176,-0.017
15177,-0.063
15178,0.005
15179,-0.173
15180,-0.127
15181,-0.105
15182,-0.122
15183,-0.137
15184,-0.098
15185,-0.071
15186,-0.193
15187,-0.122
15188,-0.21
15189,-0.2
15190,-0.222
15191,-0.105
15192,-0.012
15193,-0.122
15194,-0.076
15195,-0.083
15196,0.044
15197,-0.054
15198,0.01
15199,0.12
15200,0.049
15201,-0.205
15202,-0.054
15203,0.049
15204,-0.007
15205,-0.071
15206,-0.171
15207,-0.027
15208,-0.112
15209,-0.083
15210,-0.203
15211,-0.093
15212,-0.171
15213,-0.127
15214,-0.186
15215,-0.088
15216,-0.029
15217,-0.286
15218,-0.117
15219,-0.073
15220,0.002
15221,-0.176
15222,-0.261
15223,-0.227
15224,-0.237
15225,-0.349
15226,-0.103
15227,-0.029
15228,-0.312
15229,-0.071
15230,-0.051
15231,-0.078
15232,-0.156
15233,-0.012
15234,0.034
15235,-0.049
15236,-0.098
15237,0.037
15238,0.076
15239,-0.012
15240,0.115
15241,-0.095
15242,0.037
15243,-0.042
15244,-0.032
15245,-0.024
15246,-0.024
15247,-0.117
15248,-0.042
15249,-0.024
15250,-0.315
15251,-0.168
15252,-0.273
15253,-0.098
15254,0.017
15255,-0.112
15256,-0.137
15257,-0.029
15258,0.012
15259,0.017
15260,-0.002
15261,-0.112
15262,-0.137
15263,-0.225
15264,-0.12
15265,-0.083
15266,-0.09
15267,-0.249
15268,-0.203
15269,-0.12
15270,-0.212
15271,-0.129
15272,-0.159
15273,0.0
15274,-0.039
15275,-0.127
15276,-0.115
15277,-0.002
15278,0.015
15279,-0.125
15280,0.056
15281,-0.144
15282,0.061
15283,-0.059
15284,-0.046
15285,-0.166
15286,-0.146
15287,-0.198
15288,-0.144
15289,-0.22
15290,-0.278
15291,-0.09
15292,-0.127
15293,-0.083
15294,-0.212
15295,-0.061
15296,-0.178
15297,-0.002
15298,-0.066
15299,-0.22
15300,-0.012
15301,0.005
15302,-0.181
15303,-0.093
15304,-0.002
15305,-0.078
15306,0.029
15307,-0.293
15308,-0.308
15309,-0.173
15310,-0.107
15311,-0.168
15312,-0.227
15313,-0.178
15314,-0.095
15315,-0.146
15316,-0.098
15317,0.076
15318,0.1
15319,-0.083
15320,0.127
15321,-0.059
15322,-0.068
15323,-0.168
15324,0.115
15325,0.093
15326,-0.007
15327,-0.225
15328,-0.039
15329,-0.103
15330,-0.234
15331,-0.176
15332,-0.042
15333,-0.142
15334,-0.225
15335,0.044
15336,-0.129
15337,-0.139
15338,-0.076
15339,0.256
15340,-0.01
15341,-0.237
15342,-0.203
15343,0.063
15344,0.002
15345,-0.288
15346,-0.042
15347,-0.125
15348,-0.137
15349,-0.317
15350,-0.078
15351,0.0
15352,-0.105
15353,-0.139
15354,-0.044
15355,0.0
15356,-0.164
15357,-0.12
15358,0.002
15359,0.056
15360,-0.088
15361,0.007
15362,-0.073
15363,0.046
15364,-0.073
15365,-0.068
15366,0.012
15367,-0.09
15368,0.066
15369,-0.154
15370,-0.178
15371,-0.149
15372,-0.015
15373,0.017
15374,-0.173
15375,-0.068
15376,-0.09
15377,-0.156
15378,-0.19
15379,-0.059
15380,-0.073
15381,0.046
15382,-0.098
15383,-0.112
15384,-0.076
15385,-0.132
15386,-0.193
15387,-0.142
15388,-0.09
15389,-0.076
15390,-0.125
15391,-0.254
15392,-0.11
15393,-0.122
15394,-0.081
15395,-0.044
15396,-0.01
15397,-0.112
15398,-0.042
15399,0.049
15400,0.056
15401,-0.034
15402,-0.063
15403,0.083
15404,-0.085
15405,-0.151
15406,0.093
15407,-0.005
15408,-0.098
15409,-0.134
15410,-0.09
15411,-0.183
15412,-0.085
15413,-0.007
15414,-0.029
15415,-0.1
15416,-0.032
15417,-0.107
15418,-0.154
15419,-0.217
15420,-0.156
15421,0.0
15422,-0.034
15423,-0.032
15424,-0.093
15425,-0.088
15426,-0.176
15427,-0.107
15428,-0.061
15429,-0.017
15430,-0.151
15431,-0.107
15432,-0.054
15433,0.066
15434,-0.098
15435,-0.066
15436,-0.012
15437,-0.056
15438,-0.046
15439,0.029
15440,0.166
15441,0.127
15442,-0.076
15443,-0.081
15444,0.01
15445,0.059
15446,-0.015
15447,0.005
15448,-0.322
15449,-0.059
15450,-0.166
15451,-0.222
15452,-0.232
15453,-0.02
15454,-0.127
15455,-0.037
15456,-0.107
15457,-0.312
15458,-0.032
15459,-0.081
15460,-0.032
15461,-0.095
15462,-0.146
15463,-0.103
15464,-0.056
15465,-0.071
15466,-0.276
15467,-0.083
15468,-0.144
15469,-0.039
15470,-0.1
15471,-0.029
15472,0.054
15473,-0.09
15474,-0.227
15475,-0.098
15476,0.015
15477,-0.166
15478,-0.012
15479,0.088
15480,0.066
15481,-0.088
15482,-0.107
15483,-0.034
15484,0.01
15485,-0.054
15486,-0.142
15487,-0.056
15488,-0.154
15489,-0.183
15490,-0.151
15491,-0.056
15492,-0.078
15493,-0.037
15494,0.037
15495,-0.115
15496,-0.3
15497,-0.125
15498,0.1
15499,-0.088
15500,-0.156
15501,0.0
15502,0.022
15503,-0.217
15504,-0.283
15505,0.012
15506,-0.081
15507,-0.186
15508,-0.178
15509,0.095
15510,-0.037
15511,-0.171
15512,-0.005
15513,0.056
15514,-0.222
15515,-0.288
15516,-0.022
15517,-0.117
15518,0.142
15519,-0.012
15520,0.0
15521,0.044
15522,-0.239
15523,-0.054
15524,0.107
15525,-0.183
15526,0.071
15527,-0.137
15528,-0.288
15529,-0.037
15530,-0.063
15531,-0.183
15532,-0.134
15533,-0.239
15534,-0.142
15535,-0.266
15536,-0.127
15537,0.02
15538,-0.11
15539,-0.217
15540,0.085
15541,-0.015
15542,-0.12
15543,-0.173
15544,0.007
15545,-0.015
15546,-0.01
15547,-0.259
15548,-0.186
15549,-0.005
15550,-0.186
15551,-0.159
15552,-0.088
15553,-0.261
15554,-0.19
15555,-0.139
15556,-0.007
15557,0.032
15558,-0.115
15559,-0.132
15560,-0.037
15561,-0.215
15562,-0.137
15563,0.061
15564,0.024
15565,0.015
15566,-0.059
15567,-0.149
15568,-0.039
15569,-0.117
15570,-0.198
15571,-0.037
15572,-0.085
15573,-0.12
15574,-0.039
15575,-0.19
15576,-0.183
15577,0.098
15578,0.005
15579,-0.137
15580,-0.02
15581,-0.056
15582,-0.071
15583,0.125
15584,0.129
15585,-0.12
15586,-0.256
15587,-0.022
15588,-0.012
15589,-0.2
15590,-0.156
15591,-0.01
15592,-0.1
15593,-0.156
15594,-0.164
15595,-0.129
15596,-0.137
15597,-0.159
15598,-0.02
15599,-0.137
15600,-0.098
15601,-0.203
15602,-0.01
15603,-0.261
15604,-0.283
15605,0.142
15606,0.139
15607,-0.159
15608,-0.19
15609,-0.205
15610,-0.078
15611,-0.039
15612,-0.09
15613,0.005
15614,-0.254
15615,-0.312
15616,-0.125
15617,-0.085
15618,-0.137
15619,-0.017
15620,-0.017
15621,-0.09
15622,-0.164
15623,-0.093
15624,-0.073
15625,0.081
15626,0.049
15627,-0.085
15628,-0.164
15629,-0.156
15630,-0.02
15631,-0.095
15632,-0.156
15633,-0.029
15634,-0.19
15635,-0.212
15636,-0.042
15637,-0.061
15638,-0.095
15639,-0.032
15640,-0.227
15641,-0.071
15642,0.083
15643,-0.054
15644,-0.137
15645,0.027
15646,-0.037
15647,-0.098
15648,-0.095
15649,-0.117
15650,-0.205
15651,-0.19
15652,-0.115
15653,-0.146
15654,-0.066
15655,-0.198
15656,-0.027
15657,0.012
15658,-0.183
15659,0.015
15660,0.002
15661,-0.105
15662,0.007
15663,0.02
15664,-0.171
15665,-0.161
15666,-0.107
15667,-0.098
15668,-0.085
15669,-0.225
15670,-0.11
15671,-0.098
15672,-0.061
15673,-0.073
15674,-0.132
15675,-0.115
15676,-0.205
15677,-0.093
15678,-0.107
15679,-0.039
15680,-0.215
15681,0.037
15682,-0.076
15683,-0.027
15684,-0.105
15685,-0.149
15686,-0.01
15687,0.11
15688,-0.364
15689,-0.156
15690,0.007
15691,-0.208
15692,-0.21
15693,-0.039
15694,-0.349
15695,-0.09
15696,-0.137
15697,-0.156
15698,-0.093
15699,-0.154
15700,-0.073
15701,0.095
15702,0.005
15703,-0.156
15704,-0.056
15705,0.051
15706,-0.046
15707,-0.027
15708,-0.066
15709,-0.046
15710,-0.039
15711,-0.066
15712,-0.066
15713,-0.149
15714,-0.034
15715,-0.137
15716,-0.129
15717,-0.288
15718,-0.12
15719,-0.112
15720,0.037
15721,0.02
15722,-0.02
15723,-0.352
15724,0.215
15725,0.168
15726,-0.144
15727,0.015
15728,0.11
15729,-0.205
15730,-0.317
15731,-0.071
15732,-0.134
15733,-0.232
15734,-0.073
15735,-0.107
15736,-0.261
15737,-0.371
15738,-0.063
15739,0.063
15740,-0.068
15741,-0.132
15742,0.049
15743,-0.151
15744,-0.081
15745,0.073
15746,-0.168
15747,-0.078
15748,-0.178
15749,-0.151
15750,-0.125
15751,-0.159
15752,-0.139
15753,0.029
15754,-0.088
15755,-0.225
15756,0.007
15757,-0.168
15758,0.005
15759,-0.1
15760,-0.178
15761,0.1
15762,-0.098
15763,-0.176
15764,0.11
15765,-0.027
15766,-0.132
15767,0.017
15768,0.061
15769,-0.1
15770,-0.137
15771,0.059
15772,0.066
15773,-0.149
15774,-0.286
15775,0.037
15776,-0.095
15777,-0.256
15778,0.0
15779,-0.068
15780,-0.205
15781,0.103
15782,0.156
15783,-0.217
15784,-0.105
15785,-0.173
15786,-0.129
15787,-0.073
15788,-0.037
15789,-0.029
15790,-0.139
15791,-0.071
15792,-0.217
15793,-0.166
15794,-0.159
15795,0.017
15796,-0.244
15797,-0.156
15798,-0.076
15799,-0.149
15800,-0.186
15801,0.01
15802,0.034
15803,-0.12
15804,-0.134
15805,-0.046
15806,-0.022
15807,-0.269
15808,0.002
15809,0.022
15810,-0.127
15811,-0.098
15812,0.005
15813,-0.112
15814,-0.364
15815,-0.125
15816,-0.051
15817,0.017
15818,-0.225
15819,-0.222
15820,-0.105
15821,-0.107
15822,-0.051
15823,-0.051
15824,-0.015
15825,-0.085
15826,-0.081
15827,-0.09
15828,0.029
15829,-0.188
15830,-0.098
15831,-0.083
15832,-0.127
15833,-0.225
15834,-0.251
15835,-0.068
15836,-0.11
15837,-0.237
15838,-0.186
15839,-0.09
15840,-0.132
15841,-0.151
15842,-0.066
15843,0.007
15844,-0.085
15845,-0.095
15846,-0.085
15847,-0.063
15848,0.168
15849,-0.081
15850,-0.117
15851,-0.037
15852,-0.098
15853,-0.139
15854,-0.12
15855,-0.2
15856,-0.176
15857,-0.063
15858,-0.105
15859,0.005
15860,-0.12
15861,-0.137
15862,-0.117
15863,-0.093
15864,-0.127
15865,-0.105
15866,0.007
15867,-0.081
15868,-0.056
15869,-0.144
15870,0.005
15871,-0.127
15872,-0.269
15873,-0.129
15874,-0.156
15875,-0.117
15876,-0.115
15877,-0.044
15878,-0.188
15879,-0.134
15880,-0.132
15881,-0.139
15882,-0.156
15883,-0.127
15884,-0.068
15885,0.027
15886,-0.095
15887,-0.12
15888,0.029
15889,-0.022
15890,-0.046
15891,-0.137
15892,-0.154
15893,-0.11
15894,-0.078
15895,-0.2
15896,-0.203
15897,-0.049
15898,-0.068
15899,-0.039
15900,-0.105
15901,-0.054
15902,-0.107
15903,-0.042
15904,-0.176
15905,-0.061
15906,-0.073
15907,-0.117
15908,-0.015
15909,-0.178
15910,-0.093
15911,-0.176
15912,-0.117
15913,-0.144
15914,-0.212
15915,-0.127
15916,-0.117
15917,-0.103
15918,-0.144
15919,-0.068
15920,-0.195
15921,-0.122
15922,-0.095
15923,-0.007
15924,-0.012
15925,-0.037
15926,-0.151
15927,-0.049
15928,0.088
15929,-0.107
15930,-0.095
15931,-0.073
15932,-0.09
15933,-0.098
15934,-0.09
15935,-0.078
15936,-0.164
15937,-0.183
15938,-0.12
15939,-0.066
15940,-0.073
15941,-0.186
15942,-0.034
15943,0.005
15944,-0.251
15945,-0.073
15946,0.374
15947,-0.232
15948,-0.293
15949,0.017
15950,-0.137
15951,-0.244
15952,-0.046
15953,-0.22
15954,0.005
15955,-0.342
15956,-0.127
15957,0.09
15958,-0.229
15959,-0.237
15960,0.012
15961,-0.242
15962,-0.154
15963,-0.051
15964,-0.144
15965,-0.015
15966,-0.149
15967,-0.178
15968,0.071
15969,0.054
15970,-0.283
15971,0.098
15972,0.034
15973,-0.286
15974,0.144
15975,-0.095
15976,0.015
15977,-0.039
15978,-0.081
15979,-0.19
15980,-0.022
15981,-0.503
15982,-0.061
15983,0.017
15984,-0.386
15985,0.068
15986,0.173
15987,-0.386
15988,0.071
15989,-0.005
15990,-0.181
15991,-0.059
15992,-0.005
15993,-0.325
15994,0.161
15995,-0.41
15996,-0.186
15997,-0.078
15998,-0.103
15999,-0.225
16000,0.12
16001,-0.352
16002,0.081
16003,0.051
16004,-0.325
16005,0.078
16006,-0.007
16007,-0.286
16008,0.078
16009,0.083
16010,-0.237
16011,0.134
16012,-0.103
16013,-0.144
16014,0.164
16015,-0.315
16016,-0.049
16017,0.015
16018,-0.249
16019,-0.181
16020,0.046
16021,-0.266
16022,0.022
16023,-0.049
16024,-0.327
16025,-0.017
16026,0.09
16027,-0.002
16028,-0.034
16029,-0.081
16030,-0.066
16031,0.078
16032,-0.254
16033,-0.305
16034,0.066
16035,-0.002
16036,-0.161
16037,-0.229
16038,0.039
16039,-0.146
16040,-0.12
16041,-0.132
16042,0.063
16043,-0.144
16044,-0.281
16045,0.022
16046,0.076
16047,-0.037
16048,-0.2
16049,0.039
16050,0.037
16051,-0.017
16052,-0.276
16053,0.12
16054,0.144
16055,-0.134
16056,-0.149
16057,0.042
16058,-0.022
16059,-0.183
16060,-0.095
16061,-0.161
16062,0.044
16063,-0.002
16064,-0.134
16065,-0.259
16066,-0.171
16067,-0.024
16068,-0.125
16069,-0.078
16070,-0.125
16071,-0.1
16072,-0.198
16073,-0.061
16074,-0.149
16075,-0.22
16076,-0.159
16077,-0.078
16078,-0.063
16079,-0.43
16080,-0.078
16081,-0.005
16082,-0.107
16083,-0.293
16084,0.146
16085,0.063
16086,-0.098
16087,-0.117
16088,0.029
16089,0.015
16090,-0.071
16091,0.005
16092,-0.032
16093,-0.054
16094,-0.115
16095,-0.073
16096,-0.212
16097,-0.054
16098,-0.149
16099,-0.173
16100,-0.002
16101,-0.032
16102,-0.127
16103,-0.125
16104,0.044
16105,-0.2
16106,-0.054
16107,-0.11
16108,-0.122
16109,0.076
16110,-0.071
16111,-0.059
16112,-0.161
16113,-0.071
16114,-0.088
16115,-0.002
16116,-0.144
16117,-0.159
16118,-0.273
16119,-0.12
16120,-0.117
16121,-0.063
16122,-0.139
16123,-0.061
16124,0.024
16125,-0.2
16126,-0.01
16127,-0.017
16128,-0.02
16129,-0.051
16130,-0.127
16131,0.083
16132,0.027
16133,-0.024
16134,-0.095
16135,0.076
16136,-0.071
16137,-0.01
16138,-0.071
16139,-0.037
16140,-0.083
16141,-0.112
16142,-0.173
16143,-0.225
16144,-0.029
16145,-0.215
16146,0.007
16147,-0.1
16148,-0.09
16149,-0.107
16150,0.0
16151,-0.046
16152,0.02
16153,0.015
16154,0.01
16155,0.046
16156,-0.093
16157,-0.115
16158,-0.166
16159,0.029
16160,-0.154
16161,-0.151
16162,-0.137
16163,-0.039
16164,-0.01
16165,-0.125
16166,-0.015
16167,-0.044
16168,-0.027
16169,-0.181
16170,0.037
16171,-0.139
16172,-0.146
16173,-0.164
16174,-0.125
16175,-0.01
16176,-0.139
16177,0.0
16178,0.044
16179,-0.037
16180,-0.237
16181,-0.12
16182,-0.005
16183,-0.11
16184,-0.112
16185,-0.083
16186,0.005
16187,-0.117
16188,-0.09
16189,-0.037
16190,-0.042
16191,-0.271
16192,0.049
16193,0.081
16194,-0.276
16195,-0.076
16196,0.015
16197,-0.083
16198,-0.264
16199,0.02
16200,-0.051
16201,-0.234
16202,-0.186
16203,0.029
16204,-0.066
16205,-0.239
16206,0.049
16207,0.081
16208,-0.071
16209,-0.149
16210,0.073
16211,-0.063
16212,-0.046
16213,-0.129
16214,-0.156
16215,-0.063
16216,-0.095
16217,-0.149
16218,-0.164
16219,-0.02
16220,-0.056
16221,-0.068
16222,-0.181
16223,-0.154
16224,-0.161
16225,-0.139
16226,-0.081
16227,-0.125
16228,-0.027
16229,-0.1
16230,-0.081
16231,-0.002
16232,0.073
16233,-0.095
16234,-0.054
16235,-0.129
16236,-0.063
16237,-0.259
16238,-0.264
16239,-0.105
16240,-0.149
16241,-0.217
16242,-0.176
16243,-0.039
16244,-0.076
16245,-0.066
16246,0.044
16247,-0.049
16248,-0.168
16249,-0.178
16250,0.002
16251,0.066
16252,-0.017
16253,-0.044
16254,0.083
16255,-0.027
16256,-0.115
16257,-0.1
16258,-0.049
16259,-0.032
16260,-0.063
16261,-0.061
16262,-0.098
16263,-0.232
16264,-0.208
16265,-0.085
16266,-0.217
16267,-0.239
16268,-0.2
16269,-0.186
16270,-0.139
16271,-0.051
16272,-0.183
16273,-0.122
16274,-0.1
16275,-0.215
16276,-0.19
16277,-0.137
16278,-0.144
16279,-0.066
16280,-0.122
16281,-0.19
16282,-0.156
16283,0.002
16284,-0.132
16285,-0.073
16286,-0.037
16287,-0.022
16288,-0.11
16289,-0.039
16290,-0.002
16291,-0.044
16292,-0.037
16293,-0.015
16294,0.0
16295,-0.005
16296,0.01
16297,0.024
16298,-0.005
16299,-0.046
16300,0.088
16301,-0.098
16302,-0.095
16303,-0.11
16304,-0.168
16305,-0.173
16306,-0.144
16307,-0.127
16308,-0.066
16309,0.029
16310,-0.095
16311,-0.154
16312,-0.105
16313,-0.195
16314,-0.095
16315,-0.12
16316,-0.103
16317,-0.232
16318,-0.217
16319,-0.134
16320,-0.037
16321,-0.125
16322,-0.068
16323,-0.044
16324,-0.203
16325,-0.117
16326,0.022
16327,-0.017
16328,-0.151
16329,-0.21
16330,-0.085
16331,0.01
16332,-0.127
16333,-0.237
16334,-0.115
16335,-0.017
16336,0.044
16337,-0.115
16338,-0.112
16339,-0.139
16340,-0.046
16341,-0.2
16342,-0.298
16343,-0.027
16344,-0.034
16345,-0.176
16346,-0.122
16347,-0.073
16348,-0.181
16349,0.022
16350,0.024
16351,-0.115
16352,-0.208
16353,-0.134
16354,-0.024
16355,-0.081
16356,-0.115
16357,-0.168
16358,-0.1
16359,-0.117
16360,-0.205
16361,-0.278
16362,-0.21
16363,-0.254
16364,-0.103
16365,-0.115
16366,-0.166
16367,-0.017
16368,-0.188
16369,-0.078
16370,-0.071
16371,-0.134
16372,-0.168
16373,0.0
16374,-0.122
16375,-0.225
16376,-0.195
16377,-0.12
16378,0.046
16379,-0.188
16380,-0.254
16381,-0.164
16382,0.054
16383,-0.266
16384,-0.249
16385,-0.105
16386,-0.283
16387,-0.139
16388,-0.176
16389,-0.193
16390,-0.078
16391,-0.063
16392,-0.037
16393,0.01
16394,-0.168
16395,-0.237
16396,0.01
16397,0.068
16398,-0.027
16399,-0.122
16400,0.076
16401,-0.007
16402,-0.049
16403,-0.181
16404,0.039
16405,-0.078
16406,-0.081
16407,-0.103
16408,-0.122
16409,-0.12
16410,-0.071
16411,-0.166
16412,-0.063
16413,0.049
16414,-0.21
16415,0.017
16416,0.01
16417,-0.098
16418,0.005
16419,0.203
16420,-0.037
16421,-0.122
16422,-0.1
16423,-0.178
16424,-0.034
16425,-0.2
16426,-0.251
16427,-0.198
16428,-0.159
16429,-0.215
16430,-0.042
16431,-0.088
16432,-0.142
16433,-0.139
16434,-0.244
16435,-0.015
16436,-0.015
16437,-0.078
16438,-0.173
16439,0.046
16440,0.015
16441,-0.059
16442,-0.151
16443,-0.173
16444,0.0
16445,-0.227
16446,-0.037
16447,-0.193
16448,-0.095
16449,-0.134
16450,-0.129
16451,-0.073
16452,-0.125
16453,-0.203
16454,-0.156
16455,0.046
16456,-0.112
16457,-0.083
16458,-0.029
16459,0.059
16460,-0.073
16461,-0.139
16462,-0.022
16463,-0.024
16464,-0.125
16465,-0.251
16466,-0.007
16467,0.007
16468,-0.046
16469,-0.105
16470,-0.005
16471,-0.085
16472,-0.132
16473,-0.129
16474,-0.142
16475,-0.212
16476,-0.225
16477,0.046
16478,-0.034
16479,-0.1
16480,-0.359
16481,0.029
16482,-0.027
16483,-0.251
16484,-0.195
16485,-0.11
16486,0.046
16487,-0.183
16488,-0.017
16489,-0.095
16490,-0.01
16491,-0.195
16492,-0.166
16493,0.027
16494,-0.105
16495,0.122
16496,-0.112
16497,0.039
16498,-0.09
16499,-0.002
16500,-0.122
16501,-0.015
16502,-0.129
16503,-0.225
16504,-0.149
16505,-0.188
16506,-0.159
16507,-0.137
16508,-0.09
16509,-0.31
16510,-0.059
16511,-0.027
16512,-0.151
16513,-0.212
16514,0.027
16515,0.068
16516,-0.107
16517,-0.02
16518,-0.146
16519,-0.012
16520,-0.139
16521,0.044
16522,-0.164
16523,-0.117
16524,-0.173
16525,-0.115
16526,-0.129
16527,-0.093
16528,-0.127
16529,-0.166
16530,-0.002
16531,-0.137
16532,-0.002
16533,-0.029
16534,-0.049
16535,-0.049
16536,-0.105
16537,-0.156
16538,-0.063
16539,0.002
16540,-0.1
16541,-0.039
16542,-0.042
16543,0.154
16544,-0.078
16545,-0.093
16546,-0.024
16547,-0.068
16548,-0.042
16549,-0.144
16550,-0.02
16551,-0.261
16552,-0.027
16553,-0.027
16554,-0.054
16555,-0.061
16556,-0.132
16557,-0.068
16558,-0.01
16559,0.007
16560,-0.02
16561,0.049
16562,-0.159
16563,-0.164
16564,-0.142
16565,-0.159
16566,-0.161
16567,-0.083
16568,-0.146
16569,-0.129
16570,0.056
16571,-0.183
16572,-0.088
16573,-0.078
16574,-0.085
16575,-0.19
16576,-0.066
16577,-0.085
16578,0.063
16579,-0.002
16580,0.046
16581,0.056
16582,-0.112
16583,-0.049
16584,-0.159
16585,-0.022
16586,-0.095
16587,-0.137
16588,-0.107
16589,-0.061
16590,-0.205
16591,-0.312
16592,0.076
16593,-0.078
16594,-0.193
16595,-0.171
16596,0.051
16597,-0.056
16598,-0.01
16599,-0.166
16600,-0.212
16601,-0.039
16602,-0.066
16603,-0.173
16604,-0.195
16605,-0.095
16606,-0.117
16607,-0.076
16608,-0.166
16609,-0.132
16610,-0.073
16611,-0.068
16612,-0.115
16613,-0.066
16614,-0.151
16615,-0.073
16616,0.059
16617,-0.11
16618,-0.103
16619,0.0
16620,0.029
16621,-0.132
16622,-0.142
16623,0.073
16624,-0.01
16625,-0.127
16626,-0.247
16627,-0.037
16628,-0.117
16629,-0.115
16630,-0.007
16631,-0.1
16632,-0.017
16633,-0.063
16634,-0.083
16635,-0.081
16636,-0.044
16637,-0.242
16638,0.027
16639,-0.254
16640,-0.125
16641,-0.149
16642,-0.117
16643,-0.161
16644,-0.186
16645,-0.129
16646,-0.156
16647,-0.161
16648,-0.195
16649,-0.054
16650,-0.129
16651,-0.071
16652,0.0
16653,-0.044
16654,-0.251
16655,-0.02
16656,0.039
16657,-0.181
16658,0.037
16659,-0.027
16660,-0.022
16661,-0.09
16662,-0.09
16663,-0.132
16664,-0.007
16665,-0.044
16666,-0.134
16667,-0.142
16668,-0.134
16669,0.01
16670,-0.164
16671,-0.103
16672,-0.137
16673,-0.02
16674,-0.076
16675,0.027
16676,-0.042
16677,-0.188
16678,0.068
16679,-0.063
16680,0.09
16681,-0.205
16682,-0.203
16683,-0.132
16684,-0.137
16685,-0.308
16686,-0.081
16687,-0.132
16688,-0.144
16689,-0.095
16690,-0.303
16691,-0.232
16692,-0.115
16693,-0.012
16694,-0.044
16695,0.056
16696,-0.122
16697,-0.09
16698,0.012
16699,-0.193
16700,-0.139
16701,-0.039
16702,-0.139
16703,-0.129
16704,-0.098
16705,-0.22
16706,-0.107
16707,-0.046
16708,-0.159
16709,0.061
16710,-0.315
16711,-0.269
16712,-0.076
16713,-0.012
16714,-0.234
16715,0.02
16716,-0.02
16717,-0.039
16718,-0.193
16719,-0.166
16720,0.178
16721,-0.11
16722,-0.085
16723,0.01
16724,-0.127
16725,-0.295
16726,0.015
16727,-0.21
16728,-0.315
16729,-0.027
16730,-0.198
16731,-0.149
16732,-0.171
16733,0.037
16734,-0.203
16735,-0.088
16736,-0.098
16737,0.012
16738,0.076
16739,-0.029
16740,-0.01
16741,-0.022
16742,-0.063
16743,-0.115
16744,0.017
16745,-0.117
16746,-0.11
16747,-0.325
16748,-0.012
16749,0.054
16750,-0.129
16751,-0.225
16752,-0.22
16753,0.037
16754,-0.176
16755,-0.156
16756,-0.002
16757,0.068
16758,-0.103
16759,-0.269
16760,-0.049
16761,-0.071
16762,-0.059
16763,-0.388
16764,-0.027
16765,-0.173
16766,-0.161
16767,-0.332
16768,0.063
16769,-0.132
16770,-0.154
16771,-0.203
16772,-0.027
16773,-0.168
16774,-0.405
16775,-0.054
16776,-0.005
16777,-0.032
16778,-0.112
16779,0.034
16780,-0.144
16781,-0.3
16782,0.02
16783,0.225
16784,-0.127
16785,-0.273
16786,0.085
16787,-0.212
16788,-0.107
16789,-0.039
16790,-0.01
16791,-0.11
16792,-0.1
16793,-0.215
16794,-0.103
16795,0.046
16796,-0.186
16797,-0.149
16798,-0.061
16799,-0.032
16800,-0.303
16801,0.059
16802,0.046
16803,-0.125
16804,-0.078
16805,-0.1
16806,-0.144
16807,-0.251
16808,-0.112
16809,-0.042
16810,-0.115
16811,-0.085
16812,-0.039
16813,-0.122
16814,-0.132
16815,0.076
16816,-0.11
16817,-0.061
16818,-0.176
16819,0.083
16820,-0.095
16821,-0.002
16822,-0.103
16823,0.073
16824,0.049
16825,-0.107
16826,-0.093
16827,-0.171
16828,-0.239
16829,-0.117
16830,-0.032
16831,-0.32
16832,-0.073
16833,-0.11
16834,-0.076
16835,0.068
16836,-0.176
16837,-0.046
16838,-0.007
16839,-0.027
16840,-0.2
16841,-0.005
16842,-0.088
16843,0.015
16844,-0.098
16845,-0.11
16846,-0.1
16847,-0.229
16848,-0.208
16849,-0.251
16850,-0.103
16851,-0.063
16852,0.037
16853,-0.027
16854,0.012
16855,-0.125
16856,-0.264
16857,0.015
16858,-0.054
16859,0.034
16860,-0.105
16861,0.068
16862,-0.242
16863,-0.078
16864,0.1
16865,-0.071
16866,-0.017
16867,0.029
16868,-0.039
16869,-0.2
16870,-0.161
16871,-0.2
16872,0.09
16873,-0.205
16874,-0.22
16875,0.076
16876,-0.088
16877,-0.188
16878,0.056
16879,-0.034
16880,-0.151
16881,-0.049
16882,-0.095
16883,-0.083
16884,-0.139
16885,-0.095
16886,-0.171
16887,-0.164
16888,-0.095
16889,0.012
16890,-0.125
16891,-0.249
16892,-0.078
16893,-0.044
16894,-0.029
16895,-0.112
16896,-0.249
16897,-0.151
16898,-0.171
16899,-0.134
16900,0.093
16901,0.017
16902,-0.056
16903,-0.061
16904,-0.154
16905,-0.002
16906,0.039
16907,-0.237
16908,-0.127
16909,-0.017
16910,-0.095
16911,-0.171
16912,0.037
16913,-0.198
16914,0.029
16915,0.024
16916,-0.117
16917,-0.127
16918,-0.046
16919,-0.105
16920,-0.005
16921,0.046
16922,-0.051
16923,-0.034
16924,-0.115
16925,-0.042
16926,-0.144
16927,-0.078
16928,-0.112
16929,-0.22
16930,-0.095
16931,0.01
16932,-0.159
16933,-0.325
16934,-0.12
16935,-0.161
16936,-0.2
16937,-0.217
16938,-0.078
16939,0.017
16940,-0.22
16941,-0.088
16942,-0.024
16943,-0.051
16944,-0.195
16945,0.117
16946,-0.063
16947,-0.166
16948,-0.046
16949,-0.049
16950,-0.137
16951,-0.046
16952,-0.139
16953,-0.12
16954,0.042
16955,-0.283
16956,-0.039
16957,0.007
16958,-0.254
16959,-0.081
16960,0.015
16961,-0.066
16962,-0.159
16963,-0.181
16964,-0.142
16965,-0.029
16966,-0.247
16967,-0.066
16968,-0.015
16969,-0.142
16970,-0.156
16971,-0.017
16972,-0.12
16973,-0.237
16974,-0.093
16975,-0.134
16976,-0.022
16977,-0.195
16978,-0.159
16979,-0.071
16980,0.01
16981,-0.049
16982,0.061
16983,-0.032
16984,-0.149
16985,0.059
16986,-0.044
16987,-0.107
16988,-0.115
16989,-0.044
16990,-0.205
16991,-0.132
16992,-0.212
16993,-0.283
16994,-0.088
16995,-0.095
16996,-0.129
16997,-0.269
16998,-0.073
16999,-0.127
17000,-0.117
17001,-0.11
17002,-0.103
17003,-0.039
17004,-0.222
17005,-0.09
17006,-0.022
17007,-0.095
17008,-0.256
17009,-0.132
17010,-0.195
17011,-0.168
17012,-0.251
17013,-0.146
17014,0.005
17015,-0.11
17016,-0.251
17017,-0.005
17018,0.168
17019,-0.051
17020,-0.134
17021,0.115
17022,0.146
17023,0.042
17024,-0.117
17025,0.012
17026,0.051
17027,-0.054
17028,-0.129
17029,-0.093
17030,-0.222
17031,-0.117
17032,-0.034
17033,-0.134
17034,-0.127
17035,-0.156
17036,-0.125
17037,-0.051
17038,0.005
17039,-0.315
17040,-0.2
17041,-0.032
17042,-0.156
17043,-0.32
17044,-0.281
17045,-0.046
17046,-0.081
17047,-0.059
17048,-0.01
17049,-0.068
17050,-0.227
17051,-0.227
17052,-0.042
17053,0.046
17054,-0.112
17055,-0.129
17056,-0.044
17057,-0.107
17058,-0.205
17059,-0.1
17060,0.063
17061,-0.027
17062,0.029
17063,-0.117
17064,-0.09
17065,0.039
17066,0.061
17067,0.056
17068,-0.081
17069,-0.132
17070,-0.156
17071,-0.02
17072,-0.02
17073,-0.042
17074,-0.266
17075,-0.129
17076,-0.049
17077,-0.166
17078,-0.181
17079,-0.149
17080,-0.11
17081,-0.115
17082,-0.164
17083,-0.2
17084,-0.1
17085,-0.059
17086,-0.127
17087,-0.149
17088,-0.183
17089,-0.11
17090,-0.242
17091,-0.095
17092,-0.122
17093,-0.31
17094,-0.298
17095,-0.061
17096,-0.125
17097,-0.166
17098,-0.027
17099,-0.078
17100,-0.044
17101,0.015
17102,0.007
17103,-0.002
17104,0.042
17105,-0.095
17106,-0.107
17107,-0.125
17108,-0.002
17109,-0.083
17110,-0.256
17111,-0.159
17112,-0.098
17113,-0.137
17114,-0.134
17115,0.032
17116,-0.149
17117,-0.107
17118,0.049
17119,-0.095
17120,-0.09
17121,-0.19
17122,-0.33
17123,-0.046
17124,-0.249
17125,-0.122
17126,-0.015
17127,-0.186
17128,-0.31
17129,-0.051
17130,-0.068
17131,-0.222
17132,-0.239
17133,-0.059
17134,-0.061
17135,-0.139
17136,-0.315
17137,-0.103
17138,-0.042
17139,-0.105
17140,-0.159
17141,-0.005
17142,0.156
17143,-0.103
17144,-0.1
17145,0.059
17146,0.027
17147,-0.098
17148,-0.017
17149,-0.076
17150,-0.112
17151,-0.085
17152,-0.1
17153,-0.146
17154,-0.181
17155,-0.076
17156,-0.059
17157,-0.098
17158,-0.129
17159,-0.085
17160,-0.156
17161,-0.059
17162,-0.012
17163,-0.151
17164,-0.125
17165,-0.134
17166,-0.024
17167,-0.029
17168,-0.059
17169,-0.156
17170,-0.088
17171,-0.151
17172,-0.164
17173,-0.122
17174,-0.103
17175,-0.103
17176,-0.049
17177,-0.098
17178,-0.122
17179,-0.139
17180,0.0
17181,-0.01
17182,-0.032
17183,0.015
17184,0.007
17185,-0.21
17186,-0.061
17187,-0.024
17188,-0.061
17189,-0.205
17190,-0.222
17191,0.1
17192,-0.149
17193,-0.249
17194,-0.066
17195,-0.159
17196,-0.095
17197,-0.059
17198,-0.049
17199,-0.122
17200,-0.012
17201,-0.195
17202,-0.256
17203,-0.039
17204,-0.1
17205,-0.083
17206,-0.095
17207,-0.22
17208,-0.085
17209,-0.308
17210,-0.198
17211,0.059
17212,-0.095
17213,-0.273
17214,0.11
17215,-0.21
17216,-0.19
17217,-0.146
17218,-0.149
17219,-0.164
17220,-0.2
17221,-0.178
17222,0.085
17223,0.037
17224,-0.171
17225,-0.066
17226,-0.051
17227,-0.212
17228,0.071
17229,-0.068
17230,-0.188
17231,-0.176
17232,-0.039
17233,-0.156
17234,0.039
17235,-0.222
17236,-0.183
17237,-0.039
17238,-0.261
17239,-0.034
17240,0.129
17241,-0.447
17242,-0.017
17243,-0.029
17244,-0.291
17245,-0.01
17246,-0.098
17247,-0.164
17248,0.039
17249,-0.203
17250,-0.215
17251,0.01
17252,-0.334
17253,-0.188
17254,0.017
17255,-0.125
17256,-0.156
17257,-0.146
17258,-0.129
17259,0.044
17260,-0.002
17261,-0.271
17262,0.137
17263,-0.061
17264,-0.251
17265,0.093
17266,0.024
17267,-0.02
17268,0.115
17269,-0.156
17270,-0.081
17271,0.017
17272,-0.229
17273,-0.029
17274,0.034
17275,-0.176
17276,-0.083
17277,-0.098
17278,-0.212
17279,-0.078
17280,-0.183
17281,-0.237
17282,0.027
17283,-0.039
17284,-0.027
17285,-0.027
17286,-0.098
17287,-0.178
17288,-0.156
17289,-0.103
17290,-0.093
17291,-0.105
17292,-0.21
17293,-0.068
17294,-0.063
17295,-0.176
17296,-0.178
17297,-0.117
17298,-0.212
17299,-0.112
17300,-0.093
17301,-0.095
17302,-0.015
17303,0.0
17304,0.037
17305,-0.076
17306,-0.107
17307,-0.02
17308,0.068
17309,-0.049
17310,-0.066
17311,0.071
17312,-0.12
17313,-0.234
17314,-0.188
17315,-0.107
17316,-0.205
17317,-0.022
17318,-0.027
17319,-0.122
17320,-0.144
17321,-0.022
17322,0.012
17323,-0.017
17324,-0.015
17325,-0.083
17326,-0.056
17327,-0.098
17328,-0.037
17329,-0.09
17330,-0.037
17331,-0.142
17332,0.012
17333,-0.049
17334,-0.259
17335,-0.198
17336,-0.159
17337,-0.022
17338,-0.183
17339,-0.098
17340,-0.12
17341,0.056
17342,-0.054
17343,-0.071
17344,-0.088
17345,-0.181
17346,-0.093
17347,0.046
17348,0.017
17349,-0.271
17350,-0.176
17351,0.027
17352,0.0
17353,-0.205
17354,-0.186
17355,-0.054
17356,-0.193
17357,-0.195
17358,-0.137
17359,-0.088
17360,-0.212
17361,-0.212
17362,-0.1
17363,-0.007
17364,-0.002
17365,-0.1
17366,-0.044
17367,-0.105
17368,0.017
17369,-0.01
17370,-0.066
17371,-0.181
17372,-0.144
17373,-0.178
17374,-0.166
17375,-0.093
17376,-0.198
17377,-0.171
17378,-0.127
17379,-0.095
17380,-0.107
17381,0.029
17382,-0.076
17383,0.039
17384,0.088
17385,-0.022
17386,0.105
17387,-0.054
17388,-0.024
17389,0.056
17390,-0.029
17391,-0.178
17392,-0.149
17393,-0.173
17394,0.042
17395,-0.166
17396,-0.139
17397,0.076
17398,-0.166
17399,-0.195
17400,-0.015
17401,-0.105
17402,-0.286
17403,-0.051
17404,-0.007
17405,0.007
17406,-0.071
17407,-0.149
17408,-0.061
17409,-0.002
17410,-0.256
17411,-0.173
17412,-0.078
17413,-0.208
17414,-0.032
17415,-0.127
17416,-0.054
17417,-0.042
17418,-0.198
17419,-0.076
17420,0.12
17421,-0.029
17422,-0.217
17423,-0.073
17424,0.098
17425,-0.022
17426,-0.173
17427,0.024
17428,0.068
17429,0.0
17430,-0.103
17431,-0.015
17432,0.039
17433,-0.229
17434,-0.107
17435,-0.129
17436,-0.208
17437,-0.171
17438,-0.1
17439,-0.083
17440,-0.132
17441,-0.198
17442,-0.105
17443,0.068
17444,-0.239
17445,-0.068
17446,0.039
17447,-0.081
17448,-0.11
17449,-0.024
17450,-0.098
17451,-0.02
17452,0.012
17453,-0.098
17454,-0.222
17455,-0.2
17456,-0.01
17457,-0.088
17458,-0.166
17459,-0.176
17460,-0.068
17461,-0.215
17462,-0.205
17463,-0.042
17464,-0.095
17465,-0.007
17466,-0.02
17467,0.044
17468,0.046
17469,-0.076
17470,-0.037
17471,0.076
17472,0.042
17473,-0.154
17474,-0.083
17475,-0.078
17476,-0.061
17477,-0.034
17478,-0.09
17479,-0.115
17480,0.005
17481,-0.227
17482,-0.244
17483,-0.068
17484,-0.01
17485,-0.2
17486,-0.12
17487,-0.183
17488,-0.227
17489,-0.125
17490,-0.166
17491,-0.083
17492,-0.024
17493,-0.088
17494,-0.168
17495,-0.19
17496,-0.049
17497,-0.073
17498,-0.076
17499,-0.283
17500,-0.02
17501,-0.076
17502,-0.181
17503,-0.076
17504,0.032
17505,-0.112
17506,-0.107
17507,0.056
17508,0.024
17509,0.022
17510,-0.107
17511,0.034
17512,-0.076
17513,-0.073
17514,-0.095
17515,-0.039
17516,-0.071
17517,-0.188
17518,-0.071
17519,-0.112
17520,-0.127
17521,-0.21
17522,0.015
17523,-0.012
17524,-0.068
17525,-0.266
17526,-0.032
17527,0.083
17528,-0.159
17529,-0.071
17530,-0.034
17531,-0.061
17532,-0.198
17533,-0.098
17534,-0.112
17535,-0.103
17536,-0.139
17537,-0.176
17538,-0.071
17539,-0.229
17540,-0.225
17541,-0.19
17542,0.054
17543,-0.112
17544,-0.051
17545,-0.046
17546,0.034
17547,-0.027
17548,0.015
17549,0.19
17550,0.059
17551,0.044
17552,-0.159
17553,0.017
17554,-0.01
17555,0.039
17556,0.022
17557,-0.161
17558,-0.017
17559,-0.127
17560,-0.09
17561,-0.186
17562,-0.071
17563,-0.215
17564,-0.068
17565,-0.063
17566,-0.093
17567,-0.105
17568,-0.137
17569,0.125
17570,-0.066
17571,-0.029
17572,-0.142
17573,-0.032
17574,-0.217
17575,-0.203
17576,-0.068
17577,-0.146
17578,-0.149
17579,-0.271
17580,-0.215
17581,-0.173
17582,-0.105
17583,-0.159
17584,-0.017
17585,-0.127
17586,-0.105
17587,-0.005
17588,0.076
17589,-0.022
17590,-0.078
17591,0.02
17592,-0.073
17593,-0.117
17594,-0.085
17595,-0.01
17596,-0.112
17597,-0.076
17598,-0.085
17599,-0.127
17600,-0.125
17601,-0.22
17602,-0.159
17603,-0.212
17604,-0.022
17605,-0.261
17606,-0.059
17607,-0.073
17608,-0.188
17609,-0.198
17610,0.098
17611,0.098
17612,-0.1
17613,-0.127
17614,-0.193
17615,-0.085
17616,-0.193
17617,-0.107
17618,-0.1
17619,-0.171
17620,-0.247
17621,-0.103
17622,-0.027
17623,-0.078
17624,-0.11
17625,-0.054
17626,0.19
17627,0.059
17628,-0.19
17629,-0.071
17630,0.103
17631,0.024
17632,-0.061
17633,0.076
17634,-0.007
17635,-0.056
17636,-0.178
17637,-0.085
17638,-0.059
17639,-0.137
17640,-0.195
17641,-0.222
17642,-0.139
17643,-0.164
17644,-0.1
17645,-0.269
17646,-0.068
17647,-0.166
17648,-0.015
17649,-0.154
17650,-0.195
17651,-0.227
17652,-0.073
17653,-0.017
17654,-0.11
17655,-0.144
17656,-0.19
17657,0.054
17658,-0.166
17659,-0.195
17660,-0.156
17661,-0.027
17662,-0.002
17663,-0.061
17664,0.02
17665,-0.005
17666,0.007
17667,-0.115
17668,0.071
17669,0.063
17670,0.01
17671,-0.073
17672,0.066
17673,-0.107
17674,-0.171
17675,-0.027
17676,-0.139
17677,-0.017
17678,-0.264
17679,-0.234
17680,-0.071
17681,-0.103
17682,-0.298
17683,-0.117
17684,-0.059
17685,-0.161
17686,-0.183
17687,-0.144
17688,-0.073
17689,-0.107
17690,-0.015
17691,-0.154
17692,-0.088
17693,-0.12
17694,-0.161
17695,0.015
17696,-0.022
17697,-0.149
17698,-0.208
17699,-0.093
17700,-0.188
17701,-0.105
17702,-0.256
17703,-0.059
17704,-0.081
17705,-0.054
17706,-0.081
17707,-0.068
17708,-0.034
17709,-0.115
17710,0.081
17711,0.032
17712,0.027
17713,-0.176
17714,-0.005
17715,-0.049
17716,-0.063
17717,-0.154
17718,-0.107
17719,-0.161
17720,-0.198
17721,-0.142
17722,-0.266
17723,-0.081
17724,-0.354
17725,-0.193
17726,-0.071
17727,-0.195
17728,-0.283
17729,-0.125
17730,-0.12
17731,-0.1
17732,-0.002
17733,-0.09
17734,-0.015
17735,-0.139
17736,-0.083
17737,-0.105
17738,0.034
17739,-0.1
17740,-0.093
17741,-0.066
17742,-0.09
17743,-0.105
17744,-0.193
17745,-0.042
17746,0.01
17747,-0.049
17748,-0.051
17749,-0.034
17750,-0.093
17751,0.005
17752,-0.017
17753,-0.061
17754,0.007
17755,-0.115
17756,-0.061
17757,-0.063
17758,-0.2
17759,-0.103
17760,-0.059
17761,-0.322
17762,-0.259
17763,-0.173
17764,-0.21
17765,-0.098
17766,-0.134
17767,-0.066
17768,-0.056
17769,-0.088
17770,0.022
17771,-0.032
17772,-0.107
17773,-0.122
17774,-0.09
17775,-0.054
17776,-0.081
17777,-0.2
17778,-0.117
17779,-0.132
17780,-0.11
17781,-0.149
17782,-0.022
17783,-0.051
17784,-0.178
17785,-0.061
17786,-0.01
17787,0.012
17788,-0.081
17789,-0.017
17790,-0.066
17791,-0.037
17792,-0.095
17793,-0.071
17794,-0.09
17795,0.085
17796,-0.034
17797,-0.203
17798,-0.105
17799,-0.044
17800,-0.151
17801,-0.217
17802,-0.127
17803,-0.154
17804,-0.151
17805,-0.12
17806,-0.144
17807,-0.044
17808,-0.12
17809,-0.159
17810,-0.012
17811,0.005
17812,-0.154
17813,-0.122
17814,-0.005
17815,-0.09
17816,0.015
17817,-0.076
17818,-0.066
17819,-0.188
17820,-0.112
17821,-0.222
17822,-0.171
17823,0.029
17824,0.017
17825,-0.264
17826,-0.237
17827,-0.032
17828,-0.127
17829,-0.024
17830,-0.134
17831,0.166
17832,-0.181
17833,-0.098
17834,-0.034
17835,-0.051
17836,-0.02
17837,-0.054
17838,0.022
17839,-0.222
17840,-0.171
17841,-0.205
17842,-0.071
17843,-0.1
17844,-0.144
17845,-0.142
17846,-0.188
17847,-0.317
17848,-0.317
17849,0.095
17850,-0.085
17851,-0.056
17852,-0.098
17853,0.0
17854,0.005
17855,0.007
17856,0.139
17857,0.032
17858,-0.164
17859,-0.12
17860,0.002
17861,-0.056
17862,-0.168
17863,-0.129
17864,-0.076
17865,-0.125
17866,-0.105
17867,-0.02
17868,-0.146
17869,-0.107
17870,-0.132
17871,-0.112
17872,-0.1
17873,-0.01
17874,-0.083
17875,-0.046
17876,-0.103
17877,-0.139
17878,-0.085
17879,-0.232
17880,-0.149
17881,-0.093
17882,-0.151
17883,-0.222
17884,0.012
17885,-0.027
17886,-0.044
17887,-0.181
17888,-0.049
17889,-0.144
17890,-0.112
17891,-0.076
17892,-0.071
17893,-0.134
17894,-0.2
17895,0.007
17896,-0.066
17897,-0.015
17898,-0.054
17899,-0.015
17900,-0.103
17901,-0.137
17902,-0.085
17903,-0.107
17904,-0.127
17905,-0.203
17906,-0.112
17907,-0.122
17908,-0.027
17909,-0.127
17910,0.039
17911,-0.125
17912,-0.034
17913,0.232
17914,-0.142
17915,-0.203
17916,-0.103
17917,-0.054
17918,-0.264
17919,-0.188
17920,-0.088
17921,-0.002
17922,-0.042
17923,-0.193
17924,0.012
17925,-0.042
17926,-0.098
17927,-0.063
17928,0.11
17929,-0.244
17930,0.017
17931,-0.139
17932,-0.081
17933,-0.015
17934,-0.232
17935,-0.037
17936,-0.063
17937,0.046
17938,-0.276
17939,-0.2
17940,-0.088
17941,-0.1
17942,-0.2
17943,-0.115
17944,-0.007
17945,-0.164
17946,-0.149
17947,-0.059
17948,-0.093
17949,-0.193
17950,-0.103
17951,-0.071
17952,-0.132
17953,-0.11
17954,0.024
17955,0.015
17956,-0.186
17957,-0.054
17958,-0.007
17959,0.01
17960,-0.027
17961,0.002
17962,-0.156
17963,-0.269
17964,-0.029
17965,0.002
17966,-0.127
17967,-0.237
17968,-0.144
17969,-0.303
17970,-0.066
17971,-0.005
17972,-0.063
17973,-0.166
17974,-0.034
17975,0.012
17976,-0.081
17977,-0.146
17978,-0.134
17979,0.032
17980,-0.159
17981,-0.256
17982,-0.278
17983,-0.068
17984,-0.203
17985,-0.203
17986,-0.012
17987,-0.11
17988,-0.159
17989,-0.178
17990,0.032
17991,-0.144
17992,-0.022
17993,-0.09
17994,0.12
17995,0.085
17996,-0.1
17997,-0.093
17998,0.1
17999,-0.159
18000,-0.063
18001,0.044
18002,-0.098
18003,0.005
18004,-0.176
18005,-0.139
18006,-0.146
18007,-0.042
18008,-0.056
18009,-0.068
18010,-0.205
18011,-0.149
18012,-0.115
18013,-0.066
18014,-0.076
18015,-0.186
18016,-0.242
18017,-0.056
18018,-0.085
18019,-0.183
18020,-0.134
18021,0.017
18022,-0.171
18023,-0.164
18024,-0.154
18025,-0.134
18026,-0.154
18027,0.007
18028,-0.146
18029,-0.076
18030,-0.115
18031,-0.137
18032,0.188
18033,-0.056
18034,-0.149
18035,-0.061
18036,0.005
18037,-0.093
18038,-0.068
18039,-0.085
18040,-0.088
18041,-0.002
18042,-0.171
18043,-0.037
18044,-0.264
18045,-0.049
18046,-0.059
18047,-0.115
18048,-0.144
18049,-0.144
18050,-0.186
18051,-0.071
18052,-0.02
18053,-0.063
18054,-0.081
18055,-0.024
18056,0.044
18057,-0.078
18058,-0.085
18059,-0.005
18060,0.015
18061,-0.112
18062,-0.129
18063,-0.042
18064,-0.115
18065,-0.2
18066,-0.173
18067,-0.093
18068,-0.095
18069,-0.173
18070,-0.271
18071,0.1
18072,-0.122
18073,-0.078
18074,0.095
18075,-0.129
18076,-0.061
18077,-0.066
18078,-0.046
18079,0.142
18080,-0.027
18081,-0.234
18082,0.149
18083,0.029
18084,-0.164
18085,-0.012
18086,-0.007
18087,-0.144
18088,-0.229
18089,-0.103
18090,-0.127
18091,-0.173
18092,-0.232
18093,0.02
18094,-0.159
18095,-0.193
18096,0.059
18097,0.085
18098,-0.012
18099,-0.122
18100,0.034
18101,-0.239
18102,-0.068
18103,-0.02
18104,-0.107
18105,-0.186
18106,-0.125
18107,-0.093
18108,-0.227
18109,-0.166
18110,-0.11
18111,-0.027
18112,-0.154
18113,0.032
18114,-0.146
18115,-0.112
18116,-0.029
18117,-0.027
18118,-0.1
18119,-0.1
18120,-0.044
18121,-0.066
18122,-0.002
18123,-0.134
18124,-0.034
18125,-0.071
18126,-0.188
18127,-0.032
18128,-0.083
18129,-0.298
18130,-0.095
18131,0.017
18132,-0.259
18133,-0.034
18134,-0.156
18135,-0.066
18136,-0.037
18137,-0.154
18138,-0.059
18139,-0.105
18140,-0.076
18141,-0.132
18142,0.049
18143,-0.09
18144,-0.037
18145,-0.125
18146,-0.115
18147,-0.1
18148,-0.059
18149,-0.154
18150,-0.029
18151,-0.034
18152,-0.168
18153,-0.068
18154,-0.054
18155,-0.061
18156,-0.02
18157,-0.044
18158,-0.044
18159,0.037
18160,0.076
18161,-0.056
18162,-0.063
18163,-0.093
18164,-0.115
18165,-0.164
18166,0.007
18167,-0.093
18168,-0.222
18169,-0.198
18170,-0.073
18171,-0.183
18172,-0.105
18173,0.215
18174,-0.129
18175,-0.281
18176,-0.005
18177,-0.012
18178,-0.012
18179,-0.01
18180,-0.076
18181,-0.156
18182,0.059
18183,-0.256
18184,-0.176
18185,-0.122
18186,-0.051
18187,-0.154
18188,-0.015
18189,-0.315
18190,-0.081
18191,-0.049
18192,-0.303
18193,-0.032
18194,0.032
18195,-0.295
18196,-0.029
18197,0.127
18198,-0.09
18199,0.039
18200,0.09
18201,-0.112
18202,-0.1
18203,-0.027
18204,-0.161
18205,-0.01
18206,-0.034
18207,-0.02
18208,-0.181
18209,-0.032
18210,0.005
18211,-0.264
18212,-0.217
18213,0.164
18214,-0.01
18215,-0.261
18216,-0.024
18217,0.159
18218,-0.159
18219,-0.081
18220,0.022
18221,-0.11
18222,-0.251
18223,-0.176
18224,-0.117
18225,-0.164
18226,-0.315
18227,-0.059
18228,-0.088
18229,-0.286
18230,0.024
18231,-0.005
18232,-0.151
18233,0.017
18234,-0.032
18235,-0.049
18236,0.015
18237,-0.125
18238,-0.261
18239,-0.066
18240,0.078
18241,-0.015
18242,-0.234
18243,0.015
18244,0.122
18245,-0.171
18246,-0.325
18247,0.227
18248,-0.19
18249,-0.315
18250,0.049
18251,-0.112
18252,-0.203
18253,0.093
18254,-0.193
18255,-0.122
18256,-0.188
18257,-0.078
18258,-0.066
18259,-0.249
18260,-0.227
18261,0.066
18262,-0.242
18263,-0.2
18264,-0.046
18265,-0.164
18266,-0.171
18267,-0.032
18268,-0.125
18269,-0.183
18270,-0.161
18271,-0.146
18272,-0.193
18273,-0.166
18274,0.078
18275,-0.139
18276,-0.105
18277,0.063
18278,-0.029
18279,-0.181
18280,0.02
18281,0.051
18282,-0.227
18283,-0.183
18284,-0.127
18285,0.068
18286,-0.039
18287,-0.081
18288,-0.044
18289,-0.068
18290,-0.164
18291,-0.012
18292,0.042
18293,-0.176
18294,-0.032
18295,-0.049
18296,-0.151
18297,-0.159
18298,-0.066
18299,-0.073
18300,-0.09
18301,-0.249
18302,-0.176
18303,-0.037
18304,-0.215
18305,-0.122
18306,0.02
18307,-0.129
18308,-0.171
18309,0.034
18310,0.042
18311,-0.142
18312,-0.137
18313,-0.215
18314,-0.066
18315,-0.076
18316,0.037
18317,-0.061
18318,-0.015
18319,-0.156
18320,-0.11
18321,-0.044
18322,-0.017
18323,-0.139
18324,-0.156
18325,0.017
18326,-0.205
18327,-0.071
18328,-0.181
18329,-0.264
18330,-0.308
18331,-0.129
18332,-0.012
18333,-0.298
18334,0.168
18335,0.051
18336,-0.132
18337,-0.19
18338,-0.161
18339,-0.005
18340,0.112
18341,-0.039
18342,-0.005
18343,-0.198
18344,-0.286
18345,-0.007
18346,0.049
18347,-0.449
18348,-0.122
18349,-0.271
18350,-0.095
18351,-0.322
18352,-0.068
18353,-0.159
18354,0.051
18355,-0.256
18356,-0.071
18357,-0.029
18358,-0.042
18359,-0.068
18360,0.149
18361,0.02
18362,-0.061
18363,-0.049
18364,0.056
18365,0.081
18366,-0.156
18367,-0.247
18368,-0.059
18369,-0.095
18370,-0.173
18371,-0.322
18372,-0.125
18373,-0.127
18374,-0.154
18375,-0.144
18376,0.103
18377,-0.21
18378,-0.117
18379,0.107
18380,0.0
18381,-0.12
18382,0.02
18383,-0.049
18384,-0.073
18385,-0.237
18386,-0.21
18387,-0.234
18388,-0.208
18389,-0.073
18390,-0.215
18391,-0.381
18392,-0.046
18393,-0.01
18394,-0.203
18395,-0.176
18396,-0.188
18397,-0.056
18398,-0.046
18399,0.044
18400,-0.09
18401,-0.117
18402,-0.017
18403,-0.049
18404,-0.178
18405,0.0
18406,0.105
18407,-0.007
18408,-0.208
18409,0.132
18410,-0.264
18411,-0.239
18412,0.039
18413,-0.176
18414,-0.269
18415,-0.161
18416,0.076
18417,0.154
18418,-0.095
18419,-0.142
18420,0.027
18421,-0.229
18422,-0.134
18423,-0.022
18424,-0.212
18425,-0.107
18426,-0.234
18427,-0.188
18428,0.002
18429,-0.464
18430,-0.181
18431,-0.144
18432,-0.3
18433,-0.198
18434,-0.059
18435,-0.229
18436,0.142
18437,0.017
18438,-0.339
18439,0.076
18440,0.061
18441,-0.029
18442,-0.132
18443,0.249
18444,0.005
18445,0.063
18446,0.085
18447,-0.024
18448,-0.122
18449,-0.166
18450,-0.127
18451,0.007
18452,-0.283
18453,-0.198
18454,-0.071
18455,-0.361
18456,0.076
18457,0.11
18458,-0.298
18459,-0.078
18460,0.127
18461,-0.237
18462,-0.049
18463,-0.015
18464,-0.083
18465,-0.015
18466,-0.146
18467,-0.208
18468,-0.098
18469,-0.024
18470,-0.063
18471,-0.195
18472,-0.305
18473,-0.107
18474,0.125
18475,-0.359
18476,0.049
18477,-0.073
18478,-0.222
18479,-0.063
18480,0.073
18481,-0.125
18482,-0.088
18483,-0.002
18484,0.012
18485,-0.183
18486,-0.178
18487,0.051
18488,-0.015
18489,-0.215
18490,-0.105
18491,-0.142
18492,-0.134
18493,-0.239
18494,-0.066
18495,-0.244
18496,-0.168
18497,-0.059
18498,-0.181
18499,-0.078
18500,0.027
18501,-0.21
18502,-0.061
18503,-0.093
18504,-0.105
18505,-0.198
18506,-0.11
18507,-0.122
18508,-0.029
18509,-0.229
18510,-0.212
18511,-0.071
18512,-0.005
18513,-0.071
18514,-0.015
18515,-0.085
18516,-0.073
18517,-0.007
18518,-0.105
18519,-0.161
18520,-0.195
18521,-0.059
18522,0.098
18523,-0.144
18524,-0.066
18525,-0.02
18526,-0.005
18527,0.007
18528,-0.024
18529,-0.149
18530,-0.127
18531,-0.056
18532,-0.073
18533,-0.139
18534,-0.154
18535,-0.142
18536,-0.156
18537,-0.159
18538,-0.186
18539,0.002
18540,0.056
18541,-0.095
18542,-0.034
18543,-0.063
18544,-0.076
18545,-0.151
18546,-0.11
18547,-0.059
18548,-0.2
18549,-0.125
18550,-0.115
18551,-0.181
18552,0.059
18553,0.007
18554,0.005
18555,-0.012
18556,-0.105
18557,-0.166
18558,-0.098
18559,0.044
18560,-0.042
18561,-0.178
18562,-0.105
18563,-0.012
18564,-0.085
18565,-0.178
18566,0.0
18567,-0.032
18568,-0.056
18569,-0.09
18570,-0.081
18571,-0.2
18572,-0.029
18573,-0.19
18574,-0.144
18575,-0.239
18576,-0.159
18577,-0.02
18578,-0.027
18579,-0.122
18580,-0.046
18581,-0.251
18582,-0.154
18583,0.061
18584,0.039
18585,-0.161
18586,-0.024
18587,-0.037
18588,0.01
18589,-0.205
18590,-0.137
18591,-0.188
18592,-0.164
18593,-0.227
18594,0.022
18595,-0.193
18596,-0.073
18597,0.103
18598,-0.242
18599,0.012
18600,0.22
18601,-0.256
18602,-0.151
18603,0.295
18604,0.002
18605,-0.1
18606,0.027
18607,-0.007
18608,-0.173
18609,-0.103
18610,-0.132
18611,-0.068
18612,-0.168
18613,-0.142
18614,0.168
18615,-0.227
18616,-0.232
18617,0.122
18618,-0.142
18619,-0.337
18620,0.042
18621,-0.081
18622,-0.188
18623,0.105
18624,-0.178
18625,-0.049
18626,-0.183
18627,-0.154
18628,-0.098
18629,-0.054
18630,-0.195
18631,-0.103
18632,0.0
18633,-0.269
18634,-0.088
18635,-0.237
18636,-0.171
18637,-0.002
18638,-0.125
18639,-0.176
18640,0.042
18641,-0.117
18642,-0.198
18643,0.063
18644,-0.107
18645,0.044
18646,-0.151
18647,-0.154
18648,-0.049
18649,-0.061
18650,-0.037
18651,0.015
18652,-0.188
18653,-0.129
18654,0.01
18655,-0.237
18656,-0.181
18657,0.098
18658,-0.088
18659,-0.203
18660,-0.037
18661,-0.107
18662,-0.137
18663,-0.144
18664,-0.217
18665,0.083
18666,-0.103
18667,-0.212
18668,-0.044
18669,0.037
18670,-0.186
18671,-0.151
18672,-0.02
18673,-0.068
18674,-0.168
18675,-0.244
18676,-0.034
18677,-0.078
18678,-0.142
18679,-0.159
18680,-0.076
18681,-0.159
18682,-0.154
18683,-0.068
18684,-0.007
18685,-0.081
18686,-0.073
18687,-0.103
18688,-0.149
18689,-0.117
18690,-0.085
18691,-0.122
18692,-0.186
18693,-0.095
18694,-0.129
18695,-0.259
18696,-0.117
18697,-0.034
18698,-0.01
18699,-0.208
18700,-0.068
18701,-0.059
18702,-0.085
18703,-0.093
18704,-0.054
18705,-0.093
18706,-0.054
18707,-0.027
18708,-0.002
18709,-0.083
18710,-0.266
18711,-0.081
18712,-0.237
18713,-0.19
18714,-0.161
18715,-0.066
18716,-0.137
18717,-0.261
18718,-0.129
18719,-0.063
18720,-0.117
18721,-0.046
18722,-0.132
18723,-0.09
18724,0.183
18725,-0.134
18726,-0.359
18727,0.178
18728,0.144
18729,-0.217
18730,-0.142
18731,0.12
18732,-0.312
18733,-0.01
18734,-0.225
18735,-0.217
18736,-0.056
18737,-0.408
18738,-0.176
18739,0.056
18740,-0.415
18741,-0.129
18742,0.129
18743,-0.273
18744,-0.076
18745,0.103
18746,-0.286
18747,-0.09
18748,0.007
18749,-0.142
18750,-0.156
18751,0.007
18752,-0.063
18753,-0.083
18754,-0.088
18755,-0.144
18756,-0.076
18757,-0.063
18758,-0.029
18759,-0.117
18760,-0.093
18761,-0.056
18762,0.015
18763,-0.054
18764,0.015
18765,-0.09
18766,-0.139
18767,0.012
18768,-0.044
18769,-0.164
18770,-0.134
18771,-0.066
18772,-0.205
18773,-0.156
18774,-0.039
18775,-0.146
18776,-0.264
18777,-0.107
18778,-0.005
18779,0.015
18780,-0.19
18781,0.059
18782,0.142
18783,-0.002
18784,0.029
18785,0.022
18786,0.073
18787,-0.115
18788,-0.115
18789,-0.015
18790,-0.154
18791,-0.232
18792,-0.171
18793,-0.02
18794,-0.166
18795,-0.164
18796,-0.225
18797,-0.007
18798,-0.156
18799,-0.129
18800,-0.081
18801,-0.039
18802,-0.061
18803,-0.166
18804,-0.029
18805,0.125
18806,-0.029
18807,-0.159
18808,-0.085
18809,-0.002
18810,0.012
18811,-0.063
18812,-0.222
18813,-0.164
18814,0.029
18815,-0.056
18816,-0.261
18817,-0.029
18818,-0.232
18819,-0.273
18820,0.049
18821,0.171
18822,-0.149
18823,-0.098
18824,0.066
18825,-0.081
18826,-0.208
18827,-0.156
18828,0.093
18829,-0.107
18830,-0.105
18831,-0.088
18832,-0.205
18833,-0.117
18834,-0.156
18835,-0.093
18836,-0.117
18837,-0.12
18838,-0.195
18839,-0.066
18840,-0.247
18841,-0.081
18842,0.049
18843,0.042
18844,-0.024
18845,-0.115
18846,-0.09
18847,-0.151
18848,-0.007
18849,-0.054
18850,0.049
18851,-0.09
18852,-0.117
18853,-0.095
18854,-0.012
18855,-0.208
18856,-0.168
18857,-0.127
18858,-0.293
18859,-0.134
18860,-0.115
18861,-0.042
18862,-0.017
18863,0.054
18864,-0.063
18865,-0.132
18866,-0.166
18867,-0.076
18868,0.085
18869,-0.112
18870,-0.032
18871,-0.103
18872,-0.073
18873,-0.139
18874,-0.122
18875,-0.11
18876,-0.095
18877,-0.051
18878,-0.151
18879,-0.164
18880,-0.203
18881,-0.151
18882,-0.137
18883,-0.066
18884,-0.061
18885,-0.02
18886,-0.071
18887,-0.071
18888,0.01
18889,-0.002
18890,0.195
18891,0.032
18892,-0.017
18893,-0.103
18894,0.081
18895,-0.056
18896,-0.032
18897,-0.173
18898,-0.195
18899,0.098
18900,-0.051
18901,-0.239
18902,-0.203
18903,0.037
18904,-0.239
18905,-0.144
18906,-0.1
18907,-0.134
18908,-0.142
18909,-0.088
18910,-0.005
18911,-0.164
18912,-0.171
18913,-0.22
18914,-0.054
18915,-0.02
18916,-0.076
18917,-0.178
18918,-0.012
18919,-0.002
18920,-0.298
18921,-0.173
18922,-0.183
18923,0.005
18924,-0.078
18925,0.005
18926,-0.022
18927,0.125
18928,0.037
18929,-0.027
18930,0.012
18931,-0.115
18932,-0.022
18933,-0.037
18934,-0.01
18935,-0.132
18936,-0.178
18937,-0.098
18938,-0.107
18939,-0.171
18940,-0.217
18941,0.002
18942,-0.181
18943,-0.21
18944,-0.032
18945,-0.015
18946,-0.2
18947,0.029
18948,0.02
18949,-0.103
18950,-0.142
18951,-0.183
18952,-0.068
18953,-0.134
18954,-0.01
18955,-0.188
18956,-0.142
18957,-0.137
18958,0.034
18959,-0.203
18960,-0.359
18961,-0.015
18962,0.029
18963,-0.071
18964,-0.151
18965,-0.051
18966,-0.193
18967,-0.115
18968,-0.027
18969,-0.049
18970,-0.054
18971,-0.017
18972,0.071
18973,-0.027
18974,-0.088
18975,-0.288
18976,0.125
18977,0.103
18978,-0.176
18979,-0.276
18980,-0.164
18981,0.002
18982,-0.059
18983,-0.288
18984,-0.234
18985,-0.12
18986,-0.237
18987,-0.09
18988,-0.005
18989,-0.156
18990,-0.083
18991,0.068
18992,0.09
18993,-0.093
18994,-0.156
18995,-0.21
18996,0.01
18997,-0.088
18998,-0.127
18999,-0.154
19000,0.024
19001,0.005
19002,-0.208
19003,-0.266
19004,-0.144
19005,0.051
19006,-0.125
19007,0.007
19008,-0.056
19009,0.01
19010,-0.09
19011,0.01
19012,0.076
19013,-0.093
19014,0.059
19015,-0.11
19016,-0.051
19017,-0.195
19018,-0.127
19019,0.088
19020,0.088
19021,-0.212
19022,-0.181
19023,-0.205
19024,-0.181
19025,-0.068
19026,-0.12
19027,-0.168
19028,-0.215
19029,-0.007
19030,-0.168
19031,-0.088
19032,-0.061
19033,-0.081
19034,-0.002
19035,-0.098
19036,-0.244
19037,-0.166
19038,0.12
19039,-0.037
19040,-0.032
19041,-0.251
19042,-0.027
19043,-0.103
19044,-0.171
19045,0.034
19046,0.0
19047,-0.01
19048,-0.073
19049,-0.034
19050,-0.078
19051,-0.037
19052,-0.234
19053,0.027
19054,0.132
19055,-0.068
19056,-0.115
19057,-0.002
19058,0.0
19059,-0.12
19060,-0.076
19061,-0.251
19062,-0.076
19063,-0.137
19064,-0.039
19065,-0.095
19066,-0.098
19067,-0.063
19068,-0.21
19069,-0.081
19070,-0.159
19071,-0.063
19072,-0.193
19073,0.015
19074,-0.151
19075,-0.117
19076,-0.144
19077,-0.039
19078,-0.117
19079,-0.264
19080,-0.095
19081,-0.098
19082,-0.164
19083,-0.339
19084,0.01
19085,-0.073
19086,-0.073
19087,-0.046
19088,-0.017
19089,-0.098
19090,-0.078
19091,0.054
19092,-0.034
19093,-0.042
19094,-0.2
19095,0.017
19096,0.002
19097,-0.083
19098,-0.183
19099,-0.11
19100,-0.12
19101,-0.168
19102,-0.02
19103,-0.151
19104,-0.066
19105,-0.105
19106,-0.137
19107,-0.142
19108,-0.149
19109,-0.239
19110,-0.144
19111,-0.012
19112,-0.266
19113,-0.242
19114,-0.212
19115,-0.154
19116,-0.212
19117,-0.149
19118,-0.12
19119,-0.083
19120,-0.085
19121,-0.159
19122,-0.02
19123,-0.115
19124,-0.02
19125,-0.181
19126,-0.129
19127,-0.144
19128,0.037
19129,-0.034
19130,-0.161
19131,0.015
19132,-0.103
19133,-0.054
19134,-0.159
19135,-0.227
19136,-0.288
19137,-0.12
19138,-0.085
19139,-0.139
19140,-0.173
19141,-0.261
19142,-0.142
19143,-0.164
19144,-0.168
19145,-0.178
19146,-0.093
19147,-0.203
19148,-0.098
19149,-0.195
19150,-0.142
19151,-0.034
19152,0.007
19153,0.029
19154,-0.063
19155,-0.034
19156,-0.166
19157,0.059
19158,-0.061
19159,-0.076
19160,-0.156
19161,0.007
19162,-0.012
19163,-0.217
19164,-0.208
19165,-0.046
19166,-0.049
19167,-0.195
19168,0.056
19169,-0.012
19170,-0.044
19171,-0.127
19172,-0.078
19173,-0.078
19174,-0.134
19175,-0.112
19176,-0.105
19177,-0.005
19178,-0.212
19179,-0.054
19180,-0.068
19181,-0.071
19182,-0.156
19183,-0.156
19184,-0.059
19185,-0.117
19186,-0.161
19187,-0.2
19188,-0.002
19189,-0.208
19190,-0.12
19191,-0.122
19192,-0.059
19193,-0.208
19194,-0.063
19195,0.027
19196,0.005
19197,-0.051
19198,-0.149
19199,0.073
19200,-0.083
19201,-0.034
19202,-0.139
19203,-0.068
19204,-0.02
19205,-0.049
19206,-0.017
19207,-0.103
19208,-0.054
19209,-0.215
19210,-0.037
19211,-0.107
19212,-0.095
19213,-0.061
19214,0.042
19215,-0.005
19216,-0.034
19217,-0.161
19218,-0.044
19219,0.073
19220,-0.132
19221,-0.144
19222,-0.166
19223,-0.042
19224,-0.198
19225,-0.093
19226,-0.027
19227,0.02
19228,-0.117
19229,-0.286
19230,-0.144
19231,-0.142
19232,-0.081
19233,-0.076
19234,-0.005
19235,-0.151
19236,-0.129
19237,-0.154
19238,-0.237
19239,0.005
19240,-0.188
19241,-0.122
19242,-0.005
19243,0.02
19244,-0.237
19245,-0.042
19246,0.034
19247,-0.076
19248,-0.005
19249,-0.078
19250,-0.063
19251,-0.09
19252,-0.015
19253,-0.134
19254,0.017
19255,-0.078
19256,0.071
19257,-0.059
19258,-0.151
19259,-0.134
19260,0.017
19261,-0.127
19262,-0.239
19263,0.0
19264,-0.205
19265,-0.208
19266,-0.227
19267,0.017
19268,-0.134
19269,-0.144
19270,-0.076
19271,-0.046
19272,-0.105
19273,-0.061
19274,-0.037
19275,-0.161
19276,0.059
19277,-0.015
19278,-0.127
19279,-0.063
19280,-0.137
19281,-0.042
19282,-0.024
19283,-0.159
19284,-0.232
19285,-0.032
19286,-0.168
19287,-0.156
19288,-0.115
19289,-0.002
19290,-0.125
19291,-0.1
19292,-0.046
19293,-0.002
19294,-0.059
19295,-0.242
19296,0.017
19297,-0.098
19298,-0.02
19299,-0.061
19300,0.088
19301,-0.063
19302,-0.122
19303,-0.156
19304,-0.09
19305,-0.105
19306,-0.227
19307,-0.017
19308,-0.049
19309,-0.015
19310,-0.125
19311,-0.117
19312,-0.125
19313,-0.061
19314,0.032
19315,-0.161
19316,-0.01
19317,-0.068
19318,-0.063
19319,-0.205
19320,0.078
19321,-0.112
19322,-0.144
19323,-0.134
19324,-0.093
19325,-0.09
19326,-0.195
19327,-0.132
19328,-0.151
19329,-0.11
19330,-0.122
19331,0.027
19332,-0.173
19333,-0.046
19334,0.042
19335,-0.059
19336,-0.085
19337,-0.103
19338,-0.076
19339,-0.061
19340,0.012
19341,-0.146
19342,-0.146
19343,-0.073
19344,0.0
19345,0.01
19346,-0.159
19347,-0.081
19348,-0.156
19349,0.022
19350,-0.088
19351,0.0
19352,-0.068
19353,-0.11
19354,-0.151
19355,-0.103
19356,0.029
19357,0.063
19358,-0.085
19359,-0.154
19360,0.027
19361,-0.142
19362,-0.115
19363,-0.137
19364,-0.02
19365,-0.142
19366,-0.161
19367,0.02
19368,-0.046
19369,-0.083
19370,-0.139
19371,0.103
19372,-0.115
19373,-0.266
19374,-0.19
19375,-0.002
19376,-0.095
19377,-0.1
19378,-0.012
19379,-0.134
19380,-0.107
19381,-0.254
19382,-0.081
19383,-0.178
19384,-0.178
19385,-0.132
19386,-0.107
19387,-0.166
19388,-0.093
19389,-0.071
19390,-0.237
19391,-0.017
19392,-0.149
19393,-0.107
19394,-0.149
19395,0.022
19396,0.02
19397,-0.059
19398,-0.164
19399,-0.117
19400,0.005
19401,-0.19
19402,-0.217
19403,-0.134
19404,-0.266
19405,-0.432
19406,-0.105
19407,-0.115
19408,-0.188
19409,-0.007
19410,-0.017
19411,-0.02
19412,-0.217
19413,-0.027
19414,0.029
19415,-0.01
19416,-0.105
19417,0.078
19418,-0.1
19419,0.029
19420,-0.012
19421,-0.181
19422,-0.012
19423,-0.081
19424,-0.164
19425,-0.154
19426,-0.161
19427,-0.295
19428,-0.122
19429,-0.127
19430,-0.164
19431,-0.178
19432,-0.056
19433,-0.088
19434,-0.166
19435,-0.11
19436,0.01
19437,0.134
19438,-0.059
19439,-0.208
19440,-0.156
19441,-0.066
19442,-0.066
19443,-0.166
19444,-0.117
19445,-0.193
19446,-0.144
19447,-0.173
19448,-0.093
19449,-0.015
19450,-0.059
19451,-0.154
19452,-0.015
19453,0.061
19454,-0.063
19455,-0.093
19456,-0.032
19457,-0.01
19458,-0.051
19459,0.0
19460,0.054
19461,-0.054
19462,-0.281
19463,-0.007
19464,0.09
19465,-0.203
19466,-0.107
19467,-0.151
19468,-0.156
19469,-0.112
19470,-0.203
19471,-0.22
19472,-0.027
19473,-0.156
19474,-0.066
19475,-0.032
19476,-0.176
19477,-0.071
19478,-0.015
19479,-0.115
19480,-0.239
19481,-0.088
19482,-0.022
19483,-0.168
19484,-0.129
19485,-0.325
19486,-0.232
19487,-0.056
19488,0.027
19489,-0.166
19490,-0.063
19491,-0.161
19492,0.02
19493,0.063
19494,0.054
19495,0.083
19496,0.015
19497,0.071
19498,-0.017
19499,0.039
19500,-0.132
19501,0.027
19502,0.017
19503,0.044
19504,-0.181
19505,-0.2
19506,-0.139
19507,-0.09
19508,-0.134
19509,-0.325
19510,-0.142
19511,0.093
19512,-0.134
19513,-0.322
19514,-0.027
19515,-0.149
19516,-0.195
19517,-0.149
19518,-0.029
19519,0.068
19520,-0.183
19521,-0.19
19522,-0.007
19523,-0.083
19524,-0.154
19525,-0.022
19526,-0.2
19527,-0.061
19528,-0.12
19529,-0.198
19530,-0.078
19531,-0.002
19532,-0.005
19533,-0.073
19534,-0.12
19535,0.027
19536,-0.027
19537,-0.049
19538,0.061
19539,0.034
19540,-0.068
19541,0.034
19542,-0.049
19543,-0.154
19544,-0.269
19545,-0.171
19546,-0.32
19547,-0.12
19548,-0.273
19549,-0.083
19550,0.054
19551,-0.171
19552,-0.229
19553,0.005
19554,0.042
19555,-0.146
19556,0.007
19557,-0.054
19558,-0.029
19559,-0.215
19560,-0.151
19561,0.002
19562,-0.188
19563,-0.115
19564,-0.078
19565,-0.029
19566,-0.171
19567,-0.249
19568,-0.215
19569,0.0
19570,-0.063
19571,-0.134
19572,-0.054
19573,-0.149
19574,-0.081
19575,0.068
19576,0.046
19577,-0.068
19578,0.093
19579,0.005
19580,-0.142
19581,-0.103
19582,0.01
19583,-0.161
19584,-0.061
19585,0.015
19586,-0.134
19587,-0.198
19588,-0.122
19589,-0.171
19590,-0.195
19591,-0.19
19592,-0.022
19593,-0.002
19594,-0.088
19595,-0.061
19596,0.134
19597,-0.11
19598,-0.081
19599,-0.115
19600,-0.042
19601,0.017
19602,-0.049
19603,-0.122
19604,-0.181
19605,-0.166
19606,-0.198
19607,-0.261
19608,-0.198
19609,-0.005
19610,-0.122
19611,-0.054
19612,-0.181
19613,-0.078
19614,-0.09
19615,0.083
19616,0.063
19617,-0.015
19618,-0.032
19619,0.012
19620,0.061
19621,-0.139
19622,-0.117
19623,0.027
19624,0.068
19625,-0.007
19626,-0.088
19627,-0.012
19628,-0.137
19629,-0.098
19630,-0.12
19631,-0.161
19632,-0.188
19633,-0.168
19634,-0.005
19635,-0.037
19636,-0.044
19637,-0.088
19638,-0.027
19639,-0.061
19640,-0.09
19641,-0.027
19642,-0.11
19643,-0.181
19644,-0.107
19645,-0.056
19646,-0.066
19647,-0.107
19648,-0.09
19649,-0.063
19650,-0.144
19651,-0.1
19652,-0.061
19653,-0.11
19654,-0.112
19655,-0.125
19656,-0.029
19657,-0.071
19658,0.0
19659,-0.049
19660,0.017
19661,-0.137
19662,-0.061
19663,-0.066
19664,-0.061
19665,-0.151
19666,-0.105
19667,-0.149
19668,-0.146
19669,-0.173
19670,-0.151
19671,-0.09
19672,-0.156
19673,-0.195
19674,-0.161
19675,-0.073
19676,-0.164
19677,-0.088
19678,0.0
19679,-0.073
19680,-0.122
19681,-0.132
19682,-0.066
19683,-0.044
19684,-0.081
19685,-0.149
19686,-0.083
19687,-0.103
19688,-0.112
19689,-0.137
19690,-0.188
19691,-0.039
19692,-0.076
19693,-0.144
19694,-0.007
19695,-0.042
19696,-0.083
19697,0.032
19698,0.017
19699,-0.107
19700,-0.042
19701,0.054
19702,-0.02
19703,0.046
19704,-0.171
19705,-0.017
19706,-0.063
19707,-0.042
19708,-0.093
19709,-0.168
19710,-0.332
19711,-0.112
19712,-0.132
19713,-0.229
19714,-0.054
19715,-0.166
19716,-0.168
19717,-0.122
19718,-0.151
19719,-0.125
19720,-0.042
19721,-0.098
19722,-0.09
19723,-0.071
19724,-0.178
19725,-0.122
19726,-0.037
19727,-0.054
19728,-0.22
19729,-0.222
19730,-0.222
19731,-0.149
19732,-0.134
19733,-0.017
19734,0.054
19735,-0.095
19736,-0.032
19737,-0.022
19738,-0.037
19739,-0.007
19740,0.02
19741,-0.059
19742,-0.012
19743,-0.007
19744,-0.071
19745,-0.063
19746,-0.21
19747,-0.293
19748,-0.247
19749,-0.027
19750,-0.125
19751,-0.2
19752,-0.217
19753,-0.183
19754,-0.125
19755,-0.073
19756,-0.117
19757,-0.103
19758,-0.039
19759,-0.122
19760,-0.164
19761,0.051
19762,-0.01
19763,-0.122
19764,0.042
19765,-0.073
19766,-0.149
19767,-0.002
19768,-0.11
19769,-0.039
19770,-0.156
19771,-0.134
19772,-0.125
19773,-0.1
19774,-0.02
19775,-0.034
19776,-0.2
19777,-0.151
19778,0.063
19779,-0.042
19780,-0.063
19781,0.01
19782,0.105
19783,-0.103
19784,-0.088
19785,-0.073
19786,-0.088
19787,-0.171
19788,-0.229
19789,-0.142
19790,-0.132
19791,-0.11
19792,-0.176
19793,-0.132
19794,-0.273
19795,-0.161
19796,-0.01
19797,-0.029
19798,0.015
19799,-0.037
19800,-0.049
19801,-0.244
19802,-0.164
19803,0.02
19804,-0.168
19805,-0.295
19806,-0.144
19807,-0.088
19808,-0.09
19809,-0.071
19810,-0.085
19811,-0.039
19812,-0.081
19813,-0.115
19814,-0.171
19815,-0.127
19816,-0.144
19817,0.078
19818,0.022
19819,-0.107
19820,-0.034
19821,-0.073
19822,0.073
19823,-0.071
19824,-0.183
19825,-0.007
19826,-0.007
19827,-0.146
19828,-0.139
19829,-0.078
19830,-0.173
19831,-0.195
19832,-0.117
19833,-0.127
19834,-0.142
19835,-0.002
19836,-0.042
19837,-0.107
19838,-0.107
19839,-0.068
19840,0.02
19841,-0.068
19842,0.032
19843,-0.095
19844,-0.076
19845,-0.122
19846,-0.081
19847,-0.09
19848,-0.093
19849,-0.166
19850,-0.083
19851,-0.088
19852,-0.09
19853,0.017
19854,-0.105
19855,-0.002
19856,-0.139
19857,-0.061
19858,-0.049
19859,-0.154
19860,-0.234
19861,-0.034
19862,-0.039
19863,-0.061
19864,-0.066
19865,-0.142
19866,-0.01
19867,-0.12
19868,-0.081
19869,-0.173
19870,-0.085
19871,-0.151
19872,-0.232
19873,-0.222
19874,0.022
19875,-0.061
19876,-0.161
19877,-0.083
19878,-0.156
19879,-0.144
19880,-0.159
19881,-0.107
19882,0.015
19883,-0.127
19884,-0.137
19885,-0.151
19886,-0.076
19887,-0.073
19888,0.066
19889,-0.1
19890,-0.112
19891,-0.195
19892,-0.295
19893,-0.144
19894,-0.151
19895,-0.049
19896,-0.032
19897,-0.044
19898,-0.056
19899,-0.059
19900,-0.024
19901,-0.032
19902,0.054
19903,0.02
19904,0.054
19905,-0.039
19906,-0.044
19907,-0.042
19908,-0.051
19909,-0.12
19910,-0.095
19911,-0.239
19912,-0.217
19913,-0.083
19914,-0.151
19915,-0.034
19916,-0.217
19917,-0.178
19918,-0.127
19919,-0.059
19920,-0.042
19921,-0.107
19922,-0.032
19923,-0.166
19924,-0.261
19925,-0.12
19926,-0.022
19927,-0.137
19928,-0.144
19929,-0.21
19930,-0.098
19931,-0.117
19932,-0.149
19933,-0.2
19934,-0.168
19935,-0.049
19936,-0.029
19937,-0.059
19938,-0.144
19939,-0.1
19940,-0.068
19941,0.0
19942,0.032
19943,-0.117
19944,-0.034
19945,-0.049
19946,-0.085
19947,-0.056
19948,-0.034
19949,-0.024
19950,-0.063
19951,-0.281
19952,-0.063
19953,-0.093
19954,-0.227
19955,-0.173
19956,-0.115
19957,-0.146
19958,-0.12
19959,0.066
19960,-0.007
19961,-0.181
19962,-0.208
19963,0.034
19964,-0.073
19965,-0.146
19966,-0.181
19967,-0.2
19968,-0.068
19969,-0.088
19970,-0.078
19971,-0.173
19972,-0.066
19973,-0.244
19974,-0.122
19975,-0.066
19976,-0.078
19977,-0.015
19978,-0.002
19979,-0.078
19980,-0.081
19981,-0.061
19982,-0.022
19983,0.046
19984,0.042
19985,0.002
19986,-0.127
19987,-0.044
19988,-0.09
19989,-0.063
19990,-0.266
19991,-0.2
19992,-0.063
19993,-0.066
19994,-0.122
19995,-0.347
19996,-0.12
19997,0.024
19998,-0.151
19999,-0.164
20000,-0.078
20001,-0.024
20002,-0.166
20003,-0.061
20004,-0.1
20005,-0.105
20006,-0.024
20007,-0.085
20008,-0.171
20009,-0.083
20010,-0.149
20011,-0.11
20012,-0.195
20013,-0.298
20014,-0.112
20015,-0.012
20016,-0.012
20017,-0.105
20018,-0.085
20019,-0.071
20020,-0.117
20021,-0.103
20022,0.037
20023,-0.149
20024,-0.173
20025,0.203
20026,0.029
20027,-0.09
20028,-0.002
20029,0.122
20030,-0.12
20031,-0.156
20032,-0.037
20033,-0.073
20034,-0.234
20035,-0.159
20036,0.063
20037,-0.063
20038,-0.122
20039,-0.134
20040,-0.112
20041,-0.159
20042,0.059
20043,-0.027
20044,-0.09
20045,-0.112
20046,0.0
20047,0.051
20048,-0.166
20049,-0.081
20050,-0.186
20051,-0.19
20052,-0.239
20053,-0.083
20054,-0.078
20055,-0.227
20056,-0.078
20057,-0.044
20058,-0.139
20059,-0.149
20060,-0.017
20061,0.007
20062,0.037
20063,0.044
20064,0.002
20065,-0.068
20066,-0.105
20067,-0.024
20068,-0.054
20069,-0.01
20070,-0.027
20071,-0.083
20072,-0.032
20073,-0.061
20074,-0.215
20075,-0.342
20076,-0.049
20077,-0.049
20078,-0.212
20079,-0.134
20080,-0.024
20081,-0.142
20082,-0.151
20083,-0.005
20084,-0.027
20085,-0.242
20086,-0.149
20087,-0.078
20088,-0.115
20089,-0.044
20090,-0.1
20091,-0.21
20092,-0.271
20093,-0.288
20094,-0.11
20095,-0.051
20096,-0.11
20097,-0.081
20098,-0.044
20099,-0.146
20100,0.081
20101,-0.012
20102,-0.027
20103,0.0
20104,0.085
20105,-0.027
20106,-0.054
20107,-0.029
20108,0.083
20109,-0.002
20110,-0.066
20111,-0.146
20112,-0.046
20113,-0.088
20114,-0.217
20115,-0.034
20116,-0.122
20117,-0.212
20118,-0.186
20119,0.005
20120,-0.044
20121,-0.244
20122,-0.127
20123,0.029
20124,-0.056
20125,-0.105
20126,-0.042
20127,-0.066
20128,-0.11
20129,-0.173
20130,-0.103
20131,-0.01
20132,-0.227
20133,-0.159
20134,-0.034
20135,-0.117
20136,-0.215
20137,-0.105
20138,-0.071
20139,-0.078
20140,-0.256
20141,-0.244
20142,0.11
20143,0.193
20144,0.012
20145,-0.063
20146,0.129
20147,0.056
20148,-0.139
20149,-0.22
20150,-0.129
20151,-0.107
20152,-0.239
20153,-0.146
20154,-0.188
20155,-0.239
20156,-0.327
20157,0.046
20158,-0.007
20159,-0.237
20160,-0.122
20161,0.012
20162,-0.12
20163,-0.061
20164,0.093
20165,0.156
20166,0.02
20167,-0.088
20168,-0.042
20169,-0.21
20170,-0.159
20171,-0.142
20172,-0.288
20173,-0.176
20174,-0.168
20175,-0.154
20176,-0.076
20177,-0.049
20178,-0.288
20179,-0.042
20180,0.215
20181,-0.154
20182,-0.249
20183,0.022
20184,0.095
20185,0.027
20186,-0.093
20187,-0.051
20188,-0.093
20189,0.007
20190,0.083
20191,-0.068
20192,-0.076
20193,-0.081
20194,-0.21
20195,-0.012
20196,-0.156
20197,-0.142
20198,-0.288
20199,-0.176
20200,0.007
20201,-0.056
20202,-0.308
20203,-0.093
20204,-0.024
20205,-0.007
20206,-0.156
20207,-0.061
20208,-0.11
20209,-0.322
20210,-0.134
20211,-0.007
20212,-0.127
20213,-0.171
20214,-0.039
20215,-0.098
20216,-0.212
20217,-0.112
20218,-0.073
20219,-0.083
20220,-0.09
20221,0.056
20222,0.054
20223,-0.09
20224,0.02
20225,0.098
20226,-0.122
20227,-0.168
20228,0.09
20229,0.0
20230,-0.261
20231,-0.2
20232,-0.107
20233,0.012
20234,-0.117
20235,-0.115
20236,-0.046
20237,-0.01
20238,-0.278
20239,-0.122
20240,0.015
20241,-0.078
20242,-0.164
20243,-0.015
20244,-0.063
20245,-0.161
20246,-0.144
20247,-0.083
20248,-0.061
20249,-0.002
20250,-0.11
20251,-0.146
20252,-0.159
20253,-0.042
20254,-0.217
20255,-0.139
20256,-0.161
20257,-0.173
20258,-0.105
20259,-0.085
20260,-0.078
20261,-0.154
20262,-0.056
20263,-0.168
20264,0.007
20265,-0.132
20266,-0.21
20267,-0.032
20268,0.149
20269,-0.071
20270,-0.144
20271,-0.066
20272,-0.032
20273,-0.093
20274,-0.122
20275,-0.261
20276,-0.051
20277,0.11
20278,-0.171
20279,-0.366
20280,-0.095
20281,-0.059
20282,-0.115
20283,-0.212
20284,-0.093
20285,-0.007
20286,-0.103
20287,-0.154
20288,0.059
20289,-0.115
20290,-0.105
20291,-0.056
20292,-0.015
20293,-0.1
20294,-0.21
20295,-0.112
20296,-0.007
20297,-0.151
20298,-0.144
20299,-0.042
20300,-0.115
20301,-0.085
20302,-0.105
20303,-0.105
20304,0.002
20305,-0.032
20306,0.024
20307,-0.029
20308,-0.039
20309,-0.061
20310,-0.012
20311,-0.066
20312,-0.093
20313,-0.044
20314,-0.068
20315,-0.01
20316,-0.164
20317,-0.237
20318,-0.125
20319,-0.068
20320,-0.156
20321,-0.09
20322,-0.002
20323,-0.061
20324,-0.161
20325,-0.186
20326,-0.029
20327,-0.117
20328,-0.215
20329,-0.181
20330,-0.076
20331,-0.137
20332,-0.11
20333,-0.134
20334,-0.127
20335,-0.073
20336,-0.117
20337,-0.156
20338,0.061
20339,-0.044
20340,-0.125
20341,-0.049
20342,-0.051
20343,0.034
20344,0.02
20345,-0.2
20346,-0.271
20347,-0.054
20348,-0.01
20349,0.015
20350,0.093
20351,0.024
20352,-0.01
20353,-0.2
20354,-0.088
20355,0.022
20356,-0.1
20357,-0.046
20358,-0.068
20359,-0.156
20360,-0.051
20361,-0.083
20362,-0.042
20363,-0.103
20364,-0.095
20365,-0.11
20366,-0.059
20367,-0.049
20368,-0.134
20369,-0.056
20370,-0.056
20371,-0.186
20372,-0.132
20373,-0.222
20374,-0.029
20375,-0.271
20376,-0.251
20377,-0.002
20378,-0.056
20379,-0.122
20380,0.054
20381,-0.293
20382,-0.002
20383,-0.032
20384,-0.159
20385,-0.039
20386,0.01
20387,-0.181
20388,0.051
20389,-0.049
20390,-0.171
20391,-0.112
20392,-0.015
20393,-0.142
20394,-0.188
20395,-0.234
20396,-0.042
20397,-0.005
20398,-0.071
20399,-0.122
20400,-0.122
20401,-0.161
20402,-0.049
20403,-0.081
20404,-0.063
20405,-0.022
20406,0.02
20407,-0.073
20408,-0.039
20409,-0.066
20410,-0.137
20411,-0.115
20412,-0.139
20413,-0.249
20414,-0.159
20415,-0.078
20416,-0.11
20417,-0.22
20418,-0.242
20419,-0.083
20420,-0.098
20421,-0.073
20422,0.059
20423,-0.203
20424,-0.046
20425,0.032
20426,-0.229
20427,-0.039
20428,-0.046
20429,-0.149
20430,-0.063
20431,0.078
20432,-0.066
20433,-0.127
20434,-0.112
20435,-0.127
20436,-0.071
20437,-0.139
20438,-0.181
20439,0.0
20440,-0.164
20441,-0.137
20442,-0.044
20443,-0.232
20444,-0.217
20445,0.068
20446,-0.198
20447,-0.076
20448,0.024
20449,-0.21
20450,-0.071
20451,-0.027
20452,-0.078
20453,-0.085
20454,-0.1
20455,-0.176
20456,0.017
20457,-0.149
20458,-0.22
20459,-0.117
20460,-0.02
20461,-0.137
20462,-0.139
20463,-0.127
20464,-0.061
20465,-0.046
20466,-0.129
20467,-0.015
20468,0.012
20469,-0.059
20470,0.034
20471,0.02
20472,-0.09
20473,-0.098
20474,0.0
20475,0.005
20476,-0.103
20477,-0.239
20478,-0.134
