,0.022
0,-0.107
1,-0.09
2,0.178
3,-0.029
4,-0.139
5,-0.156
6,-0.049
7,-0.144
8,-0.2
9,-0.237
10,-0.151
11,-0.1
12,-0.19
13,-0.151
14,-0.244
15,-0.112
16,-0.039
17,-0.117
18,-0.117
19,-0.049
20,-0.044
21,-0.305
22,0.02
23,0.042
24,0.002
25,-0.022
26,-0.022
27,-0.061
28,-0.134
29,-0.164
30,-0.081
31,-0.195
32,-0.391
33,-0.093
34,-0.112
35,-0.098
36,0.02
37,-0.115
38,-0.334
39,0.254
40,0.164
41,-0.242
42,-0.166
43,0.149
44,0.037
45,-0.212
46,-0.027
47,-0.454
48,0.159
49,-0.083
50,-0.039
51,-0.071
52,-0.493
53,0.017
54,-0.134
55,-0.479
56,-0.415
57,0.015
58,-0.498
59,0.11
60,0.144
61,-0.239
62,-0.044
63,0.093
64,-0.066
65,0.085
66,-0.076
67,-0.161
68,-0.032
69,-0.017
70,-0.078
71,-0.005
72,-0.085
73,-0.1
74,-0.02
75,0.029
76,-0.237
77,-0.271
78,-0.627
79,0.01
80,-0.027
81,-0.239
82,-0.366
83,-0.068
84,0.103
85,-0.129
86,-0.085
87,-0.017
88,-0.081
89,0.017
90,-0.034
91,-0.308
92,-0.061
93,-0.066
94,-0.103
95,-0.254
96,-0.303
97,-0.061
98,-0.149
99,-0.31
100,-0.217
101,0.024
102,-0.247
103,0.105
104,-0.012
105,-0.32
106,-0.2
107,0.049
108,-0.061
109,-0.142
110,-0.046
111,-0.183
112,0.027
113,0.007
114,-0.171
115,-0.21
116,0.125
117,0.002
118,-0.325
119,-0.234
120,-0.029
121,-0.032
122,-0.322
123,-0.059
124,-0.049
125,-0.229
126,-0.103
127,0.229
128,-0.081
129,-0.151
130,-0.125
131,-0.183
132,-0.105
133,-0.176
134,-0.254
135,-0.127
136,-0.178
137,-0.303
138,-0.134
139,0.061
140,0.002
141,-0.19
142,-0.413
143,-0.105
144,0.0
145,-0.039
146,-0.12
147,-0.139
148,-0.308
149,-0.208
150,0.046
151,-0.188
152,-0.247
153,-0.212
154,-0.144
155,-0.293
156,-0.266
157,-0.242
158,-0.208
159,-0.239
160,-0.149
161,-0.085
162,0.029
163,0.132
164,-0.19
165,-0.127
166,-0.061
167,-0.156
168,-0.195
169,-0.122
170,-0.029
171,-0.149
172,-0.005
173,-0.059
174,-0.132
175,-0.198
176,-0.083
177,-0.227
178,-0.176
179,-0.164
180,-0.2
181,0.034
182,-0.083
183,-0.098
184,-0.127
185,0.046
186,-0.061
187,-0.149
188,-0.22
189,-0.054
190,-0.071
191,-0.339
192,-0.466
193,-0.286
194,-0.095
195,-0.378
196,-0.193
197,-0.229
198,-0.205
199,-0.159
200,-0.085
201,-0.144
202,-0.156
203,0.132
204,-0.103
205,-0.059
206,-0.205
207,-0.063
208,-0.015
209,-0.078
210,-0.151
211,-0.19
212,-0.222
213,-0.271
214,-0.161
215,-0.195
216,0.037
217,-0.054
218,-0.11
219,-0.322
220,-0.002
221,0.034
222,-0.173
223,0.19
224,-0.027
225,-0.178
226,-0.303
227,0.151
228,-0.212
229,-0.105
230,-0.256
231,-0.083
232,-0.073
233,-0.364
234,-0.215
235,-0.005
236,-0.11
237,-0.269
238,0.193
239,-0.217
240,-0.105
241,-0.205
242,-0.156
243,0.066
244,-0.063
245,-0.391
246,-0.015
247,0.095
248,-0.063
249,-0.044
250,-0.132
251,-0.203
252,0.027
253,-0.083
254,-0.156
255,-0.171
256,-0.188
257,-0.171
258,-0.02
259,-0.288
260,0.007
261,-0.081
262,-0.242
263,-0.095
264,-0.115
265,-0.352
266,-0.093
267,-0.198
268,-0.293
269,-0.107
270,-0.261
271,-0.295
272,-0.132
273,-0.132
274,-0.242
275,-0.039
276,-0.42
277,-0.142
278,-0.061
279,-0.278
280,-0.083
281,0.056
282,-0.303
283,-0.288
284,-0.205
285,-0.322
286,-0.044
287,-0.005
288,-0.188
289,0.09
290,-0.066
291,-0.1
292,-0.01
293,0.022
294,-0.144
295,-0.061
296,-0.151
297,-0.149
298,-0.09
299,-0.127
300,0.142
301,-0.051
302,-0.168
303,-0.193
304,0.129
305,-0.159
306,-0.098
307,-0.388
308,-0.251
309,-0.073
310,-0.107
311,-0.308
312,-0.161
313,-0.125
314,-0.127
315,-0.234
316,-0.2
317,-0.029
318,-0.222
319,-0.181
320,-0.149
321,-0.049
322,-0.085
323,0.078
324,0.068
325,-0.178
326,0.037
327,-0.027
328,-0.115
329,-0.134
330,-0.183
331,-0.12
332,-0.2
333,-0.195
334,-0.151
335,-0.19
336,-0.215
337,-0.042
338,-0.225
339,-0.254
340,-0.344
341,-0.144
342,0.029
343,0.027
344,-0.249
345,-0.132
346,0.122
347,0.027
348,-0.098
349,-0.334
350,-0.239
351,-0.146
352,-0.063
353,-0.105
354,-0.071
355,-0.232
356,-0.103
357,0.037
358,-0.093
359,0.081
360,0.034
361,-0.103
362,0.085
363,-0.034
364,0.234
365,-0.259
366,-0.383
367,-0.276
368,-0.183
369,-0.283
370,0.271
371,-0.208
372,-0.43
373,-0.264
374,0.073
375,-0.095
376,0.083
377,-0.085
378,-0.137
379,-0.09
380,-0.264
381,-0.161
382,0.027
383,-0.178
384,-0.137
385,-0.027
386,-0.178
387,-0.129
388,0.12
389,-0.159
390,0.034
391,-0.364
392,-0.439
393,-0.203
394,-0.063
395,-0.156
396,-0.256
397,-0.293
398,-0.139
399,-0.024
400,-0.122
401,0.007
402,-0.168
403,-0.288
404,-0.029
405,0.017
406,-0.12
407,-0.129
408,-0.032
409,-0.01
410,0.061
411,-0.171
412,-0.059
413,0.056
414,-0.146
415,-0.261
416,-0.156
417,0.115
418,-0.217
419,-0.095
420,-0.022
421,-0.105
422,-0.127
423,-0.11
424,0.012
425,-0.01
426,-0.198
427,-0.251
428,-0.188
429,-0.146
430,-0.039
431,-0.11
432,-0.1
433,-0.039
434,-0.344
435,-0.198
436,-0.002
437,-0.085
438,-0.244
439,-0.186
440,-0.249
441,-0.051
442,-0.027
443,-0.337
444,-0.132
445,0.12
446,0.01
447,-0.122
448,0.044
449,-0.229
450,-0.029
451,-0.112
452,-0.024
453,-0.2
454,-0.112
455,0.171
456,-0.322
457,-0.476
458,-0.078
459,0.076
460,-0.342
461,-0.042
462,0.256
463,-0.059
464,-0.381
465,-0.293
466,-0.237
467,-0.244
468,-0.171
469,-0.039
470,0.051
471,-0.159
472,-0.303
473,-0.142
474,0.005
475,-0.298
476,-0.41
477,-0.256
478,-0.244
479,-0.2
480,-0.264
481,-0.142
482,-0.054
483,-0.146
484,-0.295
485,-0.176
486,-0.127
487,-0.205
488,0.212
489,0.037
490,-0.19
491,-0.142
492,0.012
493,0.061
494,0.242
495,-0.154
496,-0.149
497,-0.193
498,-0.078
499,-0.21
500,-0.305
501,-0.229
502,-0.225
503,-0.137
504,-0.073
505,0.095
506,-0.159
507,-0.005
508,0.098
509,-0.222
510,-0.178
511,0.066
512,0.076
513,-0.066
514,-0.105
515,-0.146
516,-0.195
517,-0.264
518,-0.115
519,-0.029
520,-0.168
521,-0.315
522,-0.247
523,0.015
524,-0.1
525,-0.066
526,-0.239
527,-0.078
528,-0.056
529,0.037
530,-0.107
531,-0.005
532,0.022
533,-0.056
534,-0.081
535,-0.144
536,0.059
537,-0.002
538,-0.059
539,-0.244
540,-0.2
541,-0.178
542,-0.159
543,-0.037
544,-0.227
545,-0.303
546,-0.225
547,0.085
548,-0.134
549,-0.259
550,-0.181
551,-0.01
552,-0.098
553,-0.337
554,-0.137
555,-0.083
556,-0.115
557,-0.347
558,-0.095
559,-0.181
560,-0.012
561,0.007
562,0.005
563,-0.027
564,-0.193
565,-0.09
566,-0.01
567,0.066
568,0.125
569,0.129
570,-0.103
571,-0.037
572,-0.183
573,-0.066
574,-0.183
575,-0.093
576,0.015
577,-0.122
578,-0.254
579,-0.247
580,-0.222
581,-0.186
582,-0.103
583,-0.027
584,-0.098
585,-0.203
586,-0.117
587,-0.1
588,-0.188
589,-0.229
590,-0.11
591,-0.044
592,-0.278
593,-0.117
594,-0.168
595,-0.186
596,-0.09
597,-0.078
598,-0.022
599,-0.271
600,-0.242
601,-0.127
602,0.017
603,-0.066
604,0.073
605,-0.039
606,-0.103
607,0.022
608,-0.063
609,0.049
610,-0.081
611,-0.105
612,-0.1
613,-0.046
614,-0.139
615,-0.054
616,-0.015
617,-0.186
618,-0.129
619,-0.166
620,-0.244
621,-0.269
622,-0.198
623,-0.222
624,-0.168
625,-0.232
626,-0.171
627,-0.078
628,-0.249
629,-0.198
630,-0.105
631,-0.015
632,-0.12
633,-0.066
634,-0.068
635,-0.073
636,-0.032
637,-0.132
638,-0.032
639,-0.156
640,-0.154
641,-0.115
642,-0.254
643,-0.247
644,-0.066
645,0.12
646,0.007
647,0.134
648,-0.078
649,-0.039
650,0.007
651,0.037
652,-0.01
653,-0.149
654,-0.222
655,0.007
656,0.049
657,-0.085
658,-0.142
659,0.078
660,-0.044
661,-0.093
662,-0.083
663,-0.168
664,-0.264
665,-0.327
666,-0.281
667,-0.029
668,-0.22
669,-0.12
670,0.039
671,0.01
672,-0.269
673,-0.254
674,-0.042
675,0.007
676,-0.217
677,-0.225
678,0.059
679,-0.012
680,-0.249
681,-0.161
682,0.039
683,-0.063
684,-0.037
685,-0.105
686,-0.098
687,-0.291
688,-0.247
689,-0.22
690,-0.034
691,-0.022
692,-0.146
693,-0.012
694,0.039
695,-0.063
696,-0.11
697,0.01
698,-0.039
699,-0.017
700,-0.134
701,-0.32
702,-0.203
703,-0.039
704,-0.232
705,-0.085
706,-0.129
707,-0.205
708,-0.076
709,-0.11
710,0.059
711,-0.02
712,-0.293
713,-0.286
714,-0.168
715,-0.129
716,-0.195
717,-0.281
718,-0.178
719,-0.103
720,-0.19
721,-0.361
722,-0.215
723,-0.215
724,-0.217
725,-0.21
726,-0.19
727,-0.059
728,-0.088
729,-0.125
730,-0.015
731,-0.034
732,-0.31
733,0.017
734,0.146
735,-0.1
736,-0.237
737,0.015
738,0.073
739,-0.049
740,-0.137
741,-0.139
742,-0.125
743,-0.176
744,-0.046
745,-0.2
746,-0.203
747,-0.105
748,-0.222
749,-0.095
750,-0.278
751,-0.305
752,-0.237
753,0.049
754,0.088
755,-0.312
756,-0.159
757,0.095
758,-0.298
759,-0.249
760,-0.103
761,-0.183
762,-0.168
763,-0.105
764,-0.276
765,-0.103
766,-0.078
767,-0.291
768,-0.234
769,-0.159
770,-0.156
771,-0.076
772,-0.056
773,-0.088
774,-0.066
775,-0.129
776,-0.088
777,0.095
778,0.063
779,-0.195
780,-0.107
781,-0.098
782,-0.183
783,-0.317
784,-0.068
785,-0.244
786,-0.256
787,-0.144
788,-0.125
789,-0.168
790,-0.215
791,-0.168
792,-0.032
793,-0.132
794,-0.176
795,-0.022
796,0.059
797,0.076
798,-0.227
799,-0.222
800,-0.032
801,-0.103
802,-0.12
803,-0.112
804,-0.317
805,-0.178
806,-0.022
807,-0.081
808,-0.039
809,-0.269
810,-0.159
811,0.073
812,-0.015
813,-0.244
814,-0.046
815,-0.093
816,-0.21
817,-0.078
818,-0.066
819,0.044
820,-0.181
821,-0.093
822,-0.103
823,-0.051
824,-0.212
825,-0.095
826,-0.039
827,-0.149
828,-0.22
829,-0.366
830,-0.029
831,-0.063
832,-0.273
833,-0.239
834,0.002
835,-0.103
836,-0.229
837,0.042
838,-0.142
839,-0.142
840,-0.227
841,-0.132
842,-0.017
843,-0.059
844,-0.142
845,-0.007
846,-0.107
847,-0.115
848,-0.105
849,-0.327
850,0.044
851,-0.132
852,-0.256
853,0.112
854,0.042
855,-0.32
856,-0.232
857,0.068
858,-0.054
859,-0.244
860,-0.271
861,-0.208
862,-0.071
863,-0.156
864,-0.269
865,-0.215
866,-0.037
867,0.02
868,-0.12
869,-0.215
870,-0.212
871,-0.156
872,0.024
873,-0.061
874,-0.129
875,-0.217
876,-0.227
877,-0.081
878,-0.105
879,-0.198
880,-0.21
881,-0.132
882,-0.203
883,-0.222
884,-0.31
885,-0.095
886,0.056
887,-0.068
888,-0.115
889,-0.198
890,-0.205
891,-0.115
892,-0.022
893,-0.005
894,-0.051
895,-0.254
896,-0.142
897,-0.029
898,-0.107
899,-0.161
900,-0.09
901,-0.134
902,-0.244
903,-0.146
904,-0.212
905,-0.112
906,-0.034
907,0.005
908,-0.2
909,-0.068
910,-0.193
911,-0.288
912,-0.066
913,-0.112
914,-0.105
915,-0.159
916,-0.076
917,-0.098
918,0.044
919,-0.176
920,-0.154
921,-0.054
922,-0.054
923,-0.007
924,-0.203
925,-0.078
926,-0.103
927,-0.11
928,-0.01
929,-0.029
930,-0.293
931,-0.237
932,0.032
933,-0.107
934,-0.061
935,0.098
936,0.007
937,-0.049
938,0.095
939,0.037
940,-0.303
941,-0.232
942,-0.198
943,0.01
944,-0.159
945,-0.283
946,-0.239
947,0.0
948,-0.203
949,0.012
950,-0.017
951,-0.161
952,-0.144
953,-0.156
954,-0.205
955,-0.186
956,-0.09
957,-0.098
958,-0.034
959,-0.239
960,-0.02
961,-0.171
962,-0.234
963,0.11
964,-0.032
965,-0.232
966,-0.083
967,0.071
968,-0.22
969,-0.229
970,-0.403
971,-0.005
972,0.063
973,-0.264
974,-0.315
975,0.129
976,-0.103
977,-0.19
978,-0.034
979,-0.042
980,-0.015
981,-0.173
982,-0.11
983,0.098
984,-0.088
985,-0.142
986,-0.002
987,-0.02
988,-0.261
989,-0.044
990,-0.146
991,-0.205
992,-0.134
993,-0.061
994,-0.044
995,-0.002
996,-0.286
997,-0.112
998,-0.012
999,-0.261
1000,-0.188
1001,-0.237
1002,-0.071
1003,0.054
1004,-0.244
1005,-0.386
1006,-0.02
1007,-0.042
1008,-0.081
1009,-0.107
1010,-0.088
1011,-0.139
1012,-0.312
1013,-0.205
1014,-0.103
1015,0.093
1016,-0.149
1017,-0.151
1018,-0.195
1019,-0.137
1020,-0.042
1021,-0.049
1022,0.02
1023,-0.032
1024,-0.095
1025,-0.166
1026,-0.076
1027,-0.129
1028,-0.19
1029,-0.107
1030,-0.203
1031,-0.164
1032,-0.093
1033,-0.015
1034,-0.193
1035,0.105
1036,-0.034
1037,-0.085
1038,-0.212
1039,-0.022
1040,-0.044
1041,-0.01
1042,-0.078
1043,-0.242
1044,-0.234
1045,-0.178
1046,0.027
1047,-0.078
1048,-0.332
1049,-0.22
1050,-0.002
1051,0.051
1052,-0.134
1053,-0.115
1054,-0.125
1055,-0.085
1056,-0.156
1057,-0.015
1058,-0.1
1059,-0.093
1060,-0.042
1061,0.005
1062,0.037
1063,-0.042
1064,-0.144
1065,-0.122
1066,-0.007
1067,-0.254
1068,0.073
1069,-0.261
1070,-0.369
1071,0.11
1072,-0.151
1073,-0.32
1074,-0.095
1075,-0.22
1076,-0.02
1077,0.085
1078,-0.078
1079,0.015
1080,-0.239
1081,-0.415
1082,-0.188
1083,0.015
1084,-0.234
1085,-0.42
1086,-0.205
1087,-0.029
1088,0.154
1089,-0.291
1090,-0.249
1091,-0.068
1092,-0.178
1093,-0.188
1094,-0.393
1095,-0.405
1096,-0.005
1097,0.237
1098,0.005
1099,0.161
1100,-0.054
1101,-0.334
1102,-0.364
1103,-0.029
1104,-0.164
1105,-0.168
1106,-0.063
1107,-0.156
1108,-0.01
1109,-0.142
1110,-0.088
1111,-0.061
1112,-0.139
1113,-0.203
1114,-0.024
1115,-0.093
1116,-0.066
1117,-0.149
1118,-0.181
1119,0.098
1120,-0.01
1121,-0.168
1122,-0.127
1123,-0.01
1124,-0.208
1125,-0.142
1126,-0.186
1127,-0.205
1128,-0.061
1129,-0.234
1130,0.063
1131,-0.103
1132,-0.305
1133,0.027
1134,0.146
1135,-0.396
1136,-0.398
1137,0.186
1138,-0.034
1139,-0.291
1140,-0.31
1141,0.151
1142,0.017
1143,-0.198
1144,-0.188
1145,0.015
1146,-0.11
1147,-0.054
1148,0.315
1149,-0.078
1150,-0.164
1151,-0.259
1152,0.098
1153,-0.227
1154,-0.09
1155,-0.166
1156,-0.137
1157,-0.107
1158,-0.02
1159,-0.073
1160,-0.037
1161,-0.034
1162,-0.071
1163,0.134
1164,-0.085
1165,-0.081
1166,-0.024
1167,-0.222
1168,-0.259
1169,-0.422
1170,-0.22
1171,-0.278
1172,-0.166
1173,-0.066
1174,0.051
1175,-0.039
1176,-0.181
1177,-0.144
1178,-0.161
1179,-0.11
1180,-0.051
1181,0.11
1182,-0.061
1183,-0.029
1184,-0.027
1185,-0.022
1186,0.029
1187,-0.076
1188,-0.1
1189,-0.049
1190,-0.024
1191,-0.054
1192,0.088
1193,-0.186
1194,-0.103
1195,-0.222
1196,-0.212
1197,-0.071
1198,0.132
1199,-0.12
1200,-0.12
1201,-0.251
1202,-0.349
1203,-0.205
1204,-0.127
1205,-0.264
1206,-0.173
1207,-0.186
1208,-0.264
1209,0.073
1210,-0.173
1211,-0.122
1212,-0.056
1213,-0.239
1214,-0.19
1215,-0.159
1216,-0.068
1217,0.076
1218,0.242
1219,-0.005
1220,-0.103
1221,-0.146
1222,-0.059
1223,0.237
1224,0.022
1225,-0.239
1226,-0.125
1227,0.071
1228,-0.1
1229,-0.115
1230,-0.125
1231,-0.088
1232,-0.076
1233,-0.105
1234,-0.2
1235,-0.12
1236,-0.059
1237,-0.027
1238,0.015
1239,-0.061
1240,-0.005
1241,-0.188
1242,-0.176
1243,-0.005
1244,-0.083
1245,-0.317
1246,-0.229
1247,-0.039
1248,-0.242
1249,-0.161
1250,-0.061
1251,0.01
1252,-0.151
1253,-0.288
1254,-0.034
1255,0.061
1256,-0.051
1257,-0.093
1258,0.134
1259,0.005
1260,-0.132
1261,-0.078
1262,0.205
1263,-0.161
1264,-0.168
1265,0.105
1266,0.017
1267,-0.098
1268,-0.286
1269,-0.11
1270,-0.193
1271,-0.156
1272,-0.088
1273,0.01
1274,-0.159
1275,-0.103
1276,-0.222
1277,-0.137
1278,0.076
1279,-0.168
1280,0.0
1281,-0.061
1282,-0.068
1283,0.017
1284,0.056
1285,-0.225
1286,-0.203
1287,-0.093
1288,-0.127
1289,-0.127
1290,-0.266
1291,-0.208
1292,-0.261
1293,0.002
1294,0.037
1295,-0.249
1296,-0.215
1297,-0.081
1298,-0.002
1299,-0.203
1300,0.01
1301,0.032
1302,0.027
1303,-0.046
1304,0.068
1305,-0.059
1306,-0.049
1307,-0.063
1308,-0.068
1309,-0.049
1310,-0.239
1311,-0.251
1312,-0.103
1313,-0.054
1314,-0.164
1315,-0.144
1316,-0.195
1317,-0.083
1318,-0.073
1319,-0.325
1320,-0.378
1321,-0.227
1322,0.066
1323,-0.159
1324,-0.251
1325,-0.127
1326,0.002
1327,-0.234
1328,-0.261
1329,-0.215
1330,-0.322
1331,-0.198
1332,-0.071
1333,-0.1
1334,-0.242
1335,-0.317
1336,-0.144
1337,0.19
1338,0.305
1339,-0.042
1340,0.015
1341,-0.33
1342,-0.251
1343,-0.083
1344,0.076
1345,-0.024
1346,-0.054
1347,-0.212
1348,-0.166
1349,-0.122
1350,-0.137
1351,-0.178
1352,-0.256
1353,0.034
1354,-0.156
1355,-0.286
1356,-0.107
1357,0.068
1358,-0.049
1359,-0.083
1360,-0.02
1361,-0.278
1362,-0.103
1363,-0.063
1364,0.146
1365,-0.066
1366,0.071
1367,0.066
1368,0.02
1369,-0.339
1370,-0.212
1371,-0.02
1372,-0.151
1373,-0.066
1374,-0.11
1375,-0.203
1376,-0.083
1377,-0.032
1378,0.002
1379,0.061
1380,0.061
1381,0.017
1382,0.042
1383,-0.312
1384,-0.217
1385,-0.081
1386,0.056
1387,-0.144
1388,-0.212
1389,-0.242
1390,-0.09
1391,-0.034
1392,-0.33
1393,-0.122
1394,-0.168
1395,-0.256
1396,-0.117
1397,-0.183
1398,-0.496
1399,-0.137
1400,-0.078
1401,-0.215
1402,-0.144
1403,-0.149
1404,-0.125
1405,-0.125
1406,-0.105
1407,-0.046
1408,-0.044
1409,-0.178
1410,-0.02
1411,0.068
1412,-0.217
1413,-0.229
1414,-0.278
1415,-0.186
1416,-0.151
1417,-0.039
1418,-0.171
1419,-0.146
1420,-0.217
1421,-0.098
1422,-0.117
1423,-0.09
1424,0.227
1425,-0.068
1426,-0.125
1427,-0.127
1428,-0.2
1429,-0.127
1430,0.02
1431,0.117
1432,-0.076
1433,-0.115
1434,-0.278
1435,0.073
1436,-0.151
1437,-0.3
1438,-0.366
1439,-0.2
1440,-0.2
1441,0.02
1442,-0.1
1443,-0.054
1444,-0.044
1445,-0.044
1446,-0.068
1447,-0.054
1448,-0.21
1449,-0.105
1450,0.151
1451,-0.095
1452,-0.244
1453,-0.2
1454,-0.215
1455,-0.139
1456,-0.078
1457,0.049
1458,-0.071
1459,-0.044
1460,-0.098
1461,-0.164
1462,-0.273
1463,-0.168
1464,-0.073
1465,-0.134
1466,-0.229
1467,-0.215
1468,-0.037
1469,-0.129
1470,-0.195
1471,-0.254
1472,-0.066
1473,-0.117
1474,-0.195
1475,-0.234
1476,-0.159
1477,-0.032
1478,-0.168
1479,-0.183
1480,-0.105
1481,-0.039
1482,-0.19
1483,-0.085
1484,-0.039
1485,-0.142
1486,-0.161
1487,-0.049
1488,-0.081
1489,-0.195
1490,-0.193
1491,-0.193
1492,-0.044
1493,-0.127
1494,-0.144
1495,-0.156
1496,-0.071
1497,-0.085
1498,-0.288
1499,-0.283
1500,-0.188
1501,0.01
1502,-0.232
1503,0.042
1504,-0.078
1505,-0.176
1506,-0.049
1507,0.024
1508,-0.032
1509,-0.156
1510,-0.112
1511,-0.063
1512,0.029
1513,-0.183
1514,-0.281
1515,-0.034
1516,-0.073
1517,-0.171
1518,-0.129
1519,-0.066
1520,-0.007
1521,-0.132
1522,-0.295
1523,-0.107
1524,-0.027
1525,-0.215
1526,-0.159
1527,-0.027
1528,-0.024
1529,-0.291
1530,-0.203
1531,-0.015
1532,-0.173
1533,-0.127
1534,0.198
1535,-0.115
1536,-0.083
1537,-0.024
1538,-0.11
1539,-0.154
1540,-0.127
1541,-0.095
1542,0.078
1543,0.134
1544,-0.359
1545,-0.173
1546,0.049
1547,-0.024
1548,-0.154
1549,-0.181
1550,-0.181
1551,-0.166
1552,-0.242
1553,-0.076
1554,0.088
1555,-0.298
1556,-0.22
1557,-0.1
1558,-0.127
1559,-0.176
1560,-0.161
1561,-0.203
1562,-0.029
1563,-0.125
1564,-0.266
1565,-0.068
1566,0.21
1567,0.046
1568,-0.105
1569,-0.076
1570,-0.21
1571,-0.166
1572,-0.132
1573,0.017
1574,0.034
1575,-0.159
1576,-0.22
1577,-0.137
1578,-0.227
1579,-0.256
1580,-0.215
1581,-0.12
1582,-0.146
1583,-0.225
1584,-0.149
1585,-0.017
1586,-0.066
1587,0.029
1588,0.063
1589,-0.09
1590,-0.32
1591,-0.132
1592,-0.005
1593,0.002
1594,-0.107
1595,-0.151
1596,-0.144
1597,-0.278
1598,-0.156
1599,-0.239
1600,-0.159
1601,-0.205
1602,-0.149
1603,-0.125
1604,0.029
1605,-0.122
1606,-0.188
1607,-0.051
1608,-0.122
1609,-0.125
1610,-0.188
1611,-0.198
1612,-0.015
1613,-0.042
1614,-0.288
1615,-0.071
1616,-0.227
1617,-0.327
1618,-0.071
1619,0.01
1620,-0.149
1621,-0.151
1622,-0.083
1623,-0.017
1624,-0.024
1625,-0.193
1626,0.002
1627,0.078
1628,0.044
1629,-0.142
1630,-0.059
1631,0.044
1632,0.012
1633,0.005
1634,-0.161
1635,-0.183
1636,-0.107
1637,-0.171
1638,-0.171
1639,-0.066
1640,-0.098
1641,-0.215
1642,-0.222
1643,-0.156
1644,-0.171
1645,-0.208
1646,-0.249
1647,-0.098
1648,-0.037
1649,-0.19
1650,-0.186
1651,-0.115
1652,-0.11
1653,-0.144
1654,-0.105
1655,-0.295
1656,-0.293
1657,-0.122
1658,-0.127
1659,-0.005
1660,-0.085
1661,-0.164
1662,-0.229
1663,-0.122
1664,-0.012
1665,0.132
1666,-0.054
1667,-0.095
1668,-0.056
1669,-0.186
1670,-0.21
1671,-0.005
1672,0.029
1673,-0.105
1674,-0.142
1675,-0.037
1676,-0.095
1677,-0.11
1678,-0.039
1679,0.095
1680,-0.037
1681,-0.054
1682,-0.105
1683,-0.02
1684,0.007
1685,0.005
1686,-0.195
1687,-0.005
1688,0.02
1689,-0.151
1690,-0.044
1691,-0.068
1692,-0.151
1693,-0.371
1694,-0.369
1695,-0.247
1696,-0.122
1697,-0.107
1698,-0.261
1699,-0.183
1700,-0.146
1701,-0.029
1702,-0.151
1703,-0.259
1704,-0.32
1705,-0.144
1706,-0.063
1707,-0.125
1708,-0.264
1709,-0.088
1710,-0.142
1711,-0.081
1712,-0.144
1713,-0.266
1714,-0.11
1715,-0.149
1716,-0.134
1717,-0.166
1718,-0.142
1719,-0.112
1720,-0.044
1721,-0.095
1722,-0.3
1723,-0.251
1724,-0.164
1725,-0.042
1726,-0.222
1727,-0.095
1728,0.012
1729,-0.198
1730,-0.125
1731,0.195
1732,0.21
1733,0.071
1734,-0.171
1735,-0.256
1736,-0.051
1737,-0.205
1738,-0.291
1739,-0.044
1740,-0.117
1741,-0.271
1742,-0.151
1743,-0.161
1744,-0.22
1745,-0.088
1746,-0.017
1747,0.012
1748,-0.024
1749,-0.054
1750,-0.156
1751,-0.154
1752,-0.002
1753,-0.002
1754,-0.095
1755,-0.073
1756,-0.186
1757,-0.383
1758,-0.242
1759,-0.02
1760,-0.132
1761,-0.1
1762,-0.164
1763,-0.034
1764,-0.059
1765,-0.205
1766,-0.149
1767,-0.034
1768,-0.168
1769,-0.144
1770,-0.093
1771,-0.107
1772,-0.195
1773,-0.117
1774,-0.015
1775,-0.178
1776,-0.142
1777,-0.134
1778,-0.254
1779,-0.229
1780,-0.242
1781,-0.291
1782,-0.398
1783,-0.247
1784,-0.117
1785,0.032
1786,-0.061
1787,-0.127
1788,-0.093
1789,0.073
1790,0.042
1791,-0.046
1792,-0.132
1793,-0.039
1794,0.017
1795,-0.261
1796,-0.21
1797,-0.171
1798,-0.222
1799,-0.291
1800,-0.146
1801,-0.142
1802,-0.203
1803,-0.11
1804,-0.203
1805,-0.291
1806,-0.239
1807,0.0
1808,-0.046
1809,-0.1
1810,-0.049
1811,0.054
1812,0.083
1813,-0.237
1814,-0.09
1815,-0.042
1816,-0.078
1817,-0.115
1818,-0.222
1819,-0.364
1820,0.029
1821,0.139
1822,0.181
1823,-0.405
1824,-0.508
1825,-0.005
1826,-0.017
1827,-0.122
1828,-0.054
1829,0.01
1830,-0.083
1831,-0.085
1832,-0.159
1833,-0.005
1834,0.015
1835,-0.171
1836,-0.264
1837,-0.166
1838,-0.112
1839,-0.171
1840,-0.269
1841,-0.325
1842,0.029
1843,-0.137
1844,-0.178
1845,-0.01
1846,-0.173
1847,-0.117
1848,-0.188
1849,0.017
1850,-0.078
1851,-0.122
1852,-0.352
1853,-0.149
1854,0.007
1855,-0.229
1856,-0.166
1857,-0.193
1858,-0.125
1859,-0.276
1860,-0.229
1861,-0.217
1862,0.137
1863,-0.146
1864,-0.1
1865,-0.159
1866,-0.203
1867,-0.154
1868,-0.176
1869,-0.044
1870,-0.085
1871,-0.112
1872,-0.225
1873,0.176
1874,-0.11
1875,-0.229
1876,-0.156
1877,-0.093
1878,-0.183
1879,-0.02
1880,-0.251
1881,-0.364
1882,-0.105
1883,-0.042
1884,-0.002
1885,-0.098
1886,-0.374
1887,-0.02
1888,-0.129
1889,-0.383
1890,0.01
1891,0.139
1892,-0.264
1893,-0.12
1894,-0.171
1895,-0.176
1896,-0.095
1897,-0.188
1898,-0.034
1899,-0.171
1900,-0.276
1901,-0.356
1902,-0.063
1903,-0.122
1904,-0.105
1905,-0.032
1906,-0.061
1907,-0.078
1908,-0.063
1909,-0.046
1910,0.083
1911,0.134
1912,-0.127
1913,-0.073
1914,-0.173
1915,0.034
1916,-0.005
1917,-0.222
1918,-0.164
1919,-0.205
1920,-0.115
1921,-0.149
1922,-0.063
1923,-0.188
1924,-0.103
1925,-0.007
1926,0.015
1927,-0.146
1928,-0.068
1929,0.063
1930,0.09
1931,0.105
1932,-0.322
1933,-0.146
1934,0.039
1935,-0.039
1936,-0.188
1937,-0.088
1938,-0.266
1939,-0.212
1940,0.02
1941,-0.159
1942,-0.098
1943,-0.283
1944,-0.276
1945,-0.278
1946,0.02
1947,-0.266
1948,-0.215
1949,-0.032
1950,0.066
1951,0.0
1952,-0.249
1953,-0.127
1954,-0.042
1955,0.066
1956,-0.105
1957,-0.01
1958,-0.291
1959,-0.186
1960,-0.171
1961,-0.193
1962,-0.093
1963,-0.171
1964,-0.225
1965,-0.156
1966,-0.117
1967,-0.234
1968,0.024
1969,-0.122
1970,-0.054
1971,0.0
1972,0.117
1973,-0.024
1974,-0.247
1975,0.007
1976,0.037
1977,0.022
1978,-0.122
1979,-0.068
1980,-0.271
1981,-0.198
1982,-0.054
1983,-0.159
1984,-0.161
1985,-0.105
1986,-0.122
1987,-0.278
1988,-0.166
1989,-0.168
1990,-0.212
1991,-0.059
1992,-0.027
1993,0.015
1994,0.046
1995,-0.044
1996,-0.115
1997,0.093
1998,-0.161
1999,-0.173
2000,-0.251
2001,-0.076
2002,-0.103
2003,-0.088
2004,-0.266
2005,-0.278
2006,-0.208
2007,-0.21
2008,0.068
2009,-0.298
2010,-0.264
2011,-0.2
2012,-0.085
2013,-0.198
2014,-0.056
2015,-0.039
2016,-0.173
2017,0.017
2018,-0.178
2019,-0.09
2020,-0.198
2021,-0.007
2022,-0.181
2023,-0.237
2024,-0.098
2025,0.034
2026,0.029
2027,-0.066
2028,0.137
2029,-0.115
2030,-0.059
2031,0.02
2032,0.046
2033,-0.012
2034,0.071
2035,-0.09
2036,-0.273
2037,-0.083
2038,-0.127
2039,-0.042
2040,-0.352
2041,-0.125
2042,-0.239
2043,-0.11
2044,-0.1
2045,0.054
2046,-0.256
2047,-0.2
2048,-0.037
2049,-0.293
2050,0.027
2051,0.054
2052,0.015
2053,-0.305
2054,-0.237
2055,-0.11
2056,-0.081
2057,-0.198
2058,-0.137
2059,-0.083
2060,-0.149
2061,-0.024
2062,-0.198
2063,-0.225
2064,-0.366
2065,0.029
2066,-0.203
2067,0.015
2068,0.02
2069,-0.171
2070,-0.071
2071,0.098
2072,-0.078
2073,-0.012
2074,-0.037
2075,-0.146
2076,-0.205
2077,-0.115
2078,0.068
2079,0.022
2080,-0.137
2081,-0.193
2082,-0.059
2083,-0.022
2084,0.0
2085,-0.139
2086,-0.173
2087,-0.132
2088,-0.068
2089,-0.129
2090,-0.222
2091,-0.151
2092,0.039
2093,-0.032
2094,-0.337
2095,-0.308
2096,-0.215
2097,-0.051
2098,-0.071
2099,-0.173
2100,-0.366
2101,0.024
2102,-0.01
2103,-0.283
2104,-0.227
2105,-0.029
2106,-0.007
2107,-0.127
2108,0.007
2109,0.022
2110,-0.083
2111,-0.225
2112,0.032
2113,-0.073
2114,-0.164
2115,-0.134
2116,-0.151
2117,-0.12
2118,-0.071
2119,0.0
2120,-0.129
2121,-0.11
2122,-0.181
2123,-0.178
2124,-0.12
2125,-0.212
2126,-0.208
2127,-0.168
2128,-0.088
2129,-0.195
2130,0.066
2131,-0.166
2132,-0.056
2133,0.002
2134,0.017
2135,-0.159
2136,-0.137
2137,-0.083
2138,-0.051
2139,-0.154
2140,-0.33
2141,-0.083
2142,-0.039
2143,-0.083
2144,-0.117
2145,-0.078
2146,-0.249
2147,-0.007
2148,0.142
2149,-0.168
2150,-0.22
2151,-0.151
2152,0.022
2153,0.09
2154,-0.127
2155,-0.103
2156,-0.156
2157,-0.303
2158,-0.12
2159,-0.061
2160,-0.293
2161,-0.249
2162,-0.266
2163,-0.332
2164,-0.264
2165,-0.212
2166,-0.056
2167,-0.237
2168,-0.288
2169,-0.22
2170,-0.12
2171,-0.061
2172,-0.139
2173,-0.115
2174,-0.288
2175,-0.132
2176,-0.178
2177,-0.242
2178,-0.164
2179,-0.154
2180,-0.305
2181,-0.156
2182,-0.054
2183,-0.327
2184,-0.339
2185,-0.112
2186,-0.19
2187,-0.212
2188,-0.12
2189,-0.083
2190,0.095
2191,-0.029
2192,-0.198
2193,-0.156
2194,0.005
2195,0.032
2196,-0.071
2197,0.151
2198,1.436
2199,0.85
2200,1.794
2201,0.75
2202,-0.806
2203,-0.94
2204,-0.342
2205,-0.298
2206,-0.518
2207,-0.383
2208,-0.251
2209,-0.325
2210,-0.613
2211,-0.439
2212,-0.308
2213,-0.186
2214,0.073
2215,0.601
2216,0.159
2217,-0.339
2218,-0.125
2219,-0.017
2220,-0.076
2221,-0.176
2222,-0.237
2223,-0.168
2224,-0.122
2225,0.024
2226,-0.103
2227,-0.266
2228,-0.032
2229,0.164
2230,-0.181
2231,-0.212
2232,-0.168
2233,-0.208
2234,-0.068
2235,-0.056
2236,-0.232
2237,-0.212
2238,-0.066
2239,0.071
2240,0.049
2241,-0.059
2242,-0.164
2243,0.054
2244,-0.029
2245,-0.5
2246,-0.3
2247,0.073
2248,0.0
2249,0.032
2250,-0.181
2251,-0.11
2252,0.02
2253,-0.059
2254,-0.061
2255,-0.01
2256,-0.371
2257,-0.332
2258,0.085
2259,-0.022
2260,-0.173
2261,-0.33
2262,-0.173
2263,-0.081
2264,-0.068
2265,-0.203
2266,-0.21
2267,-0.156
2268,-0.134
2269,-0.125
2270,-0.259
2271,-0.107
2272,-0.073
2273,-0.044
2274,0.063
2275,0.046
2276,-0.222
2277,-0.139
2278,0.081
2279,-0.081
2280,-0.122
2281,-0.078
2282,-0.217
2283,-0.4
2284,-0.259
2285,-0.112
2286,-0.063
2287,-0.376
2288,-0.247
2289,0.1
2290,-0.183
2291,-0.159
2292,-0.042
2293,-0.339
2294,-0.444
2295,-0.054
2296,-0.022
2297,-0.078
2298,-0.12
2299,-0.173
2300,-0.078
2301,-0.312
2302,-0.527
2303,-0.132
2304,-0.051
2305,-0.183
2306,-0.051
2307,-0.112
2308,-0.247
2309,-0.227
2310,-0.103
2311,-0.042
2312,-0.051
2313,-0.164
2314,-0.188
2315,-0.029
2316,-0.032
2317,0.007
2318,-0.059
2319,-0.164
2320,0.042
2321,0.012
2322,-0.056
2323,-0.232
2324,-0.161
2325,-0.054
2326,-0.142
2327,-0.283
2328,-0.11
2329,-0.015
2330,-0.112
2331,-0.254
2332,0.005
2333,0.056
2334,-0.117
2335,-0.042
2336,-0.076
2337,-0.044
2338,-0.122
2339,-0.063
2340,-0.164
2341,-0.181
2342,-0.195
2343,-0.078
2344,-0.09
2345,0.02
2346,-0.063
2347,-0.215
2348,-0.1
2349,-0.129
2350,-0.12
2351,-0.291
2352,-0.208
2353,0.083
2354,0.085
2355,-0.051
2356,-0.11
2357,-0.137
2358,-0.093
2359,0.01
2360,0.012
2361,-0.259
2362,-0.247
2363,-0.066
2364,-0.051
2365,-0.054
2366,-0.088
2367,-0.173
2368,-0.063
2369,-0.078
2370,-0.188
2371,-0.251
2372,-0.259
2373,-0.022
2374,0.176
2375,-0.176
2376,-0.437
2377,-0.247
2378,-0.088
2379,-0.085
2380,-0.083
2381,-0.208
2382,-0.229
2383,-0.234
2384,-0.339
2385,-0.3
2386,-0.139
2387,-0.21
2388,-0.134
2389,-0.068
2390,-0.098
2391,-0.12
2392,-0.178
2393,0.022
2394,0.002
2395,-0.063
2396,-0.12
2397,-0.002
2398,-0.171
2399,-0.122
2400,-0.146
2401,-0.103
2402,-0.061
2403,-0.037
2404,-0.154
2405,0.0
2406,-0.09
2407,-0.161
2408,-0.015
2409,-0.139
2410,-0.156
2411,0.005
2412,-0.12
2413,-0.161
2414,0.059
2415,0.017
2416,-0.249
2417,0.037
2418,-0.029
2419,0.034
2420,0.054
2421,-0.154
2422,-0.173
2423,-0.01
2424,-0.139
2425,-0.061
2426,-0.146
2427,-0.332
2428,-0.139
2429,-0.09
2430,-0.293
2431,-0.146
2432,-0.12
2433,-0.071
2434,0.037
2435,-0.049
2436,-0.127
2437,-0.093
2438,-0.232
2439,-0.078
2440,0.037
2441,-0.054
2442,-0.234
2443,-0.337
2444,-0.181
2445,-0.139
2446,-0.002
2447,-0.295
2448,-0.112
2449,0.078
2450,-0.376
2451,-0.344
2452,0.076
2453,-0.1
2454,-0.027
2455,0.073
2456,-0.01
2457,-0.281
2458,-0.205
2459,-0.051
2460,-0.017
2461,-0.159
2462,-0.139
2463,-0.002
2464,-0.166
2465,-0.154
2466,-0.037
2467,-0.137
2468,-0.273
2469,-0.024
2470,-0.151
2471,-0.205
2472,0.134
2473,0.078
2474,-0.085
2475,-0.066
2476,0.073
2477,-0.068
2478,-0.081
2479,-0.073
2480,-0.115
2481,-0.1
2482,-0.166
2483,-0.093
2484,-0.112
2485,-0.21
2486,-0.283
2487,-0.198
2488,-0.054
2489,0.017
2490,-0.278
2491,-0.222
2492,-0.198
2493,0.005
2494,0.029
2495,-0.244
2496,-0.078
2497,-0.139
2498,-0.161
2499,-0.161
2500,-0.222
2501,-0.41
2502,-0.31
2503,-0.171
2504,-0.168
2505,-0.364
2506,-0.354
2507,-0.149
2508,0.059
2509,-0.037
2510,-0.059
2511,0.063
2512,-0.022
2513,-0.095
2514,-0.093
2515,-0.012
2516,-0.208
2517,-0.291
2518,-0.01
2519,0.366
2520,0.151
2521,-0.393
2522,-0.237
2523,-0.244
2524,-0.227
2525,-0.125
2526,-0.066
2527,-0.142
2528,-0.249
2529,-0.334
2530,-0.188
2531,-0.059
2532,-0.32
2533,-0.405
2534,-0.11
2535,0.09
2536,-0.017
2537,-0.327
2538,0.015
2539,0.2
2540,-0.171
2541,-0.359
2542,-0.146
2543,-0.156
2544,-0.168
2545,-0.31
2546,-0.117
2547,-0.139
2548,-0.061
2549,-0.088
2550,-0.156
2551,-0.178
2552,-0.3
2553,-0.156
2554,-0.063
2555,-0.073
2556,-0.166
2557,-0.269
2558,-0.022
2559,-0.007
2560,-0.095
2561,-0.288
2562,0.098
2563,0.037
2564,-0.056
2565,-0.183
2566,-0.144
2567,-0.227
2568,0.083
2569,-0.144
2570,-0.115
2571,-0.098
2572,-0.293
2573,-0.161
2574,0.037
2575,0.027
2576,-0.178
2577,-0.217
2578,0.095
2579,0.024
2580,-0.457
2581,-0.388
2582,-0.015
2583,-0.122
2584,0.007
2585,-0.222
2586,-0.193
2587,-0.083
2588,0.027
2589,-0.21
2590,-0.188
2591,-0.098
2592,-0.061
2593,-0.024
2594,-0.076
2595,0.032
2596,0.095
2597,0.063
2598,-0.134
2599,-0.217
2600,-0.325
2601,-0.122
2602,0.273
2603,-0.215
2604,-0.234
2605,0.193
2606,0.278
2607,-0.283
2608,-0.115
2609,-0.295
2610,-0.105
2611,-0.044
2612,-0.027
2613,-0.051
2614,-0.027
2615,-0.015
2616,-0.098
2617,0.037
2618,-0.146
2619,-0.303
2620,-0.088
2621,-0.054
2622,-0.103
2623,-0.374
2624,-0.261
2625,-0.183
2626,-0.122
2627,-0.315
2628,-0.273
2629,-0.322
2630,-0.132
2631,-0.166
2632,-0.144
2633,-0.205
2634,-0.107
2635,-0.244
2636,-0.227
2637,0.068
2638,-0.034
2639,-0.156
2640,-0.269
2641,-0.09
2642,0.037
2643,-0.115
2644,-0.247
2645,0.063
2646,-0.198
2647,-0.266
2648,0.012
2649,0.005
2650,-0.127
2651,-0.278
2652,0.005
2653,-0.117
2654,-0.186
2655,-0.293
2656,-0.044
2657,-0.181
2658,-0.127
2659,0.088
2660,-0.134
2661,-0.164
2662,-0.093
2663,0.149
2664,-0.132
2665,-0.247
2666,-0.203
2667,-0.144
2668,-0.044
2669,-0.273
2670,-0.195
2671,-0.103
2672,-0.132
2673,-0.076
2674,0.046
2675,-0.178
2676,0.068
2677,0.146
2678,0.107
2679,-0.161
2680,-0.139
2681,0.081
2682,0.049
2683,0.034
2684,-0.259
2685,-0.193
2686,0.112
2687,-0.1
2688,-0.161
2689,-0.098
2690,-0.044
2691,-0.09
2692,-0.046
2693,-0.005
2694,-0.059
2695,-0.139
2696,0.027
2697,0.061
2698,0.132
2699,-0.017
2700,-0.366
2701,-0.288
2702,-0.063
2703,-0.125
2704,-0.232
2705,-0.381
2706,-0.242
2707,-0.02
2708,-0.066
2709,-0.103
2710,0.049
2711,-0.112
2712,-0.188
2713,-0.063
2714,-0.007
2715,-0.068
2716,-0.159
2717,-0.144
2718,-0.056
2719,-0.063
2720,-0.103
2721,-0.063
2722,-0.078
2723,-0.051
2724,0.032
2725,-0.034
2726,-0.066
2727,-0.137
2728,-0.12
2729,0.095
2730,-0.034
2731,-0.247
2732,-0.085
2733,0.078
2734,-0.005
2735,0.09
2736,0.012
2737,-0.181
2738,-0.227
2739,0.217
2740,-0.022
2741,-0.186
2742,-0.242
2743,-0.112
2744,0.0
2745,-0.21
2746,-0.342
2747,-0.234
2748,-0.317
2749,-0.21
2750,-0.251
2751,-0.286
2752,-0.117
2753,-0.032
2754,-0.015
2755,-0.068
2756,-0.11
2757,-0.051
2758,0.168
2759,-0.002
2760,-0.276
2761,-0.21
2762,-0.159
2763,-0.063
2764,-0.039
2765,-0.127
2766,-0.12
2767,-0.117
2768,-0.059
2769,-0.049
2770,-0.083
2771,-0.168
2772,-0.015
2773,-0.09
2774,0.005
2775,-0.312
2776,0.002
2777,-0.139
2778,-0.225
2779,-0.261
2780,0.002
2781,-0.237
2782,-0.071
2783,0.049
2784,-0.3
2785,-0.056
2786,0.12
2787,-0.154
2788,-0.32
2789,-0.339
2790,-0.1
2791,-0.195
2792,-0.405
2793,-0.188
2794,-0.095
2795,-0.417
2796,0.242
2797,-0.09
2798,-0.234
2799,-0.164
2800,0.083
2801,-0.283
2802,-0.061
2803,-0.19
2804,-0.063
2805,0.051
2806,-0.139
2807,-0.156
2808,0.098
2809,-0.027
2810,-0.176
2811,0.046
2812,0.093
2813,0.042
2814,-0.156
2815,0.078
2816,0.393
2817,-0.112
2818,-0.425
2819,0.137
2820,0.105
2821,-0.203
2822,-0.229
2823,0.134
2824,-0.095
2825,-0.173
2826,-0.408
2827,-0.291
2828,0.051
2829,-0.254
2830,-0.166
2831,-0.159
2832,-0.293
2833,-0.144
2834,-0.039
2835,-0.171
2836,-0.027
2837,-0.234
2838,-0.298
2839,0.039
2840,0.076
2841,-0.029
2842,0.032
2843,-0.117
2844,0.0
2845,-0.039
2846,-0.31
2847,-0.249
2848,-0.017
2849,-0.22
2850,-0.259
2851,-0.1
2852,-0.017
2853,0.071
2854,-0.144
2855,-0.352
2856,-0.173
2857,-0.029
2858,0.017
2859,-0.11
2860,-0.339
2861,-0.234
2862,-0.073
2863,-0.212
2864,-0.015
2865,-0.151
2866,-0.317
2867,-0.122
2868,-0.068
2869,-0.107
2870,-0.278
2871,-0.312
2872,-0.081
2873,0.059
2874,-0.044
2875,-0.195
2876,-0.061
2877,-0.024
2878,-0.161
2879,-0.022
2880,-0.088
2881,-0.083
2882,0.078
2883,0.059
2884,-0.117
2885,-0.129
2886,-0.232
2887,-0.205
2888,-0.227
2889,-0.208
2890,-0.237
2891,-0.364
2892,-0.186
2893,-0.154
2894,-0.237
2895,-0.215
2896,-0.166
2897,-0.054
2898,-0.002
2899,-0.183
2900,-0.085
2901,-0.12
2902,-0.217
2903,-0.244
2904,-0.144
2905,-0.066
2906,-0.159
2907,-0.19
2908,-0.164
2909,-0.22
2910,-0.232
2911,-0.159
2912,0.015
2913,-0.144
2914,-0.42
2915,-0.066
2916,0.073
2917,0.024
2918,-0.212
2919,-0.122
2920,-0.037
2921,-0.007
2922,-0.115
2923,-0.139
2924,-0.115
2925,-0.151
2926,0.012
2927,0.063
2928,-0.176
2929,-0.247
2930,-0.2
2931,-0.061
2932,-0.076
2933,-0.122
2934,-0.349
2935,-0.164
2936,-0.085
2937,-0.071
2938,-0.2
2939,-0.168
2940,-0.112
2941,-0.298
2942,-0.293
2943,0.071
2944,-0.017
2945,-0.259
2946,-0.33
2947,-0.283
2948,-0.059
2949,0.007
2950,-0.227
2951,-0.095
2952,-0.149
2953,-0.215
2954,-0.156
2955,0.01
2956,-0.3
2957,-0.129
2958,0.042
2959,-0.066
2960,0.012
2961,0.051
2962,-0.02
2963,-0.085
2964,-0.21
2965,-0.166
2966,-0.051
2967,-0.146
2968,-0.107
2969,-0.261
2970,-0.237
2971,-0.134
2972,-0.269
2973,-0.117
2974,-0.015
2975,-0.093
2976,-0.12
2977,-0.164
2978,-0.21
2979,-0.129
2980,0.02
2981,-0.093
2982,-0.024
2983,-0.132
2984,-0.364
2985,-0.09
2986,-0.227
2987,-0.249
2988,0.046
2989,-0.164
2990,-0.01
2991,0.078
2992,-0.288
2993,-0.095
2994,-0.032
2995,-0.195
2996,-0.181
2997,0.129
2998,-0.127
2999,-0.1
3000,-0.056
3001,-0.015
3002,0.066
3003,-0.129
3004,-0.164
3005,-0.066
3006,-0.195
3007,-0.156
3008,-0.098
3009,-0.349
3010,-0.178
3011,-0.159
3012,-0.227
3013,-0.015
3014,-0.037
3015,-0.154
3016,-0.146
3017,-0.149
3018,-0.176
3019,-0.088
3020,-0.129
3021,-0.037
3022,-0.115
3023,-0.286
3024,-0.266
3025,0.002
3026,-0.034
3027,-0.291
3028,-0.217
3029,-0.024
3030,0.085
3031,-0.19
3032,-0.288
3033,-0.039
3034,-0.054
3035,-0.156
3036,-0.139
3037,-0.117
3038,-0.237
3039,-0.132
3040,-0.059
3041,-0.039
3042,-0.103
3043,-0.09
3044,0.007
3045,-0.112
3046,-0.3
3047,-0.366
3048,-0.239
3049,-0.181
3050,-0.203
3051,-0.173
3052,-0.085
3053,-0.093
3054,-0.085
3055,-0.127
3056,-0.09
3057,-0.002
3058,-0.066
3059,-0.024
3060,-0.242
3061,-0.356
3062,-0.168
3063,-0.044
3064,-0.098
3065,-0.022
3066,-0.134
3067,-0.173
3068,-0.205
3069,-0.183
3070,-0.076
3071,0.015
3072,-0.088
3073,-0.144
3074,0.056
3075,-0.039
3076,-0.193
3077,-0.122
3078,-0.054
3079,-0.02
3080,0.063
3081,-0.093
3082,-0.237
3083,-0.12
3084,-0.146
3085,0.042
3086,-0.149
3087,-0.225
3088,0.007
3089,-0.044
3090,-0.212
3091,-0.137
3092,-0.12
3093,-0.259
3094,-0.212
3095,-0.098
3096,-0.137
3097,-0.276
3098,-0.176
3099,0.181
3100,0.046
3101,-0.303
3102,-0.2
3103,-0.193
3104,-0.195
3105,-0.1
3106,-0.266
3107,-0.21
3108,-0.115
3109,-0.234
3110,-0.132
3111,-0.195
3112,-0.237
3113,-0.085
3114,0.0
3115,-0.156
3116,-0.242
3117,-0.117
3118,-0.012
3119,0.007
3120,-0.225
3121,-0.149
3122,0.125
3123,-0.012
3124,-0.21
3125,-0.161
3126,-0.127
3127,-0.039
3128,-0.115
3129,-0.125
3130,-0.061
3131,0.005
3132,-0.305
3133,-0.254
3134,-0.027
3135,-0.227
3136,-0.029
3137,0.083
3138,-0.046
3139,-0.383
3140,-0.339
3141,-0.081
3142,-0.017
3143,-0.242
3144,-0.222
3145,-0.071
3146,-0.132
3147,-0.188
3148,-0.117
3149,-0.083
3150,-0.237
3151,-0.103
3152,-0.071
3153,-0.312
3154,-0.227
3155,-0.129
3156,0.029
3157,-0.088
3158,-0.083
3159,-0.154
3160,0.061
3161,-0.01
3162,-0.256
3163,-0.2
3164,-0.044
3165,-0.042
3166,-0.083
3167,-0.015
3168,-0.283
3169,-0.154
3170,0.022
3171,-0.093
3172,-0.181
3173,-0.266
3174,-0.222
3175,-0.127
3176,-0.215
3177,-0.171
3178,-0.19
3179,-0.178
3180,0.046
3181,-0.112
3182,-0.149
3183,-0.183
3184,0.007
3185,-0.02
3186,-0.178
3187,0.007
3188,-0.142
3189,-0.234
3190,-0.024
3191,-0.078
3192,-0.229
3193,-0.046
3194,-0.159
3195,0.063
3196,0.056
3197,-0.061
3198,0.112
3199,-0.078
3200,-0.386
3201,-0.188
3202,0.139
3203,-0.12
3204,-0.195
3205,-0.212
3206,-0.247
3207,-0.227
3208,-0.134
3209,-0.146
3210,-0.334
3211,-0.178
3212,-0.176
3213,-0.244
3214,-0.2
3215,-0.134
3216,-0.325
3217,-0.249
3218,0.09
3219,-0.229
3220,-0.293
3221,-0.251
3222,-0.027
3223,-0.027
3224,-0.2
3225,-0.085
3226,0.21
3227,0.264
3228,-0.186
3229,-0.12
3230,-0.1
3231,-0.188
3232,-0.298
3233,0.059
3234,-0.103
3235,-0.22
3236,-0.276
3237,-0.059
3238,-0.273
3239,-0.217
3240,-0.21
3241,-0.122
3242,0.073
3243,0.01
3244,0.088
3245,0.156
3246,0.044
3247,-0.149
3248,-0.208
3249,-0.083
3250,0.117
3251,0.01
3252,-0.361
3253,-0.212
3254,-0.205
3255,-0.037
3256,-0.073
3257,-0.127
3258,-0.115
3259,-0.188
3260,-0.244
3261,-0.317
3262,-0.125
3263,-0.007
3264,0.046
3265,0.046
3266,-0.078
3267,-0.208
3268,-0.083
3269,-0.134
3270,-0.234
3271,0.027
3272,-0.198
3273,-0.208
3274,-0.171
3275,-0.107
3276,-0.31
3277,-0.063
3278,-0.173
3279,0.12
3280,-0.261
3281,-0.173
3282,-0.029
3283,0.024
3284,0.061
3285,-0.112
3286,-0.166
3287,-0.144
3288,-0.063
3289,-0.139
3290,-0.105
3291,-0.027
3292,-0.081
3293,-0.254
3294,-0.017
3295,-0.129
3296,-0.308
3297,-0.217
3298,-0.164
3299,-0.056
3300,-0.176
3301,-0.291
3302,-0.068
3303,0.007
3304,-0.142
3305,-0.256
3306,0.056
3307,-0.149
3308,-0.264
3309,-0.366
3310,-0.002
3311,0.037
3312,-0.21
3313,-0.256
3314,-0.21
3315,-0.125
3316,-0.352
3317,-0.291
3318,-0.239
3319,-0.098
3320,-0.281
3321,-0.076
3322,0.024
3323,-0.139
3324,0.01
3325,-0.049
3326,-0.149
3327,-0.078
3328,0.012
3329,-0.117
3330,0.076
3331,-0.132
3332,-0.168
3333,-0.068
3334,-0.09
3335,-0.061
3336,-0.137
3337,-0.112
3338,-0.261
3339,0.085
3340,-0.225
3341,-0.149
3342,0.042
3343,-0.176
3344,-0.186
3345,0.068
3346,0.046
3347,-0.142
3348,0.007
3349,-0.256
3350,-0.112
3351,-0.164
3352,-0.117
3353,-0.198
3354,-0.225
3355,-0.208
3356,-0.029
3357,-0.098
3358,-0.276
3359,-0.11
3360,-0.198
3361,-0.159
3362,-0.056
3363,-0.01
3364,-0.078
3365,0.0
3366,0.0
3367,-0.137
3368,-0.093
3369,-0.164
3370,0.042
3371,-0.127
3372,-0.188
3373,-0.073
3374,-0.105
3375,-0.071
3376,-0.212
3377,-0.09
3378,-0.09
3379,-0.054
3380,-0.286
3381,-0.19
3382,-0.146
3383,-0.059
3384,-0.125
3385,0.0
3386,-0.173
3387,-0.146
3388,-0.117
3389,-0.103
3390,-0.149
3391,-0.393
3392,0.093
3393,-0.049
3394,-0.137
3395,-0.129
3396,0.007
3397,-0.112
3398,-0.156
3399,0.044
3400,-0.059
3401,0.024
3402,-0.322
3403,-0.117
3404,-0.095
3405,-0.215
3406,-0.164
3407,0.149
3408,-0.039
3409,-0.2
3410,0.056
3411,-0.232
3412,-0.154
3413,-0.222
3414,0.061
3415,-0.283
3416,-0.156
3417,-0.125
3418,-0.061
3419,-0.198
3420,-0.081
3421,0.051
3422,-0.051
3423,-0.125
3424,-0.254
3425,-0.015
3426,-0.081
3427,0.032
3428,-0.09
3429,-0.083
3430,-0.09
3431,-0.188
3432,-0.024
3433,-0.137
3434,-0.107
3435,-0.222
3436,-0.09
3437,-0.159
3438,-0.159
3439,-0.078
3440,-0.134
3441,-0.029
3442,-0.061
3443,0.002
3444,-0.107
3445,0.054
3446,-0.059
3447,-0.01
3448,-0.137
3449,-0.01
3450,-0.027
3451,-0.156
3452,-0.037
3453,-0.159
3454,-0.103
3455,-0.283
3456,-0.054
3457,-0.083
3458,-0.09
3459,-0.085
3460,-0.212
3461,-0.234
3462,-0.173
3463,0.085
3464,-0.151
3465,-0.276
3466,-0.4
3467,0.242
3468,0.054
3469,0.02
3470,-0.029
3471,-0.122
3472,-0.244
3473,-0.369
3474,-0.349
3475,-0.276
3476,-0.093
3477,-0.31
3478,-0.024
3479,0.046
3480,-0.161
3481,-0.171
3482,0.02
3483,0.142
3484,-0.293
3485,-0.266
3486,-0.12
3487,0.044
3488,-0.349
3489,-0.288
3490,0.002
3491,0.051
3492,-0.127
3493,-0.227
3494,0.195
3495,-0.105
3496,-0.425
3497,-0.273
3498,0.073
3499,-0.076
3500,-0.168
3501,0.083
3502,-0.012
3503,-0.081
3504,-0.298
3505,-0.205
3506,-0.176
3507,-0.007
3508,-0.222
3509,-0.125
3510,-0.225
3511,-0.283
3512,-0.103
3513,0.132
3514,0.093
3515,-0.076
3516,-0.154
3517,-0.09
3518,-0.005
3519,-0.166
3520,-0.117
3521,0.09
3522,-0.188
3523,-0.303
3524,-0.12
3525,-0.039
3526,-0.081
3527,-0.01
3528,-0.173
3529,-0.015
3530,-0.154
3531,-0.117
3532,-0.037
3533,-0.125
3534,-0.11
3535,-0.11
3536,0.063
3537,-0.029
3538,-0.085
3539,-0.195
3540,-0.01
3541,-0.142
3542,-0.244
3543,-0.171
3544,-0.229
3545,-0.156
3546,-0.122
3547,-0.212
3548,-0.22
3549,0.046
3550,-0.227
3551,0.071
3552,0.056
3553,-0.039
3554,-0.388
3555,-0.239
3556,-0.364
3557,-0.261
3558,-0.12
3559,-0.222
3560,0.002
3561,-0.266
3562,-0.056
3563,-0.21
3564,-0.276
3565,-0.552
3566,-0.239
3567,0.154
3568,-0.166
3569,0.005
3570,-0.1
3571,-0.02
3572,-0.183
3573,-0.234
3574,-0.098
3575,-0.066
3576,-0.198
3577,-0.159
3578,-0.059
3579,-0.195
3580,-0.232
3581,-0.234
3582,-0.171
3583,-0.171
3584,-0.061
3585,-0.234
3586,-0.208
3587,-0.098
3588,-0.181
3589,-0.146
3590,-0.107
3591,-0.044
3592,-0.322
3593,-0.168
3594,-0.12
3595,-0.093
3596,-0.132
3597,-0.027
3598,-0.151
3599,-0.19
3600,-0.022
3601,-0.234
3602,0.02
3603,0.088
3604,-0.125
3605,-0.229
3606,-0.02
3607,-0.02
3608,-0.234
3609,-0.205
3610,0.11
3611,-0.137
3612,-0.208
3613,-0.068
3614,0.088
3615,-0.068
3616,-0.251
3617,-0.073
3618,-0.076
3619,-0.293
3620,-0.378
3621,-0.259
3622,-0.024
3623,-0.181
3624,-0.193
3625,-0.039
3626,-0.168
3627,-0.203
3628,0.122
3629,-0.049
3630,-0.178
3631,-0.217
3632,-0.137
3633,-0.117
3634,-0.081
3635,-0.139
3636,-0.215
3637,-0.027
3638,-0.061
3639,-0.259
3640,-0.342
3641,-0.256
3642,-0.198
3643,-0.21
3644,-0.154
3645,-0.078
3646,-0.12
3647,-0.173
3648,-0.142
3649,-0.063
3650,-0.054
3651,-0.046
3652,-0.039
3653,0.032
3654,0.054
3655,0.059
3656,-0.11
3657,-0.01
3658,-0.21
3659,-0.281
3660,-0.22
3661,-0.171
3662,0.0
3663,-0.227
3664,-0.22
3665,0.02
3666,-0.176
3667,-0.339
3668,-0.112
3669,-0.078
3670,-0.156
3671,-0.186
3672,-0.127
3673,-0.085
3674,-0.212
3675,-0.239
3676,-0.049
3677,0.027
3678,-0.054
3679,-0.037
3680,-0.168
3681,-0.229
3682,-0.117
3683,-0.02
3684,-0.21
3685,-0.173
3686,-0.122
3687,-0.21
3688,-0.117
3689,-0.149
3690,-0.015
3691,0.051
3692,0.022
3693,-0.044
3694,-0.215
3695,-0.208
3696,-0.002
3697,-0.022
3698,-0.085
3699,-0.259
3700,-0.112
3701,-0.107
3702,0.042
3703,-0.149
3704,-0.2
3705,-0.166
3706,-0.032
3707,-0.112
3708,0.005
3709,-0.132
3710,-0.029
3711,-0.203
3712,-0.188
3713,-0.01
3714,-0.061
3715,-0.193
3716,-0.203
3717,-0.176
3718,-0.078
3719,-0.081
3720,-0.391
3721,-0.215
3722,-0.044
3723,-0.027
3724,-0.005
3725,0.015
3726,-0.217
3727,-0.071
3728,0.002
3729,0.107
3730,0.142
3731,-0.154
3732,-0.117
3733,0.056
3734,-0.107
3735,-0.42
3736,-0.149
3737,0.032
3738,-0.007
3739,-0.034
3740,-0.244
3741,-0.31
3742,-0.203
3743,-0.349
3744,-0.232
3745,-0.066
3746,-0.09
3747,-0.19
3748,-0.068
3749,-0.203
3750,-0.1
3751,-0.044
3752,-0.139
3753,-0.127
3754,-0.105
3755,-0.21
3756,-0.283
3757,-0.054
3758,-0.134
3759,-0.198
3760,-0.134
3761,-0.193
3762,-0.198
3763,-0.435
3764,-0.366
3765,0.061
3766,0.022
3767,-0.352
3768,-0.178
3769,0.02
3770,0.029
3771,-0.122
3772,-0.039
3773,0.11
3774,0.076
3775,-0.117
3776,-0.073
3777,-0.005
3778,0.061
3779,-0.078
3780,-0.125
3781,-0.195
3782,-0.195
3783,-0.149
3784,-0.132
3785,-0.125
3786,-0.176
3787,-0.2
3788,-0.112
3789,-0.183
3790,-0.271
3791,-0.269
3792,-0.007
3793,0.088
3794,-0.173
3795,-0.251
3796,0.081
3797,0.11
3798,-0.088
3799,-0.127
3800,-0.132
3801,-0.156
3802,-0.151
3803,-0.156
3804,-0.034
3805,-0.09
3806,-0.295
3807,-0.19
3808,0.005
3809,-0.195
3810,-0.271
3811,-0.137
3812,0.029
3813,-0.017
3814,-0.068
3815,-0.132
3816,0.012
3817,-0.093
3818,-0.376
3819,-0.222
3820,-0.054
3821,0.002
3822,-0.071
3823,-0.151
3824,-0.005
3825,-0.081
3826,-0.405
3827,-0.122
3828,0.095
3829,-0.229
3830,-0.413
3831,-0.264
3832,-0.044
3833,-0.19
3834,-0.059
3835,-0.056
3836,-0.029
3837,-0.073
3838,-0.212
3839,-0.095
3840,-0.015
3841,-0.178
3842,-0.251
3843,-0.11
3844,-0.198
3845,-0.342
3846,-0.154
3847,0.122
3848,0.032
3849,-0.132
3850,-0.222
3851,-0.11
3852,0.068
3853,-0.117
3854,0.024
3855,0.073
3856,-0.166
3857,-0.264
3858,0.015
3859,-0.061
3860,-0.344
3861,-0.073
3862,-0.037
3863,-0.073
3864,-0.334
3865,-0.4
3866,-0.583
3867,0.015
3868,0.01
3869,-0.107
3870,-0.195
3871,-0.344
3872,-0.007
3873,0.054
3874,-0.107
3875,-0.173
3876,-0.181
3877,-0.146
3878,-0.027
3879,0.02
3880,-0.249
3881,-0.103
3882,-0.122
3883,-0.122
3884,-0.11
3885,-0.19
3886,-0.33
3887,0.098
3888,-0.012
3889,0.0
3890,-0.176
3891,-0.203
3892,-0.159
3893,0.029
3894,-0.178
3895,0.081
3896,0.015
3897,-0.137
3898,-0.042
3899,0.022
3900,-0.115
3901,-0.288
3902,-0.093
3903,0.115
3904,-0.215
3905,-0.2
3906,-0.249
3907,-0.271
3908,-0.142
3909,-0.188
3910,-0.105
3911,-0.232
3912,-0.244
3913,-0.132
3914,-0.239
3915,-0.171
3916,0.002
3917,-0.193
3918,-0.046
3919,0.088
3920,-0.303
3921,-0.264
3922,0.161
3923,-0.027
3924,-0.359
3925,-0.222
3926,-0.103
3927,-0.088
3928,-0.276
3929,-0.134
3930,-0.195
3931,-0.305
3932,-0.2
3933,0.293
3934,0.088
3935,-0.225
3936,0.007
3937,0.247
3938,-0.015
3939,-0.183
3940,-0.078
3941,0.007
3942,-0.046
3943,-0.178
3944,-0.063
3945,-0.229
3946,-0.171
3947,-0.2
3948,-0.076
3949,-0.249
3950,-0.327
3951,-0.247
3952,-0.051
3953,0.037
3954,-0.115
3955,-0.247
3956,-0.059
3957,0.09
3958,-0.205
3959,-0.264
3960,-0.156
3961,-0.046
3962,-0.066
3963,-0.049
3964,-0.078
3965,0.012
3966,-0.154
3967,-0.269
3968,-0.229
3969,-0.134
3970,-0.222
3971,-0.146
3972,-0.017
3973,0.002
3974,-0.1
3975,-0.168
3976,-0.098
3977,0.049
3978,-0.002
3979,-0.024
3980,-0.122
3981,-0.122
3982,-0.107
3983,-0.012
3984,-0.071
3985,-0.332
3986,-0.049
3987,-0.11
3988,-0.208
3989,-0.081
3990,-0.103
3991,-0.166
3992,-0.178
3993,-0.083
3994,-0.078
3995,-0.188
3996,-0.229
3997,0.024
3998,-0.081
3999,-0.134
4000,-0.205
4001,-0.159
4002,-0.112
4003,0.066
4004,-0.186
4005,-0.159
4006,-0.068
4007,-0.137
4008,-0.237
4009,-0.105
4010,-0.11
4011,-0.271
4012,-0.325
4013,-0.122
4014,0.02
4015,-0.181
4016,-0.156
4017,0.198
4018,-0.105
4019,-0.256
4020,0.159
4021,-0.078
4022,-0.068
4023,-0.01
4024,-0.278
4025,-0.161
4026,-0.083
4027,-0.122
4028,-0.146
4029,0.071
4030,-0.083
4031,-0.166
4032,-0.176
4033,0.029
4034,-0.132
4035,-0.042
4036,-0.01
4037,0.076
4038,-0.276
4039,-0.232
4040,-0.122
4041,-0.232
4042,-0.3
4043,-0.186
4044,-0.112
4045,-0.059
4046,0.0
4047,-0.125
4048,0.015
4049,-0.027
4050,0.054
4051,0.024
4052,0.046
4053,-0.088
4054,-0.151
4055,-0.015
4056,0.01
4057,-0.022
4058,-0.188
4059,-0.015
4060,0.071
4061,0.081
4062,-0.078
4063,-0.239
4064,-0.217
4065,-0.012
4066,-0.195
4067,-0.347
4068,0.063
4069,-0.073
4070,-0.432
4071,-0.215
4072,0.037
4073,-0.066
4074,-0.039
4075,-0.112
4076,-0.149
4077,-0.095
4078,-0.183
4079,0.098
4080,0.107
4081,-0.181
4082,-0.293
4083,-0.01
4084,-0.19
4085,-0.261
4086,-0.146
4087,-0.039
4088,-0.21
4089,-0.234
4090,-0.12
4091,-0.105
4092,-0.354
4093,-0.186
4094,0.195
4095,-0.059
4096,-0.256
4097,-0.039
4098,0.068
4099,-0.046
4100,-0.105
4101,-0.085
4102,0.005
4103,-0.01
4104,-0.21
4105,0.007
4106,-0.134
4107,-0.359
4108,-0.2
4109,0.103
4110,-0.137
4111,-0.486
4112,-0.21
4113,-0.151
4114,-0.247
4115,-0.259
4116,-0.11
4117,-0.059
4118,0.051
4119,-0.071
4120,-0.068
4121,-0.088
4122,-0.105
4123,0.061
4124,-0.051
4125,-0.107
4126,-0.049
4127,-0.078
4128,-0.073
4129,-0.027
4130,-0.168
4131,-0.164
4132,-0.127
4133,-0.195
4134,-0.051
4135,-0.208
4136,0.015
4137,0.022
4138,-0.293
4139,-0.239
4140,-0.039
4141,-0.073
4142,-0.173
4143,-0.21
4144,-0.078
4145,-0.198
4146,-0.203
4147,-0.088
4148,-0.149
4149,-0.198
4150,-0.129
4151,-0.176
4152,-0.352
4153,-0.186
4154,-0.071
4155,-0.09
4156,0.073
4157,-0.103
4158,-0.273
4159,-0.249
4160,0.093
4161,-0.007
4162,-0.139
4163,-0.232
4164,-0.032
4165,-0.227
4166,-0.188
4167,-0.198
4168,-0.068
4169,-0.071
4170,-0.034
4171,-0.027
4172,-0.347
4173,-0.291
4174,-0.088
4175,0.256
4176,0.063
4177,-0.105
4178,-0.249
4179,-0.227
4180,-0.391
4181,0.061
4182,0.308
4183,-0.281
4184,-0.417
4185,-0.083
4186,-0.127
4187,-0.239
4188,-0.042
4189,0.112
4190,-0.215
4191,-0.312
4192,-0.161
4193,0.034
4194,-0.068
4195,-0.107
4196,-0.051
4197,-0.103
4198,-0.11
4199,-0.149
4200,-0.093
4201,-0.129
4202,0.09
4203,-0.107
4204,-0.017
4205,-0.142
4206,-0.093
4207,-0.066
4208,-0.066
4209,-0.002
4210,-0.017
4211,-0.144
4212,-0.181
4213,-0.269
4214,-0.037
4215,0.229
4216,-0.002
4217,-0.198
4218,-0.098
4219,-0.212
4220,-0.085
4221,-0.059
4222,0.034
4223,0.054
4224,0.173
4225,-0.088
4226,-0.073
4227,-0.139
4228,-0.146
4229,-0.071
4230,-0.173
4231,-0.361
4232,-0.225
4233,0.01
4234,-0.146
4235,-0.027
4236,0.012
4237,0.012
4238,-0.208
4239,-0.273
4240,-0.081
4241,-0.046
4242,-0.134
4243,-0.034
4244,0.095
4245,-0.156
4246,-0.198
4247,-0.168
4248,-0.029
4249,-0.061
4250,-0.151
4251,-0.015
4252,-0.063
4253,-0.034
4254,-0.176
4255,-0.007
4256,-0.088
4257,-0.151
4258,-0.198
4259,-0.142
4260,-0.21
4261,-0.222
4262,-0.061
4263,-0.046
4264,-0.049
4265,-0.215
4266,-0.032
4267,-0.171
4268,-0.107
4269,-0.12
4270,-0.061
4271,-0.054
4272,-0.168
4273,-0.188
4274,-0.31
4275,-0.122
4276,-0.017
4277,-0.081
4278,-0.166
4279,-0.073
4280,-0.176
4281,0.015
4282,-0.085
4283,-0.154
4284,-0.173
4285,-0.269
4286,-0.176
4287,-0.144
4288,0.049
4289,-0.117
4290,-0.242
4291,0.039
4292,-0.054
4293,-0.068
4294,-0.2
4295,-0.125
4296,-0.134
4297,-0.149
4298,-0.193
4299,0.09
4300,-0.217
4301,-0.254
4302,0.063
4303,0.171
4304,-0.09
4305,-0.166
4306,-0.071
4307,-0.078
4308,-0.225
4309,-0.225
4310,-0.051
4311,-0.007
4312,-0.139
4313,-0.098
4314,0.049
4315,-0.1
4316,-0.129
4317,-0.017
4318,0.007
4319,-0.073
4320,-0.291
4321,-0.078
4322,0.168
4323,-0.01
4324,-0.098
4325,-0.227
4326,-0.259
4327,-0.093
4328,-0.078
4329,-0.11
4330,-0.142
4331,-0.105
4332,-0.178
4333,-0.039
4334,-0.251
4335,-0.21
4336,0.112
4337,-0.02
4338,0.01
4339,0.071
4340,-0.095
4341,-0.229
4342,0.063
4343,0.002
4344,0.071
4345,-0.249
4346,-0.137
4347,-0.281
4348,-0.112
4349,-0.195
4350,-0.188
4351,-0.364
4352,-0.269
4353,-0.012
4354,0.029
4355,-0.078
4356,-0.256
4357,-0.051
4358,-0.027
4359,-0.081
4360,-0.125
4361,-0.144
4362,-0.098
4363,-0.085
4364,0.044
4365,-0.227
4366,-0.168
4367,-0.117
4368,-0.066
4369,-0.098
4370,-0.134
4371,-0.105
4372,-0.115
4373,-0.134
4374,-0.195
4375,0.11
4376,-0.032
4377,-0.193
4378,-0.088
4379,-0.073
4380,-0.176
4381,-0.039
4382,-0.01
4383,-0.137
4384,-0.024
4385,0.007
4386,-0.024
4387,-0.146
4388,-0.19
4389,-0.19
4390,0.017
4391,-0.029
4392,-0.166
4393,-0.142
4394,-0.259
4395,-0.427
4396,-0.349
4397,-0.171
4398,-0.159
4399,0.002
4400,-0.068
4401,-0.107
4402,-0.181
4403,-0.244
4404,-0.12
4405,-0.002
4406,0.012
4407,-0.234
4408,-0.344
4409,-0.334
4410,-0.127
4411,-0.222
4412,-0.244
4413,-0.291
4414,-0.11
4415,0.105
4416,-0.107
4417,-0.164
4418,-0.142
4419,-0.132
4420,-0.183
4421,0.071
4422,0.125
4423,-0.046
4424,-0.217
4425,0.042
4426,0.132
4427,-0.178
4428,-0.125
4429,-0.01
4430,0.125
4431,-0.293
4432,-0.3
4433,-0.278
4434,-0.12
4435,-0.12
4436,-0.122
4437,-0.022
4438,-0.112
4439,-0.027
4440,-0.085
4441,-0.007
4442,0.02
4443,-0.032
4444,-0.188
4445,-0.242
4446,-0.146
4447,-0.342
4448,-0.381
4449,-0.068
4450,0.044
4451,-0.347
4452,-0.193
4453,-0.105
4454,-0.088
4455,-0.229
4456,-0.085
4457,-0.342
4458,0.076
4459,0.127
4460,-0.183
4461,0.063
4462,-0.183
4463,-0.227
4464,-0.125
4465,0.134
4466,0.039
4467,-0.22
4468,-0.151
4469,0.076
4470,-0.19
4471,-0.315
4472,-0.149
4473,-0.195
4474,-0.105
4475,-0.144
4476,-0.127
4477,-0.286
4478,-0.198
4479,-0.254
4480,-0.068
4481,-0.007
4482,-0.11
4483,0.056
4484,-0.063
4485,-0.095
4486,-0.19
4487,-0.164
4488,-0.095
4489,-0.103
4490,-0.117
4491,-0.017
4492,-0.081
4493,-0.203
4494,-0.149
4495,-0.107
4496,-0.291
4497,-0.334
4498,-0.046
4499,-0.01
4500,0.046
4501,-0.237
4502,-0.347
4503,0.01
4504,0.095
4505,-0.032
4506,-0.146
4507,-0.049
4508,-0.374
4509,-0.193
4510,-0.188
4511,-0.164
4512,-0.112
4513,-0.21
4514,-0.122
4515,-0.249
4516,-0.215
4517,-0.3
4518,-0.105
4519,-0.203
4520,-0.212
4521,-0.256
4522,0.02
4523,-0.239
4524,-0.305
4525,-0.391
4526,-0.208
4527,0.154
4528,-0.298
4529,-0.393
4530,-0.383
4531,0.02
4532,0.012
4533,-0.286
4534,-0.012
4535,-0.125
4536,-0.254
4537,-0.115
4538,-0.129
4539,-0.208
4540,0.107
4541,-0.015
4542,0.017
4543,-0.088
4544,-0.107
4545,0.073
4546,0.012
4547,-0.103
4548,-0.19
4549,-0.024
4550,-0.105
4551,-0.051
4552,-0.139
4553,-0.398
4554,-0.288
4555,-0.088
4556,-0.232
4557,-0.225
4558,-0.203
4559,-0.273
4560,-0.142
4561,-0.161
4562,-0.112
4563,-0.012
4564,-0.093
4565,-0.127
4566,0.022
4567,0.144
4568,-0.093
4569,-0.156
4570,-0.183
4571,-0.103
4572,-0.159
4573,-0.156
4574,0.046
4575,-0.173
4576,-0.32
4577,-0.242
4578,0.059
4579,-0.093
4580,-0.103
4581,-0.239
4582,-0.068
4583,-0.464
4584,-0.42
4585,-0.049
4586,-0.085
4587,-0.168
4588,-0.134
4589,0.09
4590,0.081
4591,-0.054
4592,-0.081
4593,-0.01
4594,-0.127
4595,-0.31
4596,-0.195
4597,-0.081
4598,0.01
4599,-0.261
4600,-0.168
4601,-0.002
4602,-0.159
4603,-0.242
4604,-0.073
4605,-0.266
4606,-0.149
4607,-0.242
4608,-0.007
4609,-0.002
4610,-0.115
4611,-0.098
4612,-0.217
4613,-0.024
4614,-0.239
4615,-0.181
4616,-0.239
4617,-0.186
4618,0.029
4619,-0.2
4620,-0.19
4621,-0.161
4622,-0.21
4623,-0.173
4624,-0.063
4625,-0.073
4626,-0.046
4627,-0.168
4628,-0.076
4629,-0.254
4630,-0.144
4631,-0.159
4632,-0.007
4633,0.034
4634,-0.208
4635,0.022
4636,0.0
4637,-0.156
4638,-0.054
4639,-0.142
4640,-0.164
4641,-0.027
4642,0.032
4643,-0.132
4644,0.01
4645,-0.325
4646,-0.115
4647,-0.027
4648,-0.061
4649,-0.059
4650,0.215
4651,-0.42
4652,-0.242
4653,0.115
4654,-0.19
4655,-0.474
4656,-0.276
4657,0.012
4658,-0.183
4659,0.063
4660,0.044
4661,0.098
4662,-0.007
4663,-0.115
4664,0.046
4665,-0.005
4666,-0.186
4667,-0.183
4668,-0.02
4669,-0.305
4670,-0.186
4671,-0.156
4672,-0.132
4673,-0.183
4674,-0.247
4675,-0.188
4676,-0.051
4677,-0.171
4678,-0.266
4679,-0.093
4680,-0.276
4681,-0.205
4682,-0.212
4683,-0.161
4684,-0.237
4685,-0.166
4686,-0.002
4687,-0.012
4688,-0.183
4689,-0.303
4690,-0.032
4691,-0.051
4692,-0.239
4693,-0.237
4694,-0.112
4695,-0.205
4696,-0.256
4697,-0.264
4698,0.007
4699,0.034
4700,-0.125
4701,-0.088
4702,-0.122
4703,-0.037
4704,-0.12
4705,-0.149
4706,-0.063
4707,-0.188
4708,-0.173
4709,-0.095
4710,-0.051
4711,-0.178
4712,-0.115
4713,-0.125
4714,-0.085
4715,-0.063
4716,-0.186
4717,-0.161
4718,-0.11
4719,-0.059
4720,-0.21
4721,0.205
4722,0.125
4723,-0.261
4724,-0.334
4725,0.024
4726,0.095
4727,-0.061
4728,-0.056
4729,-0.281
4730,-0.034
4731,-0.232
4732,-0.251
4733,-0.156
4734,-0.081
4735,-0.21
4736,-0.193
4737,-0.068
4738,-0.276
4739,-0.234
4740,-0.073
4741,0.105
4742,-0.117
4743,-0.071
4744,-0.173
4745,-0.112
4746,-0.059
4747,-0.107
4748,0.034
4749,-0.11
4750,-0.12
4751,-0.378
4752,-0.173
4753,-0.19
4754,-0.012
4755,-0.232
4756,-0.32
4757,-0.022
4758,-0.071
4759,-0.059
4760,-0.186
4761,-0.12
4762,-0.181
4763,-0.024
4764,-0.015
4765,-0.061
4766,-0.208
4767,-0.127
4768,0.007
4769,0.024
4770,-0.037
4771,-0.105
4772,0.027
4773,-0.051
4774,0.007
4775,-0.183
4776,-0.122
4777,-0.181
4778,-0.154
4779,-0.203
4780,-0.193
4781,-0.078
4782,-0.198
4783,-0.083
4784,-0.022
4785,0.073
4786,0.027
4787,-0.024
4788,-0.137
4789,-0.076
4790,-0.022
4791,-0.354
4792,-0.286
4793,-0.222
4794,-0.129
4795,-0.222
4796,-0.32
4797,-0.132
4798,0.251
4799,-0.134
4800,-0.208
4801,0.137
4802,-0.078
4803,-0.159
4804,-0.032
4805,-0.076
4806,-0.059
4807,-0.125
4808,-0.3
4809,-0.186
4810,-0.063
4811,-0.139
4812,-0.195
4813,-0.188
4814,0.007
4815,0.005
4816,-0.156
4817,-0.22
4818,-0.037
4819,-0.176
4820,0.029
4821,0.095
4822,-0.161
4823,-0.215
4824,-0.093
4825,0.017
4826,-0.032
4827,-0.01
4828,-0.139
4829,-0.09
4830,-0.112
4831,-0.22
4832,-0.12
4833,-0.195
4834,-0.115
4835,-0.215
4836,-0.251
4837,-0.22
4838,0.059
4839,-0.217
4840,-0.195
4841,-0.308
4842,-0.232
4843,-0.039
4844,-0.054
4845,0.083
4846,-0.227
4847,-0.22
4848,-0.22
4849,0.078
4850,-0.034
4851,-0.269
4852,-0.181
4853,-0.134
4854,-0.037
4855,-0.273
4856,-0.249
4857,-0.161
4858,-0.015
4859,-0.115
4860,-0.054
4861,-0.164
4862,-0.188
4863,0.071
4864,0.073
4865,-0.095
4866,-0.144
4867,-0.044
4868,-0.022
4869,-0.007
4870,-0.129
4871,-0.088
4872,-0.02
4873,-0.239
4874,-0.312
4875,-0.249
4876,0.007
4877,-0.259
4878,-0.339
4879,-0.171
4880,-0.049
4881,-0.212
4882,-0.161
4883,0.039
4884,-0.056
4885,-0.217
4886,-0.322
4887,0.142
4888,-0.171
4889,-0.188
4890,-0.093
4891,-0.203
4892,-0.486
4893,-0.049
4894,0.034
4895,-0.115
4896,-0.305
4897,-0.173
4898,-0.049
4899,-0.193
4900,-0.154
4901,-0.085
4902,-0.103
4903,-0.039
4904,0.002
4905,-0.193
4906,-0.337
4907,-0.002
4908,0.02
4909,-0.168
4910,-0.134
4911,-0.095
4912,-0.117
4913,-0.154
4914,-0.154
4915,-0.107
4916,-0.149
4917,-0.251
4918,0.173
4919,-0.054
4920,-0.291
4921,-0.02
4922,0.254
4923,-0.144
4924,-0.212
4925,0.005
4926,0.09
4927,-0.132
4928,-0.139
4929,0.071
4930,-0.198
4931,-0.266
4932,-0.068
4933,-0.164
4934,-0.398
4935,-0.244
4936,0.005
4937,-0.286
4938,-0.286
4939,-0.312
4940,-0.151
4941,-0.088
4942,-0.146
4943,-0.11
4944,-0.012
4945,-0.1
4946,-0.044
4947,-0.024
4948,-0.088
4949,-0.166
4950,-0.01
4951,-0.166
4952,-0.347
4953,-0.051
4954,-0.225
4955,-0.142
4956,-0.149
4957,-0.203
4958,-0.146
4959,-0.112
4960,-0.173
4961,-0.286
4962,-0.251
4963,-0.198
4964,0.017
4965,-0.181
4966,-0.239
4967,-0.107
4968,-0.066
4969,-0.115
4970,-0.105
4971,-0.115
4972,-0.22
4973,-0.212
4974,-0.142
4975,-0.276
4976,-0.361
4977,-0.215
4978,-0.198
4979,-0.293
4980,-0.283
4981,-0.09
4982,-0.261
4983,-0.33
4984,-0.1
4985,-0.024
4986,-0.149
4987,-0.042
4988,-0.015
4989,0.037
4990,-0.046
4991,-0.217
4992,-0.117
4993,-0.239
4994,-0.195
4995,-0.139
4996,-0.1
4997,-0.225
4998,-0.208
4999,-0.127
5000,-0.315
5001,-0.164
5002,-0.125
5003,-0.237
5004,-0.105
5005,-0.032
5006,-0.212
5007,-0.149
5008,-0.112
5009,-0.078
5010,-0.002
5011,-0.068
5012,0.0
5013,-0.037
5014,-0.164
5015,-0.381
5016,-0.244
5017,-0.212
5018,-0.237
5019,-0.09
5020,0.068
5021,0.0
5022,-0.178
5023,-0.066
5024,0.063
5025,-0.154
5026,-0.159
5027,-0.107
5028,0.024
5029,-0.154
5030,-0.273
5031,-0.195
5032,0.066
5033,0.088
5034,-0.063
5035,-0.073
5036,-0.09
5037,-0.127
5038,-0.015
5039,-0.049
5040,-0.142
5041,-0.264
5042,-0.217
5043,-0.117
5044,-0.188
5045,-0.134
5046,-0.09
5047,-0.078
5048,-0.107
5049,-0.193
5050,-0.083
5051,0.002
5052,-0.107
5053,-0.161
5054,-0.066
5055,-0.054
5056,-0.254
5057,-0.203
5058,-0.134
5059,0.007
5060,-0.049
5061,-0.261
5062,-0.21
5063,-0.198
5064,-0.234
5065,0.02
5066,-0.002
5067,-0.264
5068,-0.149
5069,0.063
5070,-0.024
5071,-0.078
5072,0.093
5073,-0.071
5074,-0.198
5075,-0.1
5076,0.061
5077,-0.117
5078,-0.2
5079,-0.159
5080,-0.132
5081,-0.32
5082,-0.488
5083,-0.286
5084,-0.129
5085,-0.203
5086,-0.11
5087,-0.044
5088,-0.239
5089,-0.178
5090,-0.083
5091,-0.227
5092,-0.144
5093,0.015
5094,-0.093
5095,-0.164
5096,-0.237
5097,0.042
5098,0.088
5099,-0.156
5100,-0.286
5101,-0.146
5102,-0.229
5103,-0.127
5104,-0.061
5105,0.068
5106,-0.083
5107,-0.283
5108,-0.21
5109,-0.112
5110,-0.251
5111,-0.266
5112,0.076
5113,-0.068
5114,-0.164
5115,-0.061
5116,-0.054
5117,-0.044
5118,-0.059
5119,-0.105
5120,0.059
5121,-0.044
5122,-0.41
5123,-0.117
5124,0.156
5125,0.139
5126,-0.142
5127,-0.137
5128,0.044
5129,-0.073
5130,-0.142
5131,-0.073
5132,-0.107
5133,-0.12
5134,-0.024
5135,-0.186
5136,-0.225
5137,-0.278
5138,-0.159
5139,-0.054
5140,-0.144
5141,-0.283
5142,-0.444
5143,-0.051
5144,-0.037
5145,-0.186
5146,-0.229
5147,-0.061
5148,-0.027
5149,-0.02
5150,-0.305
5151,0.015
5152,0.032
5153,-0.31
5154,-0.088
5155,-0.144
5156,-0.356
5157,-0.325
5158,-0.095
5159,0.022
5160,-0.027
5161,-0.227
5162,-0.115
5163,-0.01
5164,-0.273
5165,-0.31
5166,-0.081
5167,0.066
5168,-0.288
5169,-0.032
5170,-0.154
5171,0.002
5172,-0.149
5173,-0.171
5174,0.085
5175,0.12
5176,-0.12
5177,-0.317
5178,-0.212
5179,-0.21
5180,-0.044
5181,-0.188
5182,-0.083
5183,-0.12
5184,-0.371
5185,-0.32
5186,-0.039
5187,-0.037
5188,-0.144
5189,-0.193
5190,-0.117
5191,0.078
5192,-0.134
5193,0.164
5194,0.088
5195,-0.212
5196,-0.193
5197,-0.188
5198,-0.225
5199,-0.161
5200,0.007
5201,-0.032
5202,-0.093
5203,-0.098
5204,0.022
5205,-0.02
5206,-0.173
5207,-0.166
5208,-0.154
5209,-0.002
5210,-0.266
5211,-0.364
5212,-0.159
5213,0.032
5214,-0.022
5215,-0.046
5216,0.029
5217,-0.278
5218,-0.093
5219,-0.125
5220,-0.088
5221,-0.225
5222,-0.181
5223,-0.144
5224,-0.083
5225,-0.244
5226,-0.208
5227,-0.166
5228,-0.176
5229,-0.012
5230,-0.129
5231,-0.198
5232,-0.144
5233,-0.103
5234,0.029
5235,0.09
5236,-0.061
5237,-0.193
5238,-0.278
5239,-0.286
5240,-0.037
5241,-0.178
5242,-0.227
5243,-0.249
5244,0.1
5245,-0.015
5246,-0.09
5247,-0.032
5248,-0.01
5249,-0.09
5250,-0.188
5251,-0.078
5252,-0.044
5253,-0.02
5254,-0.225
5255,-0.093
5256,-0.181
5257,-0.144
5258,-0.122
5259,-0.217
5260,-0.11
5261,-0.134
5262,-0.159
5263,-0.2
5264,-0.188
5265,-0.203
5266,0.012
5267,-0.161
5268,-0.149
5269,-0.183
5270,-0.137
5271,-0.059
5272,0.042
5273,0.034
5274,-0.088
5275,-0.19
5276,-0.154
5277,-0.122
5278,-0.039
5279,-0.015
5280,-0.222
5281,-0.388
5282,-0.281
5283,-0.208
5284,0.056
5285,-0.251
5286,-0.269
5287,-0.059
5288,-0.112
5289,-0.027
5290,-0.061
5291,-0.176
5292,-0.193
5293,0.071
5294,-0.105
5295,-0.176
5296,-0.349
5297,-0.247
5298,-0.11
5299,0.083
5300,0.039
5301,-0.232
5302,-0.083
5303,-0.217
5304,0.186
5305,-0.168
5306,-0.437
5307,-0.09
5308,0.19
5309,-0.015
5310,-0.144
5311,-0.164
5312,-0.193
5313,-0.283
5314,-0.215
5315,0.02
5316,-0.037
5317,-0.195
5318,-0.105
5319,0.085
5320,-0.12
5321,-0.264
5322,0.044
5323,0.164
5324,0.015
5325,-0.142
5326,-0.002
5327,-0.095
5328,-0.039
5329,0.02
5330,-0.042
5331,-0.085
5332,-0.156
5333,-0.215
5334,-0.144
5335,-0.012
5336,-0.312
5337,-0.139
5338,-0.227
5339,-0.137
5340,-0.049
5341,-0.042
5342,-0.249
5343,-0.063
5344,0.063
5345,-0.195
5346,-0.063
5347,0.0
5348,0.063
5349,0.078
5350,-0.103
5351,-0.078
5352,0.083
5353,-0.293
5354,-0.12
5355,0.071
5356,-0.173
5357,-0.273
5358,-0.12
5359,-0.076
5360,-0.291
5361,-0.3
5362,0.122
5363,0.034
5364,-0.261
5365,-0.288
5366,0.078
5367,-0.227
5368,-0.063
5369,-0.122
5370,-0.115
5371,-0.208
5372,-0.12
5373,-0.222
5374,-0.042
5375,-0.188
5376,-0.356
5377,-0.103
5378,-0.305
5379,-0.312
5380,-0.383
5381,-0.322
5382,-0.125
5383,-0.088
5384,-0.273
5385,-0.144
5386,-0.244
5387,-0.503
5388,-0.417
5389,-0.439
5390,0.325
5391,0.486
5392,0.032
5393,0.002
5394,0.208
5395,0.1
5396,0.051
5397,-0.027
5398,0.024
5399,-0.015
5400,-0.156
5401,-0.176
5402,-0.215
5403,-0.281
5404,-0.225
5405,0.115
5406,0.056
5407,-0.234
5408,-0.239
5409,0.063
5410,-0.188
5411,-0.225
5412,-0.166
5413,-0.127
5414,-0.31
5415,-0.232
5416,-0.061
5417,-0.01
5418,-0.181
5419,-0.161
5420,-0.156
5421,-0.3
5422,-0.461
5423,-0.139
5424,-0.056
5425,-0.149
5426,-0.01
5427,-0.02
5428,-0.034
5429,-0.183
5430,0.029
5431,-0.146
5432,-0.183
5433,-0.076
5434,0.137
5435,0.042
5436,-0.085
5437,0.051
5438,-0.134
5439,0.01
5440,-0.322
5441,-0.09
5442,-0.044
5443,-0.31
5444,-0.017
5445,-0.037
5446,-0.293
5447,-0.239
5448,-0.02
5449,-0.156
5450,0.259
5451,-0.171
5452,-0.271
5453,-0.149
5454,-0.007
5455,-0.112
5456,-0.103
5457,-0.356
5458,-0.161
5459,0.007
5460,-0.232
5461,-0.073
5462,-0.181
5463,-0.22
5464,-0.188
5465,0.054
5466,-0.083
5467,-0.156
5468,-0.09
5469,-0.239
5470,0.171
5471,0.024
5472,-0.122
5473,0.132
5474,0.293
5475,-0.188
5476,-0.176
5477,0.029
5478,0.051
5479,-0.159
5480,-0.151
5481,-0.01
5482,-0.173
5483,-0.298
5484,-0.146
5485,-0.012
5486,-0.33
5487,-0.405
5488,0.017
5489,-0.166
5490,-0.347
5491,-0.112
5492,0.056
5493,-0.171
5494,-0.171
5495,-0.078
5496,0.032
5497,-0.247
5498,-0.251
5499,-0.132
5500,-0.037
5501,-0.227
5502,-0.188
5503,-0.049
5504,-0.266
5505,-0.139
5506,-0.022
5507,-0.247
5508,-0.012
5509,0.056
5510,0.032
5511,-0.137
5512,0.437
5513,-0.017
5514,-0.225
5515,-0.195
5516,0.142
5517,-0.247
5518,0.051
5519,0.027
5520,-0.059
5521,-0.122
5522,-0.278
5523,-0.066
5524,-0.037
5525,-0.374
5526,-0.342
5527,-0.125
5528,-0.071
5529,-0.244
5530,-0.317
5531,-0.264
5532,-0.095
5533,0.073
5534,-0.339
5535,-0.232
5536,0.271
5537,-0.325
5538,-0.186
5539,0.063
5540,-0.286
5541,-0.347
5542,-0.151
5543,-0.046
5544,-0.005
5545,-0.146
5546,-0.278
5547,0.093
5548,0.027
5549,-0.112
5550,-0.317
5551,-0.012
5552,0.049
5553,-0.125
5554,0.024
5555,0.164
5556,0.056
5557,-0.256
5558,-0.063
5559,-0.278
5560,-0.344
5561,-0.078
5562,-0.076
5563,-0.149
5564,-0.125
5565,-0.227
5566,-0.398
5567,-0.2
5568,-0.227
5569,-0.154
5570,-0.234
5571,-0.156
5572,0.037
5573,-0.117
5574,-0.115
5575,0.049
5576,-0.154
5577,-0.173
5578,0.146
5579,-0.059
5580,-0.393
5581,-0.103
5582,-0.056
5583,-0.288
5584,-0.066
5585,-0.078
5586,-0.332
5587,-0.117
5588,-0.125
5589,-0.134
5590,-0.068
5591,0.161
5592,-0.024
5593,-0.173
5594,-0.156
5595,0.049
5596,-0.098
5597,-0.146
5598,-0.129
5599,-0.19
5600,-0.081
5601,-0.156
5602,-0.061
5603,-0.334
5604,-0.266
5605,-0.132
5606,-0.327
5607,-0.305
5608,-0.129
5609,-0.098
5610,-0.083
5611,-0.002
5612,-0.217
5613,-0.056
5614,0.051
5615,-0.051
5616,-0.183
5617,-0.129
5618,-0.11
5619,-0.227
5620,-0.01
5621,-0.051
5622,-0.132
5623,-0.125
5624,-0.034
5625,-0.071
5626,-0.298
5627,-0.41
5628,-0.198
5629,-0.039
5630,-0.146
5631,-0.105
5632,-0.11
5633,-0.122
5634,0.015
5635,0.056
5636,-0.161
5637,-0.332
5638,-0.195
5639,-0.042
5640,-0.005
5641,-0.1
5642,-0.244
5643,-0.024
5644,-0.176
5645,-0.146
5646,-0.132
5647,-0.215
5648,-0.171
5649,0.056
5650,-0.107
5651,-0.056
5652,-0.208
5653,-0.127
5654,-0.334
5655,0.024
5656,0.044
5657,-0.305
5658,-0.132
5659,-0.051
5660,-0.156
5661,-0.269
5662,-0.005
5663,-0.181
5664,-0.188
5665,-0.2
5666,-0.146
5667,0.01
5668,-0.2
5669,-0.305
5670,0.1
5671,0.061
5672,-0.378
5673,-0.139
5674,-0.063
5675,-0.063
5676,-0.024
5677,-0.151
5678,-0.088
5679,-0.073
5680,-0.149
5681,-0.142
5682,-0.002
5683,-0.161
5684,-0.022
5685,-0.154
5686,0.044
5687,-0.144
5688,-0.305
5689,-0.159
5690,0.11
5691,-0.042
5692,-0.117
5693,-0.164
5694,-0.183
5695,0.056
5696,-0.159
5697,-0.393
5698,0.012
5699,0.034
5700,-0.134
5701,-0.132
5702,-0.19
5703,-0.21
5704,-0.203
5705,-0.315
5706,-0.073
5707,-0.234
5708,-0.2
5709,-0.212
5710,-0.012
5711,0.002
5712,-0.229
5713,-0.225
5714,-0.046
5715,0.066
5716,-0.168
5717,-0.188
5718,-0.242
5719,-0.09
5720,-0.115
5721,-0.09
5722,-0.159
5723,-0.242
5724,-0.237
5725,-0.171
5726,-0.002
5727,-0.115
5728,-0.232
5729,-0.168
5730,-0.178
5731,-0.181
5732,-0.103
5733,-0.051
5734,-0.164
5735,-0.22
5736,-0.129
5737,0.073
5738,-0.151
5739,-0.215
5740,-0.222
5741,0.029
5742,-0.051
5743,-0.278
5744,-0.115
5745,-0.105
5746,-0.273
5747,-0.239
5748,0.154
5749,-0.298
5750,-0.43
5751,-0.271
5752,-0.093
5753,0.049
5754,-0.212
5755,-0.293
5756,-0.061
5757,0.103
5758,-0.154
5759,-0.01
5760,-0.081
5761,-0.093
5762,-0.195
5763,-0.122
5764,-0.012
5765,-0.068
5766,-0.168
5767,-0.059
5768,0.032
5769,-0.208
5770,0.076
5771,0.125
5772,-0.288
5773,-0.381
5774,0.024
5775,-0.261
5776,-0.217
5777,-0.017
5778,-0.034
5779,-0.073
5780,-0.171
5781,-0.161
5782,-0.139
5783,-0.278
5784,-0.41
5785,0.0
5786,0.002
5787,-0.405
5788,-0.188
5789,-0.366
5790,-0.239
5791,-0.037
5792,-0.012
5793,-0.183
5794,0.024
5795,-0.127
5796,0.068
5797,-0.073
5798,-0.259
5799,-0.134
5800,-0.066
5801,-0.125
5802,-0.029
5803,-0.061
5804,-0.139
5805,0.01
5806,-0.176
5807,-0.229
5808,-0.125
5809,-0.4
5810,-0.261
5811,0.022
5812,-0.007
5813,-0.242
5814,-0.1
5815,-0.051
5816,-0.176
5817,-0.039
5818,-0.117
5819,-0.159
5820,-0.176
5821,-0.217
5822,-0.271
5823,-0.229
5824,-0.159
5825,-0.117
5826,0.037
5827,-0.127
5828,-0.259
5829,-0.259
5830,-0.239
5831,-0.088
5832,0.076
5833,0.002
5834,-0.234
5835,-0.115
5836,-0.032
5837,-0.054
5838,-0.276
5839,0.005
5840,-0.205
5841,-0.002
5842,-0.081
5843,-0.044
5844,-0.137
5845,-0.12
5846,-0.21
5847,-0.073
5848,-0.066
5849,-0.107
5850,-0.071
5851,-0.161
5852,0.024
5853,-0.134
5854,-0.034
5855,-0.002
5856,0.024
5857,0.002
5858,-0.232
5859,-0.164
5860,-0.168
5861,-0.088
5862,-0.078
5863,0.117
5864,-0.159
5865,-0.046
5866,-0.151
5867,-0.056
5868,-0.061
5869,-0.132
5870,-0.212
5871,-0.247
5872,-0.034
5873,-0.173
5874,-0.059
5875,-0.159
5876,-0.098
5877,-0.115
5878,-0.017
5879,-0.112
5880,-0.081
5881,-0.183
5882,-0.288
5883,-0.02
5884,-0.034
5885,-0.146
5886,-0.181
5887,-0.073
5888,-0.132
5889,-0.022
5890,-0.22
5891,-0.083
5892,-0.049
5893,-0.149
5894,-0.061
5895,0.107
5896,-0.222
5897,-0.181
5898,0.229
5899,-0.029
5900,-0.149
5901,-0.076
5902,-0.117
5903,-0.266
5904,-0.356
5905,-0.066
5906,-0.193
5907,-0.19
5908,-0.188
5909,-0.134
5910,-0.464
5911,-0.208
5912,0.266
5913,-0.117
5914,-0.266
5915,0.029
5916,-0.056
5917,-0.303
5918,-0.105
5919,0.01
5920,0.068
5921,-0.181
5922,-0.2
5923,0.012
5924,-0.051
5925,-0.227
5926,-0.176
5927,0.129
5928,-0.21
5929,-0.168
5930,-0.183
5931,-0.076
5932,0.21
5933,-0.22
5934,-0.127
5935,0.005
5936,0.037
5937,-0.039
5938,0.015
5939,-0.339
5940,-0.012
5941,-0.049
5942,-0.232
5943,-0.515
5944,0.059
5945,-0.132
5946,-0.325
5947,-0.139
5948,-0.3
5949,-0.391
5950,-0.237
5951,0.149
5952,-0.142
5953,-0.52
5954,-0.222
5955,-0.005
5956,-0.261
5957,-0.266
5958,0.195
5959,0.027
5960,0.034
5961,-0.098
5962,-0.129
5963,-0.117
5964,0.015
5965,-0.049
5966,0.029
5967,-0.095
5968,-0.376
5969,-0.02
5970,-0.051
5971,-0.227
5972,-0.107
5973,-0.085
5974,-0.039
5975,0.093
5976,-0.154
5977,-0.286
5978,-0.024
5979,-0.117
5980,-0.237
5981,-0.286
5982,-0.046
5983,-0.11
5984,-0.256
5985,0.017
5986,-0.298
5987,-0.276
5988,-0.334
5989,-0.166
5990,0.049
5991,-0.188
5992,-0.591
5993,-0.022
5994,0.142
5995,-0.312
5996,-0.122
5997,0.09
5998,0.288
5999,-0.056
6000,-0.403
6001,-0.085
6002,-0.217
6003,-0.283
6004,-0.173
6005,0.222
6006,-0.193
6007,-0.369
6008,-0.132
6009,-0.186
6010,-0.359
6011,0.061
6012,0.076
6013,-0.217
6014,-0.127
6015,0.012
6016,0.056
6017,-0.339
6018,-0.232
6019,0.049
6020,0.005
6021,-0.369
6022,-0.142
6023,-0.115
6024,-0.178
6025,-0.044
6026,-0.044
6027,-0.227
6028,-0.154
6029,-0.068
6030,-0.161
6031,0.176
6032,-0.146
6033,-0.234
6034,-0.122
6035,0.117
6036,0.076
6037,-0.2
6038,-0.117
6039,0.242
6040,0.054
6041,-0.225
6042,0.002
6043,-0.098
6044,-0.02
6045,-0.037
6046,-0.073
6047,-0.081
6048,-0.146
6049,-0.137
6050,-0.215
6051,-0.188
6052,-0.332
6053,-0.073
6054,-0.183
6055,-0.269
6056,-0.173
6057,-0.02
6058,-0.112
6059,-0.005
6060,-0.154
6061,-0.208
6062,-0.012
6063,-0.2
6064,-0.142
6065,-0.066
6066,-0.117
6067,-0.046
6068,-0.232
6069,-0.295
6070,-0.139
6071,-0.054
6072,-0.188
6073,-0.083
6074,-0.1
6075,-0.161
6076,-0.134
6077,-0.076
6078,-0.134
6079,-0.017
6080,-0.063
6081,-0.039
6082,0.083
6083,-0.1
6084,-0.115
6085,-0.005
6086,-0.02
6087,-0.112
6088,-0.085
6089,-0.095
6090,-0.144
6091,-0.225
6092,-0.19
6093,-0.049
6094,-0.146
6095,-0.288
6096,-0.063
6097,0.029
6098,-0.203
6099,-0.029
6100,-0.105
6101,-0.208
6102,-0.117
6103,-0.229
6104,-0.276
6105,-0.11
6106,-0.161
6107,-0.068
6108,0.005
6109,-0.066
6110,-0.146
6111,-0.117
6112,-0.144
6113,0.085
6114,-0.071
6115,-0.071
6116,-0.247
6117,-0.146
6118,-0.037
6119,-0.061
6120,-0.11
6121,-0.046
6122,0.032
6123,0.0
6124,0.044
6125,-0.195
6126,-0.01
6127,0.002
6128,-0.137
6129,-0.137
6130,0.139
6131,-0.186
6132,-0.212
6133,-0.151
6134,-0.156
6135,-0.088
6136,0.01
6137,-0.21
6138,-0.349
6139,-0.195
6140,-0.061
6141,0.098
6142,-0.017
6143,-0.105
6144,-0.088
6145,-0.127
6146,-0.015
6147,-0.117
6148,-0.305
6149,-0.132
6150,-0.02
6151,-0.144
6152,-0.251
6153,-0.083
6154,-0.071
6155,0.046
6156,-0.208
6157,-0.164
6158,-0.112
6159,-0.078
6160,-0.051
6161,-0.01
6162,-0.129
6163,-0.173
6164,-0.11
6165,-0.005
6166,0.049
6167,-0.061
6168,-0.103
6169,-0.071
6170,0.056
6171,-0.112
6172,-0.059
6173,-0.232
6174,-0.154
6175,-0.166
6176,-0.176
6177,-0.073
6178,0.002
6179,-0.156
6180,-0.208
6181,-0.02
6182,-0.256
6183,-0.1
6184,0.071
6185,-0.042
6186,-0.154
6187,-0.127
6188,-0.105
6189,-0.183
6190,-0.146
6191,-0.232
6192,-0.002
6193,-0.19
6194,-0.251
6195,0.073
6196,0.129
6197,-0.059
6198,-0.112
6199,-0.063
6200,-0.093
6201,-0.059
6202,-0.237
6203,0.037
6204,-0.071
6205,-0.244
6206,-0.173
6207,0.042
6208,-0.037
6209,-0.259
6210,-0.249
6211,-0.278
6212,-0.005
6213,-0.149
6214,-0.281
6215,-0.195
6216,-0.085
6217,-0.022
6218,-0.183
6219,-0.227
6220,-0.239
6221,-0.129
6222,-0.166
6223,0.071
6224,0.007
6225,-0.288
6226,-0.244
6227,-0.034
6228,-0.103
6229,-0.195
6230,-0.21
6231,-0.125
6232,-0.005
6233,-0.32
6234,-0.195
6235,-0.127
6236,-0.229
6237,-0.188
6238,-0.032
6239,-0.073
6240,-0.142
6241,-0.068
6242,-0.051
6243,0.056
6244,0.015
6245,0.049
6246,-0.027
6247,-0.168
6248,-0.217
6249,-0.037
6250,-0.034
6251,-0.283
6252,-0.337
6253,-0.325
6254,-0.007
6255,-0.071
6256,-0.142
6257,-0.188
6258,-0.122
6259,-0.081
6260,-0.146
6261,-0.059
6262,-0.164
6263,-0.095
6264,-0.107
6265,-0.059
6266,-0.183
6267,-0.166
6268,-0.168
6269,-0.032
6270,-0.122
6271,-0.183
6272,-0.02
6273,0.046
6274,-0.2
6275,-0.242
6276,-0.076
6277,-0.181
6278,-0.203
6279,0.146
6280,0.005
6281,-0.12
6282,-0.117
6283,-0.139
6284,-0.015
6285,0.076
6286,-0.276
6287,-0.127
6288,-0.063
6289,-0.061
6290,-0.159
6291,-0.01
6292,-0.1
6293,-0.078
6294,-0.222
6295,-0.215
6296,-0.164
6297,-0.159
6298,-0.078
6299,0.012
6300,-0.149
6301,-0.266
6302,-0.203
6303,-0.33
6304,-0.32
6305,0.198
6306,0.093
6307,-0.378
6308,-0.308
6309,-0.195
6310,-0.435
6311,-0.127
6312,0.051
6313,-0.078
6314,-0.068
6315,-0.234
6316,-0.09
6317,-0.063
6318,-0.188
6319,-0.061
6320,-0.105
6321,-0.166
6322,0.024
6323,-0.022
6324,-0.225
6325,-0.281
6326,-0.034
6327,0.076
6328,-0.068
6329,-0.112
6330,-0.107
6331,-0.125
6332,-0.4
6333,-0.361
6334,-0.115
6335,-0.266
6336,-0.269
6337,-0.083
6338,0.029
6339,-0.081
6340,-0.103
6341,-0.139
6342,0.054
6343,-0.107
6344,-0.215
6345,0.066
6346,0.029
6347,-0.117
6348,-0.146
6349,-0.061
6350,-0.103
6351,-0.315
6352,-0.227
6353,-0.01
6354,-0.134
6355,-0.4
6356,-0.11
6357,0.063
6358,-0.122
6359,-0.203
6360,-0.061
6361,-0.115
6362,-0.186
6363,0.042
6364,0.056
6365,-0.222
6366,0.024
6367,0.012
6368,-0.222
6369,-0.188
6370,-0.039
6371,-0.132
6372,-0.022
6373,-0.142
6374,-0.22
6375,-0.283
6376,-0.217
6377,-0.186
6378,-0.193
6379,-0.247
6380,-0.142
6381,-0.222
6382,-0.317
6383,-0.176
6384,-0.017
6385,0.037
6386,-0.195
6387,-0.181
6388,0.044
6389,-0.066
6390,-0.117
6391,-0.127
6392,-0.188
6393,-0.181
6394,-0.107
6395,-0.107
6396,-0.107
6397,-0.112
6398,-0.095
6399,-0.146
6400,-0.164
6401,-0.215
6402,-0.1
6403,-0.073
6404,-0.195
6405,-0.037
6406,0.012
6407,0.039
6408,-0.11
6409,-0.073
6410,-0.166
6411,-0.173
6412,0.005
6413,0.154
6414,-0.127
6415,-0.142
6416,-0.171
6417,-0.105
6418,0.012
6419,-0.168
6420,-0.212
6421,-0.266
6422,-0.222
6423,-0.188
6424,-0.239
6425,-0.281
6426,-0.361
6427,-0.095
6428,-0.056
6429,-0.298
6430,-0.242
6431,-0.027
6432,-0.156
6433,-0.188
6434,-0.103
6435,-0.129
6436,-0.237
6437,-0.146
6438,0.059
6439,-0.049
6440,-0.139
6441,-0.107
6442,0.029
6443,0.029
6444,-0.056
6445,-0.239
6446,-0.063
6447,0.066
6448,-0.1
6449,-0.071
6450,-0.144
6451,-0.376
6452,-0.327
6453,-0.215
6454,-0.137
6455,-0.278
6456,-0.2
6457,0.0
6458,-0.149
6459,-0.044
6460,-0.056
6461,-0.007
6462,-0.098
6463,-0.127
6464,-0.161
6465,-0.051
6466,-0.1
6467,-0.127
6468,-0.225
6469,-0.198
6470,-0.125
6471,0.012
6472,-0.247
6473,-0.361
6474,-0.059
6475,-0.12
6476,-0.181
6477,-0.083
6478,-0.232
6479,-0.227
6480,-0.122
6481,-0.076
6482,0.144
6483,-0.078
6484,-0.166
6485,-0.002
6486,0.093
6487,-0.007
6488,-0.054
6489,0.022
6490,-0.107
6491,-0.046
6492,-0.068
6493,-0.002
6494,-0.3
6495,-0.129
6496,-0.198
6497,-0.171
6498,-0.171
6499,-0.278
6500,-0.396
6501,-0.2
6502,-0.149
6503,-0.132
6504,-0.1
6505,-0.056
6506,0.063
6507,0.042
6508,-0.022
6509,-0.171
6510,-0.056
6511,-0.139
6512,-0.115
6513,-0.09
6514,-0.02
6515,-0.242
6516,-0.334
6517,-0.122
6518,-0.198
6519,-0.225
6520,-0.137
6521,-0.11
6522,0.12
6523,-0.232
6524,-0.149
6525,0.134
6526,-0.049
6527,-0.342
6528,0.042
6529,0.012
6530,-0.081
6531,-0.242
6532,-0.122
6533,0.188
6534,-0.012
6535,-0.435
6536,-0.156
6537,0.056
6538,-0.208
6539,-0.251
6540,-0.127
6541,-0.044
6542,-0.11
6543,-0.186
6544,0.137
6545,-0.024
6546,-0.181
6547,-0.186
6548,0.056
6549,-0.093
6550,-0.054
6551,-0.078
6552,-0.222
6553,-0.076
6554,-0.315
6555,-0.144
6556,-0.181
6557,0.005
6558,-0.164
6559,-0.249
6560,-0.151
6561,0.029
6562,-0.142
6563,-0.273
6564,-0.122
6565,-0.073
6566,-0.146
6567,-0.4
6568,-0.02
6569,-0.125
6570,-0.3
6571,-0.007
6572,0.205
6573,-0.225
6574,-0.269
6575,0.068
6576,-0.044
6577,-0.002
6578,0.005
6579,-0.093
6580,-0.156
6581,-0.098
6582,-0.115
6583,-0.015
6584,-0.188
6585,-0.327
6586,-0.234
6587,-0.09
6588,-0.139
6589,-0.366
6590,-0.051
6591,0.166
6592,-0.239
6593,-0.337
6594,-0.146
6595,-0.203
6596,-0.305
6597,-0.059
6598,-0.227
6599,-0.037
6600,-0.239
6601,-0.254
6602,-0.09
6603,-0.413
6604,-0.183
6605,-0.007
6606,-0.09
6607,-0.042
6608,0.186
6609,-0.159
6610,-0.269
6611,0.017
6612,0.171
6613,-0.188
6614,-0.256
6615,-0.137
6616,0.059
6617,-0.034
6618,-0.002
6619,0.02
6620,-0.386
6621,-0.21
6622,-0.173
6623,-0.217
6624,-0.271
6625,-0.151
6626,-0.103
6627,-0.327
6628,-0.31
6629,-0.281
6630,0.073
6631,-0.269
6632,-0.063
6633,0.049
6634,-0.286
6635,-0.298
6636,0.017
6637,-0.151
6638,-0.122
6639,0.01
6640,-0.278
6641,-0.032
6642,-0.139
6643,-0.117
6644,-0.032
6645,-0.327
6646,-0.186
6647,0.085
6648,-0.205
6649,-0.222
6650,0.176
6651,-0.044
6652,-0.166
6653,0.027
6654,-0.02
6655,-0.293
6656,0.105
6657,0.066
6658,-0.046
6659,-0.085
6660,-0.146
6661,-0.098
6662,-0.149
6663,0.093
6664,-0.142
6665,-0.059
6666,-0.325
6667,-0.149
6668,-0.059
6669,-0.271
6670,-0.203
6671,-0.12
6672,0.015
6673,-0.012
6674,-0.115
6675,-0.271
6676,-0.205
6677,-0.249
6678,-0.273
6679,-0.247
6680,-0.02
6681,-0.007
6682,-0.098
6683,-0.156
6684,-0.122
6685,-0.056
6686,-0.083
6687,0.017
6688,0.024
6689,-0.098
6690,-0.215
6691,-0.193
6692,0.1
6693,-0.068
6694,-0.2
6695,0.049
6696,-0.039
6697,-0.308
6698,-0.215
6699,-0.186
6700,-0.178
6701,-0.159
6702,-0.334
6703,-0.264
6704,-0.227
6705,-0.129
6706,-0.161
6707,0.061
6708,-0.044
6709,-0.168
6710,-0.232
6711,-0.005
6712,-0.01
6713,0.02
6714,-0.146
6715,-0.073
6716,-0.076
6717,-0.215
6718,-0.188
6719,-0.105
6720,-0.266
6721,-0.312
6722,-0.212
6723,-0.149
6724,-0.256
6725,-0.168
6726,-0.134
6727,-0.022
6728,-0.195
6729,-0.146
6730,0.029
6731,0.21
6732,-0.02
6733,0.142
6734,0.022
6735,-0.002
6736,-0.002
6737,-0.103
6738,-0.007
6739,-0.022
6740,-0.112
6741,-0.227
6742,-0.134
6743,-0.137
6744,-0.168
6745,-0.305
6746,-0.139
6747,-0.081
6748,-0.09
6749,0.0
6750,-0.127
6751,-0.146
6752,-0.317
6753,-0.308
6754,-0.173
6755,0.032
6756,0.042
6757,-0.09
6758,-0.081
6759,-0.051
6760,0.002
6761,0.059
6762,-0.132
6763,-0.1
6764,0.117
6765,0.007
6766,-0.122
6767,-0.2
6768,-0.139
6769,-0.227
6770,-0.076
6771,-0.144
6772,-0.125
6773,-0.078
6774,-0.139
6775,0.0
6776,-0.034
6777,0.117
6778,-0.022
6779,-0.012
6780,-0.002
6781,-0.178
6782,-0.171
6783,0.005
6784,-0.024
6785,-0.305
6786,-0.103
6787,-0.171
6788,-0.132
6789,-0.164
6790,-0.178
6791,-0.11
6792,-0.139
6793,-0.22
6794,-0.186
6795,-0.088
6796,-0.103
6797,-0.063
6798,-0.012
6799,-0.176
6800,-0.186
6801,-0.083
6802,-0.144
6803,-0.239
6804,-0.254
6805,-0.217
6806,-0.073
6807,-0.02
6808,0.015
6809,-0.037
6810,-0.176
6811,0.066
6812,0.181
6813,0.037
6814,-0.137
6815,-0.046
6816,-0.225
6817,-0.12
6818,-0.239
6819,-0.132
6820,-0.232
6821,-0.249
6822,-0.171
6823,-0.154
6824,-0.278
6825,-0.334
6826,-0.193
6827,-0.156
6828,-0.078
6829,-0.093
6830,-0.09
6831,-0.232
6832,-0.12
6833,-0.09
6834,0.09
6835,-0.01
6836,0.027
6837,-0.027
6838,-0.173
6839,-0.164
6840,-0.11
6841,-0.01
6842,-0.149
6843,-0.051
6844,-0.137
6845,-0.042
6846,-0.103
6847,-0.3
6848,-0.215
6849,-0.107
6850,-0.12
6851,-0.066
6852,-0.068
6853,-0.098
6854,0.095
6855,-0.269
6856,-0.276
6857,-0.044
6858,-0.081
6859,-0.093
6860,-0.176
6861,-0.132
6862,-0.1
6863,-0.198
6864,-0.205
6865,0.02
6866,-0.071
6867,-0.264
6868,-0.229
6869,-0.125
6870,-0.278
6871,-0.259
6872,0.046
6873,0.054
6874,-0.176
6875,-0.093
6876,-0.168
6877,-0.266
6878,-0.088
6879,0.056
6880,-0.076
6881,-0.146
6882,-0.156
6883,-0.078
6884,-0.083
6885,-0.027
6886,-0.146
6887,-0.037
6888,-0.002
6889,-0.244
6890,-0.044
6891,0.164
6892,0.017
6893,-0.171
6894,-0.044
6895,-0.046
6896,-0.024
6897,-0.251
6898,-0.315
6899,-0.088
6900,-0.159
6901,-0.247
6902,-0.161
6903,-0.205
6904,-0.249
6905,-0.264
6906,-0.12
6907,-0.044
6908,-0.356
6909,-0.22
6910,-0.002
6911,-0.081
6912,-0.164
6913,-0.198
6914,0.159
6915,-0.125
6916,-0.234
6917,-0.256
6918,-0.139
6919,0.054
6920,-0.024
6921,-0.103
6922,-0.093
6923,-0.225
6924,-0.19
6925,-0.134
6926,-0.256
6927,-0.129
6928,-0.029
6929,-0.061
6930,-0.171
6931,-0.115
6932,-0.042
6933,-0.081
6934,0.01
6935,-0.107
6936,-0.12
6937,-0.051
6938,-0.085
6939,-0.166
6940,-0.21
6941,-0.415
6942,-0.139
6943,-0.054
6944,-0.271
6945,0.093
6946,-0.002
6947,-0.159
6948,-0.146
6949,-0.034
6950,-0.107
6951,-0.2
6952,-0.01
6953,-0.149
6954,-0.061
6955,-0.044
6956,0.007
6957,-0.063
6958,-0.164
6959,-0.188
6960,-0.151
6961,-0.217
6962,-0.168
6963,-0.269
6964,-0.283
6965,-0.183
6966,-0.056
6967,-0.261
6968,-0.247
6969,-0.129
6970,0.015
6971,-0.178
6972,-0.21
6973,0.222
6974,0.1
6975,-0.171
6976,0.066
6977,0.181
6978,-0.066
6979,-0.042
6980,-0.054
6981,0.073
6982,-0.288
6983,-0.171
6984,-0.161
6985,-0.193
6986,-0.295
6987,-0.112
6988,-0.117
6989,-0.347
6990,-0.164
6991,-0.107
6992,-0.068
6993,-0.225
6994,-0.1
6995,-0.042
6996,-0.154
6997,-0.051
6998,-0.007
6999,0.0
7000,-0.256
7001,-0.151
7002,-0.081
7003,-0.171
7004,-0.193
7005,-0.266
7006,-0.259
7007,-0.168
7008,-0.127
7009,-0.171
7010,-0.242
7011,-0.217
7012,-0.159
7013,-0.059
7014,-0.037
7015,-0.078
7016,-0.149
7017,-0.19
7018,-0.117
7019,0.11
7020,-0.037
7021,-0.186
7022,-0.217
7023,0.002
7024,-0.088
7025,-0.161
7026,0.002
7027,-0.293
7028,-0.168
7029,0.044
7030,-0.056
7031,-0.261
7032,-0.134
7033,0.005
7034,-0.002
7035,-0.105
7036,-0.227
7037,0.063
7038,-0.061
7039,-0.22
7040,-0.239
7041,-0.142
7042,-0.164
7043,-0.029
7044,0.044
7045,-0.139
7046,-0.051
7047,-0.129
7048,-0.139
7049,-0.237
7050,-0.293
7051,-0.156
7052,-0.105
7053,-0.181
7054,-0.068
7055,-0.037
7056,-0.151
7057,-0.156
7058,0.068
7059,-0.071
7060,-0.227
7061,-0.146
7062,-0.049
7063,-0.276
7064,-0.229
7065,-0.154
7066,-0.132
7067,-0.144
7068,-0.09
7069,-0.269
7070,-0.374
7071,-0.381
7072,-0.159
7073,-0.134
7074,-0.239
7075,-0.383
7076,-0.12
7077,-0.293
7078,-0.276
7079,0.117
7080,-0.117
7081,0.068
7082,0.01
7083,-0.22
7084,-0.039
7085,-0.139
7086,-0.168
7087,0.024
7088,-0.11
7089,-0.41
7090,-0.117
7091,-0.02
7092,0.015
7093,-0.122
7094,-0.171
7095,0.066
7096,-0.029
7097,-0.364
7098,0.037
7099,0.146
7100,-0.081
7101,0.017
7102,-0.225
7103,-0.203
7104,-0.068
7105,-0.078
7106,0.029
7107,0.327
7108,-0.181
7109,-0.31
7110,-0.02
7111,-0.198
7112,-0.139
7113,-0.061
7114,-0.193
7115,0.01
7116,-0.166
7117,-0.3
7118,0.037
7119,-0.039
7120,-0.278
7121,-0.032
7122,-0.024
7123,-0.176
7124,-0.168
7125,-0.244
7126,-0.076
7127,-0.059
7128,-0.176
7129,-0.183
7130,0.002
7131,-0.105
7132,-0.054
7133,-0.105
7134,0.002
7135,0.039
7136,-0.129
7137,-0.212
7138,-0.144
7139,0.181
7140,-0.042
7141,-0.332
7142,-0.293
7143,-0.02
7144,-0.181
7145,-0.066
7146,-0.09
7147,-0.02
7148,-0.149
7149,-0.024
7150,-0.007
7151,-0.022
7152,-0.061
7153,-0.12
7154,0.122
7155,-0.178
7156,0.098
7157,0.061
7158,0.005
7159,-0.156
7160,-0.017
7161,-0.085
7162,-0.254
7163,-0.095
7164,-0.398
7165,-0.203
7166,-0.225
7167,-0.144
7168,-0.088
7169,-0.249
7170,-0.198
7171,-0.12
7172,-0.066
7173,-0.203
7174,0.044
7175,-0.176
7176,-0.105
7177,0.039
7178,-0.146
7179,-0.364
7180,-0.142
7181,-0.151
7182,-0.073
7183,0.139
7184,-0.095
7185,-0.066
7186,-0.156
7187,-0.098
7188,-0.237
7189,-0.146
7190,-0.151
7191,0.085
7192,-0.281
7193,-0.156
7194,0.125
7195,-0.127
7196,-0.371
7197,-0.276
7198,0.098
7199,-0.322
7200,-0.098
7201,-0.083
7202,-0.076
7203,0.002
7204,-0.188
7205,-0.159
7206,-0.066
7207,-0.303
7208,-0.137
7209,-0.09
7210,-0.31
7211,-0.33
7212,-0.005
7213,-0.095
7214,-0.02
7215,-0.081
7216,0.024
7217,0.012
7218,-0.078
7219,-0.095
7220,0.076
7221,-0.078
7222,-0.11
7223,-0.11
7224,-0.103
7225,-0.01
7226,-0.02
7227,0.024
7228,-0.051
7229,-0.181
7230,-0.234
7231,0.056
7232,-0.276
7233,-0.181
7234,-0.002
7235,-0.076
7236,-0.156
7237,-0.078
7238,-0.181
7239,-0.117
7240,-0.068
7241,-0.244
7242,-0.21
7243,-0.142
7244,-0.256
7245,-0.129
7246,-0.383
7247,-0.291
7248,-0.093
7249,-0.166
7250,-0.247
7251,-0.012
7252,-0.264
7253,0.007
7254,0.046
7255,-0.188
7256,-0.227
7257,-0.012
7258,-0.21
7259,0.112
7260,0.007
7261,-0.437
7262,-0.171
7263,0.208
7264,-0.039
7265,-0.225
7266,-0.173
7267,-0.063
7268,-0.059
7269,-0.283
7270,-0.376
7271,-0.081
7272,-0.122
7273,-0.2
7274,-0.186
7275,-0.134
7276,-0.09
7277,0.054
7278,-0.132
7279,-0.024
7280,-0.054
7281,-0.193
7282,-0.085
7283,-0.056
7284,-0.139
7285,-0.164
7286,-0.178
7287,-0.273
7288,-0.212
7289,-0.298
7290,-0.229
7291,-0.117
7292,-0.312
7293,-0.217
7294,0.071
7295,-0.146
7296,-0.298
7297,0.093
7298,0.051
7299,-0.193
7300,-0.115
7301,-0.039
7302,0.051
7303,-0.103
7304,-0.142
7305,0.017
7306,0.01
7307,-0.244
7308,-0.208
7309,-0.159
7310,-0.183
7311,-0.039
7312,-0.178
7313,-0.225
7314,-0.127
7315,-0.095
7316,0.024
7317,-0.059
7318,-0.078
7319,-0.115
7320,-0.02
7321,-0.002
7322,-0.078
7323,-0.437
7324,-0.12
7325,0.017
7326,-0.176
7327,-0.132
7328,-0.369
7329,-0.281
7330,-0.122
7331,0.051
7332,-0.33
7333,-0.066
7334,-0.027
7335,-0.264
7336,-0.178
7337,0.081
7338,0.039
7339,-0.005
7340,-0.107
7341,-0.2
7342,-0.247
7343,-0.283
7344,-0.044
7345,0.203
7346,-0.107
7347,-0.154
7348,0.068
7349,-0.183
7350,-0.349
7351,-0.142
7352,0.054
7353,-0.083
7354,-0.227
7355,-0.081
7356,-0.007
7357,-0.176
7358,-0.093
7359,-0.061
7360,-0.154
7361,-0.251
7362,0.063
7363,0.046
7364,-0.059
7365,-0.271
7366,-0.059
7367,0.068
7368,-0.129
7369,-0.239
7370,-0.203
7371,-0.417
7372,-0.02
7373,-0.024
7374,-0.339
7375,-0.273
7376,0.049
7377,0.11
7378,-0.176
7379,-0.146
7380,-0.215
7381,-0.017
7382,-0.002
7383,-0.125
7384,-0.222
7385,-0.193
7386,-0.073
7387,-0.188
7388,-0.144
7389,0.034
7390,-0.137
7391,-0.098
7392,-0.076
7393,-0.151
7394,-0.269
7395,-0.232
7396,-0.105
7397,0.005
7398,0.002
7399,-0.044
7400,-0.039
7401,-0.02
7402,-0.164
7403,-0.139
7404,-0.176
7405,-0.017
7406,-0.105
7407,-0.337
7408,-0.183
7409,-0.176
7410,-0.205
7411,-0.105
7412,-0.103
7413,-0.405
7414,-0.239
7415,-0.188
7416,-0.249
7417,-0.308
7418,-0.205
7419,0.042
7420,0.01
7421,-0.156
7422,-0.146
7423,0.024
7424,-0.225
7425,-0.015
7426,-0.044
7427,-0.276
7428,-0.183
7429,-0.171
7430,-0.137
7431,-0.178
7432,-0.234
7433,-0.222
7434,0.0
7435,0.017
7436,-0.081
7437,-0.266
7438,-0.266
7439,-0.229
7440,-0.11
7441,-0.01
7442,-0.088
7443,-0.027
7444,-0.049
7445,-0.056
7446,-0.269
7447,-0.256
7448,-0.09
7449,-0.112
7450,-0.078
7451,-0.027
7452,-0.161
7453,-0.32
7454,-0.22
7455,-0.046
7456,-0.007
7457,-0.083
7458,-0.012
7459,0.017
7460,-0.024
7461,-0.029
7462,-0.166
7463,-0.066
7464,-0.115
7465,-0.027
7466,-0.068
7467,-0.071
7468,-0.12
7469,-0.049
7470,0.02
7471,-0.1
7472,-0.125
7473,-0.229
7474,-0.09
7475,-0.107
7476,-0.056
7477,-0.337
7478,-0.339
7479,-0.002
7480,-0.061
7481,-0.183
7482,-0.103
7483,-0.032
7484,-0.139
7485,-0.029
7486,-0.208
7487,-0.061
7488,-0.107
7489,-0.203
7490,-0.239
7491,-0.173
7492,-0.198
7493,-0.142
7494,-0.007
7495,0.015
7496,0.059
7497,-0.122
7498,-0.146
7499,0.049
7500,-0.051
7501,-0.203
7502,-0.098
7503,-0.066
7504,-0.183
7505,0.051
7506,-0.254
7507,-0.22
7508,-0.098
7509,-0.134
7510,-0.208
7511,-0.127
7512,-0.215
7513,-0.129
7514,-0.071
7515,-0.149
7516,-0.098
7517,-0.063
7518,0.015
7519,0.032
7520,-0.022
7521,-0.2
7522,-0.195
7523,-0.1
7524,0.02
7525,0.0
7526,-0.164
7527,-0.229
7528,-0.188
7529,0.066
7530,-0.117
7531,-0.344
7532,-0.251
7533,-0.078
7534,-0.051
7535,-0.095
7536,-0.066
7537,-0.093
7538,-0.039
7539,-0.051
7540,-0.017
7541,-0.103
7542,-0.066
7543,-0.154
7544,-0.093
7545,-0.027
7546,-0.12
7547,-0.071
7548,-0.066
7549,0.0
7550,-0.178
7551,-0.195
7552,-0.32
7553,-0.21
7554,-0.183
7555,-0.144
7556,-0.115
7557,-0.107
7558,-0.1
7559,0.046
7560,0.032
7561,-0.09
7562,-0.095
7563,-0.088
7564,-0.088
7565,-0.066
7566,-0.015
7567,-0.02
7568,-0.09
7569,-0.195
7570,-0.144
7571,-0.024
7572,-0.034
7573,-0.154
7574,-0.059
7575,0.137
7576,-0.01
7577,-0.181
7578,-0.078
7579,0.073
7580,-0.142
7581,-0.054
7582,0.12
7583,-0.083
7584,-0.488
7585,-0.137
7586,0.144
7587,0.425
7588,-0.264
7589,-0.383
7590,-0.054
7591,-0.027
7592,-0.398
7593,-0.171
7594,0.022
7595,-0.054
7596,-0.208
7597,-0.005
7598,-0.015
7599,-0.137
7600,-0.203
7601,-0.146
7602,-0.103
7603,-0.056
7604,-0.078
7605,-0.139
7606,-0.144
7607,-0.063
7608,-0.154
7609,-0.129
7610,-0.093
7611,-0.095
7612,-0.239
7613,-0.229
7614,-0.117
7615,-0.017
7616,-0.002
7617,-0.129
7618,0.032
7619,-0.22
7620,-0.042
7621,0.046
7622,-0.039
7623,-0.022
7624,-0.007
7625,-0.027
7626,-0.002
7627,-0.222
7628,-0.366
7629,-0.107
7630,-0.115
7631,-0.195
7632,-0.117
7633,-0.173
7634,-0.203
7635,-0.085
7636,-0.151
7637,-0.227
7638,-0.195
7639,-0.049
7640,-0.027
7641,0.022
7642,-0.132
7643,-0.217
7644,-0.083
7645,-0.081
7646,-0.076
7647,0.002
7648,-0.149
7649,-0.371
7650,-0.242
7651,-0.156
7652,-0.212
7653,-0.164
7654,-0.168
7655,-0.098
7656,-0.132
7657,-0.134
7658,-0.005
7659,-0.063
7660,-0.127
7661,-0.09
7662,-0.09
7663,-0.139
7664,-0.042
7665,-0.1
7666,0.024
7667,-0.232
7668,-0.078
7669,-0.193
7670,-0.127
7671,-0.193
7672,-0.117
7673,-0.01
7674,-0.203
7675,-0.073
7676,-0.1
7677,-0.132
7678,-0.125
7679,-0.081
7680,-0.093
7681,-0.19
7682,-0.027
7683,0.051
7684,-0.173
7685,-0.242
7686,-0.046
7687,-0.039
7688,-0.049
7689,-0.21
7690,-0.203
7691,0.073
7692,-0.173
7693,-0.239
7694,-0.034
7695,-0.107
7696,-0.376
7697,-0.125
7698,-0.125
7699,-0.168
7700,-0.173
7701,0.024
7702,0.01
7703,-0.269
7704,-0.322
7705,-0.022
7706,0.146
7707,-0.193
7708,-0.129
7709,0.049
7710,-0.178
7711,-0.286
7712,-0.117
7713,0.024
7714,-0.061
7715,-0.278
7716,-0.247
7717,-0.017
7718,-0.181
7719,-0.068
7720,0.015
7721,-0.125
7722,-0.176
7723,-0.164
7724,-0.176
7725,-0.303
7726,-0.271
7727,-0.007
7728,0.002
7729,-0.342
7730,-0.266
7731,-0.259
7732,-0.22
7733,-0.259
7734,-0.181
7735,-0.193
7736,-0.308
7737,-0.178
7738,-0.186
7739,-0.095
7740,-0.195
7741,0.015
7742,-0.007
7743,-0.088
7744,-0.2
7745,-0.159
7746,-0.269
7747,-0.132
7748,0.056
7749,-0.034
7750,-0.22
7751,-0.232
7752,-0.103
7753,-0.203
7754,-0.276
7755,-0.249
7756,-0.1
7757,-0.076
7758,-0.081
7759,-0.2
7760,-0.103
7761,-0.1
7762,-0.088
7763,-0.007
7764,-0.037
7765,-0.176
7766,-0.127
7767,-0.151
7768,-0.166
7769,-0.273
7770,0.002
7771,-0.044
7772,-0.203
7773,-0.42
7774,-0.278
7775,-0.132
7776,0.007
7777,-0.134
7778,-0.093
7779,-0.134
7780,-0.332
7781,-0.122
7782,0.037
7783,-0.02
7784,-0.322
7785,-0.066
7786,0.12
7787,-0.112
7788,-0.244
7789,-0.308
7790,-0.234
7791,-0.203
7792,-0.063
7793,-0.164
7794,-0.283
7795,-0.322
7796,-0.098
7797,-0.134
7798,-0.417
7799,-0.298
7800,-0.029
7801,0.125
7802,-0.249
7803,-0.266
7804,-0.039
7805,-0.044
7806,-0.098
7807,-0.007
7808,-0.137
7809,-0.127
7810,-0.139
7811,0.095
7812,-0.083
7813,-0.31
7814,-0.178
7815,-0.12
7816,-0.083
7817,-0.2
7818,-0.254
7819,-0.115
7820,-0.198
7821,-0.212
7822,-0.02
7823,0.107
7824,-0.256
7825,0.044
7826,-0.046
7827,-0.139
7828,-0.129
7829,-0.046
7830,0.024
7831,-0.244
7832,-0.242
7833,-0.127
7834,-0.027
7835,-0.198
7836,0.151
7837,-0.134
7838,-0.166
7839,-0.132
7840,0.027
7841,0.037
7842,-0.012
7843,-0.12
7844,-0.156
7845,-0.066
7846,-0.107
7847,0.012
7848,-0.249
7849,-0.227
7850,-0.129
7851,-0.198
7852,-0.156
7853,-0.439
7854,-0.315
7855,-0.149
7856,0.0
7857,-0.225
7858,-0.159
7859,-0.215
7860,-0.212
7861,-0.291
7862,0.02
7863,-0.161
7864,-0.117
7865,-0.051
7866,-0.081
7867,-0.042
7868,-0.149
7869,-0.122
7870,-0.242
7871,-0.295
7872,-0.266
7873,-0.22
7874,-0.085
7875,-0.254
7876,-0.085
7877,-0.225
7878,-0.154
7879,-0.159
7880,-0.212
7881,-0.542
7882,-0.125
7883,-0.1
7884,-0.09
7885,0.015
7886,0.161
7887,-0.164
7888,-0.088
7889,-0.095
7890,-0.178
7891,-0.115
7892,-0.105
7893,-0.181
7894,-0.166
7895,-0.137
7896,-0.122
7897,-0.21
7898,-0.259
7899,-0.098
7900,-0.005
7901,-0.183
7902,-0.149
7903,-0.093
7904,-0.066
7905,-0.2
7906,-0.247
7907,-0.217
7908,-0.149
7909,-0.129
7910,-0.195
7911,-0.117
7912,-0.188
7913,-0.149
7914,-0.242
7915,-0.046
7916,0.0
7917,-0.168
7918,-0.349
7919,-0.137
7920,-0.063
7921,-0.151
7922,-0.073
7923,-0.266
7924,-0.12
7925,0.037
7926,0.11
7927,-0.19
7928,-0.256
7929,-0.1
7930,-0.054
7931,0.022
7932,-0.144
7933,-0.186
7934,-0.154
7935,0.01
7936,-0.083
7937,-0.085
7938,-0.249
7939,0.12
7940,-0.054
7941,-0.393
7942,0.054
7943,0.037
7944,-0.042
7945,-0.059
7946,0.002
7947,-0.278
7948,-0.283
7949,-0.232
7950,0.02
7951,0.042
7952,-0.22
7953,-0.017
7954,0.059
7955,-0.068
7956,-0.283
7957,-0.085
7958,0.032
7959,-0.103
7960,-0.247
7961,-0.222
7962,0.039
7963,-0.156
7964,-0.139
7965,-0.005
7966,0.022
7967,-0.308
7968,-0.225
7969,-0.198
7970,-0.015
7971,0.051
7972,-0.193
7973,-0.095
7974,-0.132
7975,-0.205
7976,-0.186
7977,-0.032
7978,-0.105
7979,-0.002
7980,-0.183
7981,-0.283
7982,0.061
7983,0.073
7984,-0.205
7985,-0.12
7986,0.203
7987,-0.115
7988,-0.012
7989,-0.076
7990,0.061
7991,-0.063
7992,-0.337
7993,-0.237
7994,-0.129
7995,-0.115
7996,-0.425
7997,-0.137
7998,-0.032
7999,-0.042
8000,-0.22
8001,-0.178
8002,-0.149
8003,-0.256
8004,-0.178
8005,0.056
8006,0.178
8007,-0.208
8008,-0.076
8009,-0.088
8010,0.012
8011,-0.063
8012,-0.244
8013,-0.066
8014,-0.229
8015,-0.151
8016,-0.002
8017,0.015
8018,-0.127
8019,-0.068
8020,-0.159
8021,-0.188
8022,-0.217
8023,-0.093
8024,0.02
8025,0.229
8026,0.127
8027,-0.291
8028,-0.132
8029,-0.066
8030,-0.278
8031,-0.369
8032,-0.103
8033,0.034
8034,-0.11
8035,0.032
8036,-0.383
8037,-0.112
8038,-0.083
8039,-0.149
8040,0.042
8041,0.039
8042,-0.046
8043,-0.056
8044,0.044
8045,-0.107
8046,-0.2
8047,-0.027
8048,0.061
8049,0.027
8050,-0.032
8051,-0.176
8052,-0.117
8053,-0.142
8054,-0.376
8055,-0.178
8056,-0.159
8057,-0.063
8058,-0.293
8059,-0.105
8060,-0.012
8061,0.024
8062,-0.234
8063,-0.044
8064,-0.156
8065,-0.039
8066,-0.039
8067,0.049
8068,-0.078
8069,-0.425
8070,-0.005
8071,-0.151
8072,0.063
8073,-0.142
8074,-0.125
8075,0.051
8076,-0.178
8077,-0.076
8078,-0.242
8079,-0.11
8080,0.012
8081,-0.356
8082,-0.356
8083,-0.042
8084,0.017
8085,0.132
8086,-0.115
8087,-0.159
8088,-0.051
8089,-0.071
8090,-0.356
8091,-0.054
8092,-0.007
8093,-0.291
8094,-0.105
8095,-0.161
8096,-0.503
8097,-0.21
8098,-0.227
8099,-0.078
8100,0.044
8101,0.09
8102,-0.239
8103,-0.139
8104,-0.222
8105,-0.029
8106,-0.139
8107,-0.203
8108,0.039
8109,0.12
8110,-0.149
8111,-0.232
8112,-0.146
8113,-0.232
8114,0.029
8115,-0.139
8116,0.039
8117,-0.029
8118,-0.225
8119,-0.073
8120,0.083
8121,-0.173
8122,-0.168
8123,-0.059
8124,-0.183
8125,-0.039
8126,-0.063
8127,-0.227
8128,-0.063
8129,0.046
8130,-0.125
8131,-0.217
8132,-0.171
8133,-0.166
8134,0.129
8135,-0.144
8136,-0.112
8137,-0.208
8138,-0.095
8139,-0.098
8140,-0.032
8141,-0.181
8142,-0.249
8143,-0.183
8144,-0.244
8145,-0.073
8146,-0.081
8147,-0.203
8148,-0.247
8149,0.007
8150,-0.098
8151,-0.283
8152,-0.149
8153,-0.049
8154,-0.161
8155,-0.093
8156,-0.071
8157,-0.225
8158,-0.271
8159,-0.073
8160,0.156
8161,0.046
8162,-0.066
8163,0.01
8164,-0.068
8165,-0.024
8166,-0.144
8167,-0.088
8168,-0.176
8169,-0.012
8170,-0.142
8171,-0.11
8172,-0.21
8173,-0.176
8174,-0.242
8175,-0.312
8176,-0.027
8177,-0.151
8178,-0.332
8179,-0.276
8180,-0.1
8181,-0.212
8182,-0.088
8183,-0.166
8184,-0.225
8185,-0.024
8186,-0.071
8187,0.022
8188,-0.037
8189,-0.007
8190,0.022
8191,0.203
8192,-0.159
8193,-0.156
8194,0.261
8195,-0.044
8196,-0.188
8197,-0.256
8198,-0.154
8199,0.056
8200,-0.027
8201,-0.142
8202,0.205
8203,-0.251
8204,-0.115
8205,0.261
8206,-0.005
8207,-0.032
8208,0.115
8209,-0.144
8210,-0.222
8211,-0.149
8212,-0.237
8213,-0.061
8214,-0.203
8215,-0.254
8216,-0.278
8217,-0.469
8218,-0.247
8219,-0.005
8220,-0.264
8221,-0.393
8222,-0.034
8223,-0.015
8224,0.005
8225,-0.232
8226,-0.249
8227,-0.049
8228,-0.186
8229,-0.002
8230,0.127
8231,-0.139
8232,-0.193
8233,0.173
8234,0.037
8235,-0.19
8236,-0.237
8237,-0.178
8238,-0.056
8239,-0.061
8240,-0.095
8241,-0.254
8242,0.125
8243,-0.19
8244,-0.364
8245,-0.115
8246,0.083
8247,-0.068
8248,-0.076
8249,-0.134
8250,-0.332
8251,0.261
8252,-0.144
8253,-0.212
8254,-0.078
8255,-0.405
8256,-0.186
8257,-0.105
8258,-0.447
8259,-0.266
8260,0.09
8261,-0.413
8262,0.098
8263,-0.083
8264,-0.291
8265,-0.19
8266,0.066
8267,-0.234
8268,0.098
8269,0.005
8270,-0.193
8271,0.139
8272,0.005
8273,-0.078
8274,0.134
8275,-0.125
8276,-0.156
8277,0.166
8278,-0.2
8279,-0.19
8280,0.032
8281,-0.039
8282,-0.098
8283,-0.33
8284,-0.107
8285,0.103
8286,-0.103
8287,-0.22
8288,0.129
8289,-0.088
8290,-0.081
8291,0.186
8292,-0.247
8293,-0.178
8294,-0.225
8295,-0.063
8296,-0.127
8297,-0.156
8298,-0.352
8299,-0.31
8300,-0.022
8301,-0.225
8302,-0.269
8303,-0.315
8304,0.117
8305,-0.017
8306,-0.278
8307,-0.129
8308,-0.002
8309,0.01
8310,-0.024
8311,0.073
8312,-0.117
8313,-0.205
8314,-0.112
8315,0.161
8316,-0.01
8317,-0.281
8318,-0.149
8319,-0.046
8320,-0.103
8321,-0.32
8322,-0.027
8323,0.005
8324,-0.142
8325,-0.32
8326,0.034
8327,-0.139
8328,-0.2
8329,-0.076
8330,0.083
8331,0.002
8332,-0.156
8333,0.044
8334,-0.103
8335,-0.208
8336,-0.273
8337,-0.11
8338,-0.19
8339,0.005
8340,-0.217
8341,-0.435
8342,-0.098
8343,-0.127
8344,-0.212
8345,-0.291
8346,0.007
8347,-0.181
8348,-0.151
8349,-0.051
8350,0.085
8351,-0.085
8352,-0.229
8353,-0.007
8354,0.002
8355,-0.146
8356,-0.129
8357,0.005
8358,-0.271
8359,-0.208
8360,-0.054
8361,-0.12
8362,-0.186
8363,-0.11
8364,-0.081
8365,-0.002
8366,0.107
8367,-0.11
8368,0.076
8369,-0.181
8370,-0.139
8371,-0.11
8372,-0.098
8373,-0.261
8374,-0.137
8375,-0.132
8376,-0.276
8377,-0.151
8378,-0.239
8379,-0.112
8380,-0.137
8381,-0.137
8382,-0.186
8383,-0.01
8384,-0.2
8385,-0.156
8386,0.178
8387,-0.288
8388,-0.168
8389,0.034
8390,0.127
8391,-0.325
8392,-0.154
8393,0.103
8394,-0.095
8395,-0.039
8396,-0.225
8397,-0.073
8398,-0.295
8399,-0.271
8400,-0.19
8401,-0.068
8402,-0.461
8403,-0.344
8404,-0.002
8405,-0.159
8406,-0.166
8407,-0.076
8408,-0.181
8409,-0.237
8410,-0.085
8411,-0.056
8412,0.078
8413,-0.2
8414,-0.081
8415,0.044
8416,-0.151
8417,-0.032
8418,-0.022
8419,-0.366
8420,-0.276
8421,0.12
8422,-0.315
8423,-0.381
8424,-0.029
8425,-0.022
8426,-0.264
8427,0.01
8428,-0.034
8429,-0.061
8430,-0.034
8431,-0.176
8432,0.225
8433,-0.181
8434,-0.22
8435,-0.22
8436,0.164
8437,-0.217
8438,-0.166
8439,-0.12
8440,-0.283
8441,-0.01
8442,-0.237
8443,-0.151
8444,-0.117
8445,-0.215
8446,-0.183
8447,-0.095
8448,-0.215
8449,-0.129
8450,-0.1
8451,-0.42
8452,0.034
8453,-0.171
8454,-0.107
8455,-0.042
8456,-0.154
8457,-0.413
8458,0.066
8459,0.085
8460,-0.234
8461,-0.254
8462,-0.229
8463,0.007
8464,-0.256
8465,-0.232
8466,0.144
8467,0.134
8468,-0.337
8469,-0.027
8470,0.024
8471,-0.251
8472,-0.085
8473,-0.073
8474,-0.01
8475,-0.171
8476,-0.19
8477,-0.186
8478,0.007
8479,-0.31
8480,-0.088
8481,-0.022
8482,-0.173
8483,-0.071
8484,-0.144
8485,-0.144
8486,-0.083
8487,0.083
8488,-0.208
8489,-0.22
8490,-0.034
8491,-0.164
8492,-0.127
8493,-0.042
8494,0.005
8495,-0.332
8496,-0.273
8497,-0.164
8498,0.234
8499,-0.125
8500,-0.315
8501,-0.032
8502,-0.073
8503,-0.203
8504,-0.007
8505,-0.005
8506,-0.286
8507,-0.205
8508,-0.247
8509,0.022
8510,-0.103
8511,-0.173
8512,-0.083
8513,-0.071
8514,-0.171
8515,-0.132
8516,0.007
8517,-0.125
8518,0.017
8519,-0.244
8520,-0.249
8521,-0.144
8522,-0.151
8523,-0.305
8524,-0.291
8525,-0.151
8526,-0.212
8527,0.022
8528,-0.178
8529,-0.137
8530,-0.171
8531,-0.122
8532,-0.259
8533,-0.164
8534,-0.212
8535,-0.225
8536,0.122
8537,-0.217
8538,-0.303
8539,-0.281
8540,-0.076
8541,-0.229
8542,-0.215
8543,-0.068
8544,-0.073
8545,-0.288
8546,-0.291
8547,-0.046
8548,-0.186
8549,-0.098
8550,-0.103
8551,-0.098
8552,-0.212
8553,0.273
8554,-0.103
8555,-0.227
8556,-0.005
8557,-0.076
8558,-0.19
8559,-0.066
8560,0.005
8561,-0.354
8562,0.125
8563,-0.176
8564,-0.051
8565,0.022
8566,-0.176
8567,0.032
8568,-0.073
8569,-0.278
8570,-0.154
8571,0.017
8572,-0.295
8573,0.271
8574,-0.078
8575,-0.537
8576,-0.088
8577,0.071
8578,-0.156
8579,-0.037
8580,-0.11
8581,-0.444
8582,-0.232
8583,0.032
8584,0.1
8585,0.127
8586,0.024
8587,-0.081
8588,-0.103
8589,0.007
8590,-0.195
8591,-0.037
8592,-0.244
8593,0.0
8594,-0.159
8595,-0.188
8596,-0.066
8597,-0.076
8598,-0.144
8599,-0.19
8600,-0.181
8601,-0.188
8602,0.107
8603,-0.261
8604,-0.312
8605,-0.134
8606,0.098
8607,-0.078
8608,-0.139
8609,-0.044
8610,-0.117
8611,0.037
8612,-0.046
8613,-0.054
8614,-0.115
8615,-0.034
8616,-0.024
8617,-0.137
8618,-0.32
8619,-0.237
8620,-0.139
8621,-0.212
8622,-0.186
8623,0.024
8624,-0.22
8625,-0.293
8626,0.061
8627,-0.115
8628,-0.31
8629,-0.129
8630,-0.107
8631,-0.007
8632,-0.31
8633,-0.144
8634,-0.144
8635,-0.078
8636,-0.142
8637,-0.007
8638,-0.129
8639,-0.325
8640,-0.117
8641,-0.21
8642,-0.142
8643,-0.32
8644,-0.166
8645,-0.176
8646,0.032
8647,-0.339
8648,-0.032
8649,-0.105
8650,-0.198
8651,-0.105
8652,-0.11
8653,-0.073
8654,-0.237
8655,-0.022
8656,-0.217
8657,-0.144
8658,-0.337
8659,-0.281
8660,-0.393
8661,-0.466
8662,-0.176
8663,-0.21
8664,-0.083
8665,-0.264
8666,-0.037
8667,-0.229
8668,-0.137
8669,-0.242
8670,-0.112
8671,-0.007
8672,-0.132
8673,-0.173
8674,-0.159
8675,0.056
8676,-0.081
8677,0.034
8678,-0.151
8679,0.017
8680,-0.132
8681,-0.215
8682,0.01
8683,-0.227
8684,-0.176
8685,-0.286
8686,-0.12
8687,-0.2
8688,-0.112
8689,-0.168
8690,-0.01
8691,-0.105
8692,-0.056
8693,-0.198
8694,-0.215
8695,0.059
8696,-0.054
8697,0.049
8698,-0.31
8699,-0.237
8700,-0.103
8701,0.005
8702,-0.386
8703,-0.364
8704,-0.278
8705,-0.237
8706,0.007
8707,-0.127
8708,0.2
8709,-0.01
8710,0.034
8711,0.125
8712,0.125
8713,-0.254
8714,-0.2
8715,-0.044
8716,-0.002
8717,0.01
8718,-0.33
8719,-0.093
8720,-0.068
8721,-0.117
8722,-0.205
8723,-0.032
8724,-0.146
8725,-0.22
8726,-0.078
8727,-0.083
8728,-0.127
8729,-0.308
8730,-0.054
8731,-0.054
8732,0.012
8733,-0.237
8734,-0.137
8735,-0.002
8736,-0.12
8737,-0.039
8738,-0.19
8739,-0.227
8740,-0.354
8741,-0.332
8742,-0.249
8743,-0.068
8744,-0.195
8745,-0.398
8746,-0.178
8747,-0.171
8748,-0.12
8749,-0.266
8750,-0.085
8751,0.061
8752,0.125
8753,-0.242
8754,-0.168
8755,-0.024
8756,-0.059
8757,0.09
8758,0.049
8759,0.005
8760,-0.259
8761,-0.134
8762,-0.002
8763,0.034
8764,-0.195
8765,-0.183
8766,-0.154
8767,-0.215
8768,-0.042
8769,-0.11
8770,-0.059
8771,-0.308
8772,-0.093
8773,-0.073
8774,-0.154
8775,-0.12
8776,-0.015
8777,-0.085
8778,-0.127
8779,-0.249
8780,-0.256
8781,-0.11
8782,-0.195
8783,-0.161
8784,-0.205
8785,-0.137
8786,-0.129
8787,-0.071
8788,-0.068
8789,-0.337
8790,-0.046
8791,-0.056
8792,0.042
8793,-0.325
8794,-0.239
8795,-0.137
8796,0.261
8797,-0.146
8798,-0.217
8799,-0.117
8800,-0.161
8801,-0.078
8802,-0.166
8803,-0.112
8804,-0.208
8805,-0.103
8806,-0.259
8807,-0.051
8808,-0.154
8809,-0.315
8810,-0.081
8811,-0.134
8812,-0.142
8813,-0.176
8814,-0.066
8815,-0.127
8816,0.061
8817,-0.159
8818,-0.154
8819,-0.059
8820,-0.054
8821,-0.027
8822,-0.2
8823,0.066
8824,-0.083
8825,-0.239
8826,-0.288
8827,-0.117
8828,-0.21
8829,-0.264
8830,-0.229
8831,-0.09
8832,-0.125
8833,-0.261
8834,0.027
8835,-0.171
8836,0.024
8837,-0.078
8838,-0.037
8839,-0.156
8840,-0.1
8841,-0.103
8842,-0.015
8843,0.061
8844,-0.276
8845,-0.212
8846,-0.164
8847,-0.11
8848,-0.227
8849,-0.005
8850,-0.19
8851,-0.178
8852,-0.208
8853,-0.151
8854,-0.09
8855,-0.19
8856,-0.051
8857,-0.264
8858,-0.208
8859,-0.146
8860,-0.061
8861,-0.173
8862,-0.01
8863,-0.105
8864,-0.122
8865,0.051
8866,-0.071
8867,-0.046
8868,-0.149
8869,-0.164
8870,-0.144
8871,0.015
8872,-0.198
8873,-0.037
8874,0.056
8875,-0.168
8876,-0.024
8877,-0.09
8878,-0.129
8879,-0.134
8880,-0.068
8881,-0.129
8882,-0.098
8883,-0.215
8884,-0.076
8885,0.0
8886,-0.273
8887,-0.144
8888,-0.066
8889,-0.068
8890,-0.322
8891,-0.178
8892,-0.229
8893,-0.049
8894,-0.098
8895,-0.073
8896,-0.098
8897,-0.146
8898,-0.02
8899,-0.042
8900,-0.015
8901,-0.271
8902,-0.11
8903,-0.127
8904,0.034
8905,-0.12
8906,-0.166
8907,-0.156
8908,-0.093
8909,0.176
8910,-0.078
8911,-0.283
8912,-0.161
8913,-0.081
8914,-0.3
8915,-0.256
8916,-0.022
8917,-0.132
8918,-0.112
8919,-0.247
8920,0.098
8921,-0.122
8922,-0.212
8923,-0.193
8924,0.098
8925,-0.034
8926,-0.337
8927,-0.081
8928,0.037
8929,-0.007
8930,-0.266
8931,-0.022
8932,-0.161
8933,-0.044
8934,-0.303
8935,0.071
8936,0.054
8937,-0.149
8938,-0.186
8939,-0.117
8940,0.032
8941,-0.173
8942,-0.125
8943,-0.117
8944,0.061
8945,-0.217
8946,-0.186
8947,-0.085
8948,-0.056
8949,-0.125
8950,-0.256
8951,-0.171
8952,-0.12
8953,-0.078
8954,-0.186
8955,0.142
8956,-0.071
8957,-0.215
8958,-0.125
8959,-0.107
8960,-0.203
8961,-0.254
8962,-0.01
8963,-0.146
8964,-0.1
8965,-0.193
8966,-0.017
8967,-0.085
8968,-0.081
8969,-0.181
8970,-0.281
8971,-0.061
8972,-0.061
8973,0.068
8974,-0.269
8975,-0.188
8976,0.02
8977,0.247
8978,-0.022
8979,-0.068
8980,0.002
8981,-0.115
8982,0.012
8983,-0.178
8984,-0.117
8985,-0.256
8986,-0.017
8987,-0.024
8988,-0.063
8989,-0.212
8990,-0.12
8991,-0.112
8992,-0.056
8993,-0.132
8994,-0.215
8995,-0.098
8996,-0.081
8997,-0.083
8998,-0.088
8999,-0.093
9000,-0.33
9001,-0.059
9002,-0.017
9003,0.015
9004,0.024
9005,-0.244
9006,-0.41
9007,-0.061
9008,0.132
9009,-0.032
9010,0.002
9011,-0.1
9012,-0.356
9013,-0.076
9014,-0.071
9015,-0.181
9016,-0.068
9017,0.002
9018,-0.244
9019,-0.151
9020,-0.188
9021,-0.271
9022,-0.078
9023,-0.029
9024,-0.012
9025,-0.195
9026,-0.222
9027,-0.339
9028,-0.083
9029,0.0
9030,0.093
9031,-0.093
9032,-0.112
9033,-0.054
9034,-0.054
9035,0.015
9036,-0.059
9037,-0.024
9038,-0.071
9039,0.044
9040,-0.088
9041,-0.027
9042,-0.056
9043,-0.044
9044,-0.059
9045,0.007
9046,-0.193
9047,-0.332
9048,-0.293
9049,-0.178
9050,0.022
9051,-0.068
9052,-0.21
9053,-0.298
9054,-0.095
9055,0.02
9056,-0.293
9057,-0.188
9058,-0.01
9059,-0.415
9060,-0.127
9061,0.332
9062,-0.198
9063,-0.103
9064,-0.566
9065,-0.159
9066,0.215
9067,-0.1
9068,-0.078
9069,-0.049
9070,-0.217
9071,-0.464
9072,-0.054
9073,0.339
9074,0.208
9075,-0.105
9076,0.103
9077,0.225
9078,-0.181
9079,-0.337
9080,0.098
9081,0.088
9082,-0.271
9083,-0.049
9084,-0.076
9085,-0.291
9086,-0.417
9087,-0.239
9088,-0.129
9089,-0.12
9090,-0.103
9091,-0.195
9092,-0.022
9093,-0.098
9094,0.01
9095,-0.083
9096,-0.122
9097,-0.103
9098,-0.029
9099,-0.178
9100,-0.293
9101,-0.049
9102,-0.01
9103,-0.208
9104,-0.222
9105,-0.02
9106,-0.017
9107,-0.125
9108,-0.132
9109,-0.254
9110,-0.188
9111,-0.212
9112,-0.015
9113,-0.02
9114,0.02
9115,-0.071
9116,-0.059
9117,-0.085
9118,0.015
9119,-0.085
9120,0.059
9121,0.134
9122,-0.176
9123,-0.103
9124,-0.081
9125,-0.034
9126,-0.076
9127,0.142
9128,-0.132
9129,-0.2
9130,-0.195
9131,-0.164
9132,-0.024
9133,-0.256
9134,-0.132
9135,-0.063
9136,0.088
9137,-0.344
9138,-0.095
9139,0.054
9140,-0.105
9141,-0.188
9142,-0.154
9143,-0.081
9144,-0.229
9145,-0.259
9146,-0.269
9147,0.066
9148,-0.195
9149,-0.337
9150,-0.222
9151,-0.049
9152,-0.156
9153,-0.225
9154,-0.049
9155,-0.198
9156,-0.063
9157,-0.027
9158,0.176
9159,-0.088
9160,-0.142
9161,-0.032
9162,0.105
9163,-0.029
9164,-0.293
9165,-0.159
9166,-0.063
9167,-0.037
9168,-0.151
9169,-0.017
9170,-0.205
9171,-0.071
9172,-0.293
9173,-0.295
9174,-0.154
9175,-0.164
9176,-0.061
9177,-0.039
9178,-0.171
9179,-0.134
9180,0.029
9181,-0.063
9182,0.056
9183,-0.12
9184,-0.332
9185,-0.232
9186,-0.088
9187,-0.173
9188,-0.193
9189,-0.154
9190,-0.364
9191,-0.227
9192,-0.178
9193,-0.173
9194,-0.007
9195,-0.051
9196,0.002
9197,-0.042
9198,-0.037
9199,-0.203
9200,-0.02
9201,-0.071
9202,-0.054
9203,-0.083
9204,-0.066
9205,-0.195
9206,-0.054
9207,0.022
9208,-0.186
9209,-0.254
9210,-0.229
9211,0.042
9212,0.012
9213,-0.276
9214,-0.354
9215,-0.22
9216,-0.125
9217,-0.056
9218,-0.125
9219,-0.303
9220,-0.01
9221,-0.037
9222,-0.154
9223,0.066
9224,-0.054
9225,-0.266
9226,-0.066
9227,0.044
9228,-0.222
9229,-0.149
9230,-0.364
9231,-0.12
9232,-0.056
9233,-0.027
9234,-0.261
9235,-0.156
9236,-0.168
9237,-0.073
9238,-0.125
9239,-0.266
9240,-0.027
9241,-0.063
9242,0.01
9243,-0.054
9244,-0.007
9245,-0.107
9246,-0.188
9247,-0.193
9248,-0.142
9249,-0.171
9250,-0.361
9251,-0.112
9252,-0.181
9253,-0.21
9254,-0.151
9255,0.032
9256,-0.251
9257,-0.215
9258,0.061
9259,-0.088
9260,-0.176
9261,0.017
9262,-0.054
9263,-0.269
9264,-0.215
9265,-0.251
9266,-0.093
9267,0.054
9268,-0.139
9269,-0.349
9270,-0.134
9271,-0.339
9272,-0.371
9273,-0.129
9274,-0.195
9275,-0.059
9276,-0.022
9277,-0.159
9278,-0.12
9279,-0.034
9280,-0.017
9281,0.083
9282,0.037
9283,0.083
9284,0.117
9285,0.012
9286,0.012
9287,-0.151
9288,-0.105
9289,-0.005
9290,-0.088
9291,-0.288
9292,-0.283
9293,-0.161
9294,-0.347
9295,-0.383
9296,-0.171
9297,0.068
9298,-0.186
9299,-0.327
9300,-0.071
9301,0.063
9302,-0.029
9303,-0.024
9304,0.032
9305,-0.381
9306,-0.122
9307,0.085
9308,-0.046
9309,-0.215
9310,-0.007
9311,0.081
9312,-0.205
9313,-0.02
9314,-0.127
9315,-0.237
9316,-0.139
9317,0.144
9318,-0.273
9319,-0.156
9320,-0.22
9321,-0.007
9322,-0.061
9323,-0.193
9324,-0.044
9325,0.049
9326,0.071
9327,-0.134
9328,-0.139
9329,-0.129
9330,-0.083
9331,-0.134
9332,-0.046
9333,-0.017
9334,-0.056
9335,-0.132
9336,-0.159
9337,-0.122
9338,-0.435
9339,-0.122
9340,-0.037
9341,-0.154
9342,-0.288
9343,-0.061
9344,-0.054
9345,-0.181
9346,-0.027
9347,-0.264
9348,-0.154
9349,0.103
9350,0.039
9351,-0.156
9352,-0.012
9353,-0.251
9354,-0.203
9355,-0.149
9356,-0.249
9357,-0.088
9358,-0.161
9359,-0.11
9360,0.11
9361,0.112
9362,-0.171
9363,-0.105
9364,-0.078
9365,-0.061
9366,-0.027
9367,-0.103
9368,-0.068
9369,-0.129
9370,-0.234
9371,-0.076
9372,-0.012
9373,-0.22
9374,-0.19
9375,-0.166
9376,-0.232
9377,0.032
9378,-0.215
9379,-0.164
9380,-0.227
9381,-0.137
9382,-0.046
9383,-0.078
9384,-0.046
9385,-0.205
9386,-0.227
9387,-0.161
9388,0.015
9389,-0.359
9390,-0.281
9391,-0.095
9392,0.117
9393,-0.144
9394,-0.103
9395,-0.068
9396,-0.244
9397,-0.312
9398,-0.447
9399,-0.073
9400,-0.002
9401,0.139
9402,-0.161
9403,-0.034
9404,-0.044
9405,0.051
9406,0.012
9407,-0.137
9408,0.063
9409,0.007
9410,-0.249
9411,-0.403
9412,0.022
9413,-0.095
9414,-0.088
9415,-0.222
9416,-0.146
9417,-0.071
9418,-0.261
9419,-0.288
9420,-0.212
9421,-0.195
9422,-0.334
9423,-0.107
9424,-0.229
9425,-0.205
9426,-0.002
9427,0.0
9428,-0.139
9429,-0.139
9430,-0.073
9431,-0.134
9432,0.002
9433,-0.273
9434,-0.164
9435,-0.186
9436,-0.054
9437,0.056
9438,-0.044
9439,-0.212
9440,-0.146
9441,-0.093
9442,-0.007
9443,-0.032
9444,-0.239
9445,-0.107
9446,-0.022
9447,0.073
9448,-0.022
9449,-0.032
9450,-0.107
9451,0.029
9452,-0.029
9453,-0.186
9454,-0.115
9455,-0.159
9456,-0.095
9457,-0.222
9458,-0.115
9459,-0.161
9460,-0.132
9461,-0.168
9462,-0.112
9463,-0.247
9464,-0.344
9465,-0.176
9466,-0.12
9467,-0.081
9468,-0.068
9469,0.012
9470,-0.01
9471,0.049
9472,-0.232
9473,-0.334
9474,-0.208
9475,-0.061
9476,0.117
9477,-0.068
9478,-0.071
9479,-0.652
9480,-0.251
9481,0.173
9482,0.229
9483,0.015
9484,0.017
9485,-0.142
9486,-0.22
9487,-0.149
9488,-0.078
9489,-0.059
9490,0.056
9491,-0.017
9492,-0.076
9493,-0.188
9494,-0.247
9495,-0.247
9496,-0.107
9497,-0.061
9498,-0.164
9499,-0.33
9500,-0.271
9501,-0.09
9502,-0.176
9503,-0.176
9504,-0.254
9505,-0.117
9506,0.012
9507,0.007
9508,-0.129
9509,0.081
9510,-0.142
9511,-0.264
9512,-0.237
9513,-0.125
9514,-0.161
9515,-0.125
9516,-0.205
9517,-0.149
9518,-0.198
9519,-0.173
9520,-0.11
9521,-0.266
9522,-0.229
9523,-0.068
9524,0.122
9525,0.081
9526,-0.024
9527,0.051
9528,0.093
9529,-0.002
9530,-0.027
9531,0.088
9532,0.042
9533,0.015
9534,-0.049
9535,-0.117
9536,-0.208
9537,-0.166
9538,-0.154
9539,-0.164
9540,-0.142
9541,-0.408
9542,-0.239
9543,-0.117
9544,-0.273
9545,-0.266
9546,-0.217
9547,-0.01
9548,-0.64
9549,-0.005
9550,0.098
9551,-0.178
9552,-0.039
9553,0.32
9554,0.046
9555,-0.254
9556,-0.063
9557,-0.054
9558,-0.044
9559,-0.078
9560,-0.039
9561,0.015
9562,-0.024
9563,-0.168
9564,-0.115
9565,0.066
9566,-0.117
9567,-0.146
9568,-0.332
9569,-0.083
9570,0.032
9571,-0.217
9572,-0.381
9573,-0.066
9574,-0.042
9575,-0.239
9576,-0.042
9577,-0.034
9578,0.081
9579,-0.073
9580,-0.066
9581,-0.208
9582,-0.188
9583,-0.332
9584,0.071
9585,-0.278
9586,-0.403
9587,0.061
9588,0.01
9589,-0.205
9590,-0.168
9591,-0.225
9592,-0.051
9593,0.054
9594,-0.188
9595,-0.259
9596,-0.103
9597,-0.2
9598,0.017
9599,-0.095
9600,-0.264
9601,0.076
9602,0.142
9603,-0.166
9604,-0.054
9605,-0.037
9606,-0.205
9607,-0.21
9608,-0.112
9609,0.0
9610,-0.1
9611,-0.156
9612,-0.056
9613,0.022
9614,-0.183
9615,-0.247
9616,-0.059
9617,-0.112
9618,-0.198
9619,-0.166
9620,-0.183
9621,-0.073
9622,-0.269
9623,-0.186
9624,0.073
9625,-0.149
9626,-0.215
9627,-0.137
9628,-0.046
9629,-0.122
9630,-0.3
9631,-0.02
9632,-0.073
9633,-0.239
9634,-0.381
9635,0.0
9636,0.002
9637,-0.02
9638,-0.132
9639,-0.073
9640,-0.005
9641,-0.127
9642,-0.129
9643,-0.259
9644,-0.093
9645,-0.242
9646,-0.229
9647,-0.11
9648,-0.015
9649,0.044
9650,-0.034
9651,-0.154
9652,-0.154
9653,-0.244
9654,0.146
9655,0.073
9656,-0.266
9657,-0.083
9658,-0.024
9659,-0.215
9660,-0.154
9661,-0.247
9662,-0.249
9663,-0.11
9664,-0.107
9665,0.002
9666,-0.046
9667,-0.132
9668,-0.088
9669,-0.002
9670,-0.049
9671,-0.132
9672,-0.063
9673,0.134
9674,0.251
9675,0.046
9676,-0.012
9677,0.173
9678,-0.059
9679,-0.317
9680,-0.12
9681,0.039
9682,-0.117
9683,-0.176
9684,-0.095
9685,-0.271
9686,-0.171
9687,-0.183
9688,0.002
9689,-0.115
9690,-0.156
9691,-0.276
9692,-0.105
9693,-0.022
9694,-0.339
9695,-0.276
9696,-0.151
9697,-0.088
9698,-0.017
9699,-0.093
9700,-0.312
9701,-0.093
9702,-0.173
9703,-0.205
9704,-0.012
9705,-0.01
9706,0.051
9707,-0.088
9708,-0.11
9709,-0.151
9710,-0.176
9711,-0.012
9712,0.061
9713,-0.22
9714,-0.288
9715,-0.115
9716,-0.251
9717,-0.061
9718,-0.105
9719,-0.195
9720,-0.078
9721,-0.237
9722,-0.435
9723,-0.146
9724,-0.083
9725,-0.32
9726,0.042
9727,-0.137
9728,-0.046
9729,-0.168
9730,-0.085
9731,-0.059
9732,0.042
9733,-0.103
9734,-0.11
9735,-0.015
9736,0.034
9737,-0.137
9738,-0.159
9739,-0.073
9740,-0.098
9741,-0.129
9742,-0.176
9743,0.02
9744,-0.107
9745,-0.232
9746,-0.007
9747,0.137
9748,-0.051
9749,-0.105
9750,-0.046
9751,-0.032
9752,-0.144
9753,-0.254
9754,-0.066
9755,-0.146
9756,-0.217
9757,-0.042
9758,-0.164
9759,-0.225
9760,-0.146
9761,-0.208
9762,-0.222
9763,-0.01
9764,-0.027
9765,-0.208
9766,-0.222
9767,-0.156
9768,-0.083
9769,0.029
9770,-0.076
9771,-0.117
9772,0.046
9773,0.034
9774,-0.066
9775,0.037
9776,-0.029
9777,-0.068
9778,-0.159
9779,-0.168
9780,-0.271
9781,-0.149
9782,0.054
9783,-0.098
9784,-0.203
9785,0.034
9786,0.005
9787,-0.139
9788,-0.037
9789,-0.098
9790,-0.227
9791,-0.244
9792,0.042
9793,-0.046
9794,-0.193
9795,-0.12
9796,0.02
9797,-0.22
9798,-0.398
9799,-0.244
9800,-0.063
9801,-0.056
9802,-0.327
9803,-0.283
9804,-0.115
9805,-0.098
9806,-0.144
9807,0.032
9808,0.015
9809,-0.181
9810,-0.122
9811,-0.173
9812,-0.061
9813,-0.181
9814,-0.063
9815,0.037
9816,0.12
9817,-0.2
9818,-0.127
9819,-0.229
9820,-0.046
9821,0.01
9822,-0.452
9823,-0.232
9824,-0.029
9825,-0.073
9826,-0.173
9827,-0.225
9828,-0.166
9829,0.002
9830,0.012
9831,-0.061
9832,-0.127
9833,-0.371
9834,-0.161
9835,-0.073
9836,-0.151
9837,-0.105
9838,-0.149
9839,-0.266
9840,-0.154
9841,-0.127
9842,-0.227
9843,-0.076
9844,-0.115
9845,-0.146
9846,-0.107
9847,-0.166
9848,-0.151
9849,-0.112
9850,0.015
9851,-0.039
9852,-0.107
9853,-0.195
9854,0.034
9855,-0.151
9856,-0.01
9857,-0.107
9858,-0.227
9859,-0.176
9860,-0.146
9861,-0.298
9862,-0.212
9863,0.056
9864,-0.181
9865,-0.237
9866,-0.151
9867,-0.103
9868,-0.034
9869,-0.171
9870,-0.159
9871,0.015
9872,-0.093
9873,-0.2
9874,-0.017
9875,-0.117
9876,-0.22
9877,-0.046
9878,0.012
9879,-0.198
9880,-0.222
9881,-0.112
9882,0.056
9883,0.0
9884,-0.112
9885,-0.154
9886,-0.156
9887,0.027
9888,-0.034
9889,-0.195
9890,-0.305
9891,-0.11
9892,-0.044
9893,-0.037
9894,0.037
9895,-0.046
9896,-0.085
9897,-0.093
9898,-0.049
9899,-0.024
9900,-0.2
9901,-0.051
9902,0.1
9903,-0.112
9904,-0.142
9905,-0.154
9906,-0.11
9907,-0.078
9908,-0.093
9909,-0.19
9910,-0.232
9911,-0.312
9912,-0.254
9913,-0.063
9914,-0.066
9915,-0.054
9916,-0.229
9917,-0.176
9918,-0.273
9919,-0.22
9920,-0.088
9921,-0.134
9922,-0.107
9923,0.103
9924,-0.029
9925,-0.259
9926,-0.11
9927,-0.083
9928,0.115
9929,-0.076
9930,-0.178
9931,-0.068
9932,0.029
9933,-0.171
9934,-0.232
9935,-0.032
9936,0.022
9937,-0.056
9938,-0.12
9939,-0.054
9940,-0.305
9941,-0.227
9942,-0.266
9943,-0.232
9944,0.042
9945,-0.183
9946,-0.264
9947,-0.11
9948,0.027
9949,-0.208
9950,-0.037
9951,-0.188
9952,-0.171
9953,-0.056
9954,-0.005
9955,-0.132
9956,-0.146
9957,-0.151
9958,-0.071
9959,-0.105
9960,-0.247
9961,-0.051
9962,0.059
9963,-0.059
9964,-0.107
9965,-0.066
9966,-0.1
9967,-0.295
9968,-0.117
9969,-0.061
9970,-0.039
9971,-0.078
9972,0.171
9973,0.059
9974,-0.146
9975,0.007
9976,-0.056
9977,-0.173
9978,-0.239
9979,0.007
9980,-0.098
9981,-0.247
9982,-0.303
9983,-0.2
9984,-0.002
9985,0.054
9986,-0.044
9987,-0.264
9988,-0.132
9989,-0.139
9990,0.19
9991,-0.042
9992,-0.049
9993,-0.027
9994,-0.278
9995,-0.254
9996,0.02
9997,-0.017
9998,-0.247
9999,-0.12
10000,-0.139
10001,-0.2
10002,-0.261
10003,-0.256
10004,-0.283
10005,-0.205
10006,-0.19
10007,-0.256
10008,-0.09
10009,0.015
10010,-0.112
10011,-0.034
10012,-0.051
10013,-0.332
10014,-0.261
10015,0.056
10016,0.024
10017,-0.154
10018,-0.195
10019,-0.088
10020,-0.103
10021,-0.054
10022,-0.049
10023,-0.056
10024,-0.256
10025,-0.02
10026,-0.271
10027,-0.298
10028,-0.063
10029,-0.103
10030,-0.19
10031,-0.093
10032,-0.229
10033,-0.166
10034,0.005
10035,0.107
10036,0.01
10037,-0.266
10038,-0.361
10039,-0.208
10040,0.01
10041,-0.039
10042,-0.076
10043,-0.107
10044,-0.295
10045,-0.249
10046,-0.085
10047,0.09
10048,-0.142
10049,-0.115
10050,0.142
10051,0.081
10052,-0.166
10053,-0.144
10054,0.049
10055,-0.076
10056,-0.149
10057,-0.142
10058,-0.107
10059,-0.083
10060,-0.173
10061,-0.078
10062,-0.244
10063,-0.188
10064,-0.222
10065,0.017
10066,-0.178
10067,-0.361
10068,-0.154
10069,-0.049
10070,-0.198
10071,-0.205
10072,-0.156
10073,-0.232
10074,-0.154
10075,-0.002
10076,0.061
10077,-0.027
10078,-0.229
10079,-0.132
10080,-0.081
10081,-0.359
10082,-0.334
10083,-0.029
10084,-0.178
10085,-0.127
10086,-0.227
10087,-0.22
10088,-0.085
10089,0.015
10090,0.154
10091,-1.553
10092,-0.962
10093,0.342
10094,1.396
10095,0.374
10096,-0.188
10097,-0.542
10098,-0.134
10099,-0.203
10100,-0.369
10101,0.171
10102,0.332
10103,0.085
10104,-0.076
10105,-0.161
10106,-0.532
10107,-0.303
10108,-0.103
10109,-0.002
10110,-0.051
10111,-0.193
10112,-0.415
10113,-0.203
10114,0.093
10115,-0.017
10116,-0.046
10117,0.061
10118,0.078
10119,-0.278
10120,-0.142
10121,-0.015
10122,-0.112
10123,-0.168
10124,-0.195
10125,-0.032
10126,-0.11
10127,-0.21
10128,-0.349
10129,-0.076
10130,-0.259
10131,-0.081
10132,0.132
10133,-0.044
10134,-0.203
10135,-0.027
10136,0.142
10137,0.046
10138,-0.103
10139,0.022
10140,0.242
10141,-0.039
10142,-0.095
10143,-0.002
10144,-0.042
10145,-0.215
10146,-0.183
10147,0.059
10148,-0.039
10149,-0.178
10150,-0.291
10151,0.149
10152,-0.002
10153,-0.239
10154,-0.203
10155,0.007
10156,-0.066
10157,-0.112
10158,-0.098
10159,-0.039
10160,-0.081
10161,-0.093
10162,-0.063
10163,-0.056
10164,-0.171
10165,-0.144
10166,-0.225
10167,-0.212
10168,-0.051
10169,-0.132
10170,-0.154
10171,-0.122
10172,-0.151
10173,-0.151
10174,-0.117
10175,-0.073
10176,0.115
10177,-0.178
10178,-0.308
10179,0.012
10180,0.078
10181,-0.149
10182,-0.073
10183,-0.19
10184,-0.217
10185,-0.205
10186,-0.015
10187,-0.056
10188,-0.11
10189,-0.056
10190,0.017
10191,-0.11
10192,-0.281
10193,-0.017
10194,0.012
10195,-0.063
10196,-0.171
10197,-0.176
10198,-0.232
10199,-0.088
10200,-0.081
10201,-0.212
10202,-0.122
10203,-0.222
10204,0.022
10205,-0.095
10206,-0.146
10207,-0.1
10208,-0.117
10209,-0.205
10210,-0.356
10211,-0.188
10212,-0.103
10213,-0.029
10214,0.007
10215,-0.076
10216,-0.1
10217,0.007
10218,0.054
10219,-0.115
10220,-0.222
10221,-0.056
10222,0.085
10223,0.002
10224,-0.225
10225,-0.33
10226,-0.178
10227,-0.085
10228,-0.056
10229,-0.146
10230,-0.061
10231,-0.244
10232,-0.251
10233,0.0
10234,-0.056
10235,-0.09
10236,-0.095
10237,-0.039
10238,-0.112
10239,-0.178
10240,-0.247
10241,-0.076
10242,-0.117
10243,-0.244
10244,-0.129
10245,0.0
10246,-0.129
10247,-0.166
10248,-0.046
10249,-0.203
10250,-0.144
10251,0.076
10252,-0.042
10253,-0.103
10254,-0.054
10255,-0.007
10256,-0.029
10257,-0.156
10258,0.002
10259,-0.193
10260,-0.374
10261,-0.112
10262,-0.024
10263,-0.178
10264,-0.171
10265,-0.215
10266,-0.237
10267,-0.195
10268,-0.139
10269,-0.112
10270,-0.205
10271,-0.176
10272,-0.024
10273,-0.044
10274,-0.095
10275,-0.159
10276,0.039
10277,0.042
10278,0.046
10279,-0.09
10280,-0.295
10281,-0.164
10282,-0.034
10283,-0.093
10284,-0.2
10285,-0.137
10286,-0.09
10287,-0.161
10288,-0.11
10289,-0.11
10290,-0.093
10291,-0.107
10292,-0.081
10293,-0.024
10294,-0.054
10295,-0.063
10296,0.0
10297,-0.127
10298,-0.12
10299,0.09
10300,-0.071
10301,-0.046
10302,-0.095
10303,0.037
10304,-0.115
10305,-0.198
10306,-0.2
10307,-0.239
10308,-0.073
10309,-0.105
10310,-0.2
10311,-0.21
10312,-0.044
10313,-0.076
10314,-0.034
10315,-0.042
10316,-0.061
10317,-0.088
10318,-0.159
10319,-0.227
10320,-0.142
10321,-0.132
10322,-0.017
10323,-0.007
10324,-0.159
10325,-0.386
10326,-0.242
10327,-0.095
10328,-0.122
10329,-0.212
10330,-0.073
10331,-0.139
10332,-0.02
10333,-0.105
10334,-0.142
10335,-0.015
10336,0.142
10337,-0.037
10338,-0.078
10339,0.024
10340,-0.066
10341,-0.125
10342,-0.266
10343,-0.173
10344,-0.081
10345,-0.225
10346,-0.205
10347,-0.132
10348,-0.181
10349,-0.178
10350,-0.063
10351,-0.007
10352,-0.088
10353,-0.076
10354,-0.098
10355,-0.247
10356,-0.059
10357,-0.127
10358,-0.164
10359,-0.078
10360,-0.088
10361,-0.183
10362,-0.112
10363,-0.151
10364,-0.232
10365,-0.217
10366,-0.098
10367,-0.129
10368,-0.222
10369,-0.154
10370,-0.017
10371,-0.21
10372,-0.085
10373,-0.208
10374,0.012
10375,0.034
10376,0.039
10377,-0.054
10378,-0.007
10379,0.071
10380,0.071
10381,0.1
10382,0.054
10383,-0.164
10384,-0.161
10385,-0.066
10386,-0.01
10387,-0.164
10388,-0.198
10389,-0.066
10390,-0.044
10391,-0.259
10392,-0.122
10393,-0.081
10394,0.122
10395,0.054
10396,-0.254
10397,-0.129
10398,-0.024
10399,-0.129
10400,-0.144
10401,-0.015
10402,0.098
10403,-0.146
10404,-0.142
10405,-0.195
10406,-0.154
10407,0.078
10408,-0.149
10409,-0.154
10410,-0.161
10411,-0.098
10412,-0.049
10413,-0.212
10414,-0.005
10415,-0.146
10416,-0.029
10417,0.188
10418,0.212
10419,0.076
10420,-0.195
10421,-0.103
10422,-0.12
10423,0.12
10424,0.005
10425,-0.178
10426,-0.4
10427,-0.173
10428,-0.083
10429,-0.117
10430,-0.269
10431,-0.107
10432,0.09
10433,-0.134
10434,-0.164
10435,-0.195
10436,0.095
10437,0.093
10438,0.017
10439,-0.251
10440,-0.198
10441,-0.112
10442,-0.161
10443,0.029
10444,-0.059
10445,-0.254
10446,-0.103
10447,-0.222
10448,-0.251
10449,0.066
10450,0.002
10451,-0.132
10452,-0.117
10453,-0.024
10454,0.046
10455,-0.049
10456,-0.286
10457,0.037
10458,0.21
10459,-0.183
10460,-0.222
10461,-0.02
10462,-0.073
10463,-0.361
10464,-0.173
10465,-0.22
10466,-0.205
10467,-0.273
10468,-0.215
10469,-0.068
10470,-0.256
10471,-0.107
10472,0.139
10473,0.027
10474,-0.068
10475,-0.173
10476,0.098
10477,0.291
10478,-0.073
10479,-0.295
10480,0.098
10481,0.037
10482,-0.178
10483,-0.11
10484,-0.085
10485,-0.435
10486,-0.22
10487,-0.598
10488,-0.371
10489,0.042
10490,0.0
10491,-0.168
10492,-0.239
10493,-0.144
10494,0.127
10495,0.085
10496,-0.234
10497,-0.127
10498,0.042
10499,-0.154
10500,0.068
10501,-0.059
10502,-0.215
10503,-0.139
10504,0.005
10505,-0.042
10506,-0.178
10507,-0.342
10508,-0.298
10509,0.093
10510,-0.186
10511,-0.259
10512,-0.083
10513,-0.112
10514,-0.149
10515,-0.278
10516,-0.198
10517,0.061
10518,0.042
10519,-0.115
10520,-0.115
10521,-0.127
10522,-0.115
10523,-0.002
10524,-0.127
10525,-0.134
10526,-0.208
10527,-0.371
10528,-0.134
10529,-0.083
10530,-0.232
10531,-0.188
10532,-0.269
10533,-0.12
10534,-0.173
10535,-0.049
10536,-0.22
10537,0.032
10538,-0.122
10539,0.044
10540,0.0
10541,-0.134
10542,-0.073
10543,-0.056
10544,-0.173
10545,-0.164
10546,-0.215
10547,-0.232
10548,-0.159
10549,-0.161
10550,-0.085
10551,-0.154
10552,-0.317
10553,-0.103
10554,-0.054
10555,-0.31
10556,-0.156
10557,0.046
10558,-0.093
10559,-0.103
10560,0.022
10561,-0.205
10562,-0.054
10563,-0.002
10564,-0.015
10565,-0.281
10566,-0.264
10567,-0.21
10568,0.029
10569,-0.12
10570,-0.217
10571,-0.007
10572,-0.239
10573,-0.105
10574,-0.063
10575,-0.217
10576,-0.342
10577,-0.005
10578,0.012
10579,-0.061
10580,-0.232
10581,-0.139
10582,0.212
10583,0.039
10584,-0.168
10585,0.056
10586,-0.134
10587,-0.444
10588,-0.19
10589,-0.305
10590,-0.327
10591,-0.115
10592,0.01
10593,-0.005
10594,-0.183
10595,-0.249
10596,-0.176
10597,0.034
10598,-0.005
10599,-0.134
10600,-0.186
10601,-0.049
10602,0.032
10603,-0.037
10604,-0.134
10605,-0.032
10606,-0.081
10607,-0.176
10608,-0.166
10609,-0.146
10610,-0.073
10611,-0.256
10612,-0.276
10613,-0.166
10614,-0.303
10615,-0.271
10616,-0.156
10617,0.015
10618,0.149
10619,-0.022
10620,-0.073
10621,0.105
10622,-0.173
10623,-0.254
10624,-0.034
10625,0.139
10626,-0.256
10627,-0.176
10628,0.037
10629,-0.022
10630,-0.22
10631,-0.205
10632,-0.144
10633,0.188
10634,0.117
10635,-0.515
10636,-0.403
10637,-0.117
10638,-0.034
10639,0.056
10640,-0.024
10641,-0.22
10642,-0.095
10643,-0.088
10644,-0.303
10645,-0.129
10646,-0.271
10647,-0.139
10648,0.068
10649,-0.129
10650,-0.229
10651,-0.127
10652,-0.154
10653,-0.149
10654,-0.481
10655,-0.4
10656,-0.078
10657,-0.022
10658,-0.051
10659,-0.046
10660,-0.056
10661,-0.278
10662,-0.232
10663,-0.125
10664,-0.022
10665,0.078
10666,0.01
10667,0.059
10668,-0.085
10669,-0.073
10670,-0.127
10671,-0.056
10672,-0.081
10673,-0.093
10674,-0.251
10675,-0.168
10676,-0.017
10677,-0.002
10678,-0.122
10679,-0.151
10680,-0.076
10681,0.002
10682,-0.21
10683,-0.251
10684,-0.049
10685,-0.063
10686,-0.256
10687,-0.312
10688,-0.173
10689,-0.122
10690,-0.156
10691,-0.146
10692,-0.181
10693,-0.212
10694,-0.295
10695,-0.159
10696,-0.015
10697,0.015
10698,-0.154
10699,-0.276
10700,-0.042
10701,-0.063
10702,-0.186
10703,-0.19
10704,-0.017
10705,-0.115
10706,-0.112
10707,0.02
10708,-0.283
10709,-0.308
10710,-0.234
10711,0.071
10712,0.042
10713,-0.308
10714,-0.3
10715,-0.049
10716,0.027
10717,-0.093
10718,-0.034
10719,-0.073
10720,-0.164
10721,-0.117
10722,0.186
10723,-0.068
10724,-0.156
10725,-0.105
10726,0.042
10727,-0.078
10728,-0.332
10729,-0.305
10730,-0.105
10731,-0.002
10732,0.166
10733,-0.212
10734,-0.186
10735,-0.276
10736,-0.312
10737,-0.054
10738,0.112
10739,-0.076
10740,-0.093
10741,-0.103
10742,0.027
10743,-0.212
10744,-0.156
10745,-0.032
10746,0.0
10747,-0.195
10748,-0.271
10749,-0.144
10750,-0.002
10751,-0.017
10752,-0.288
10753,-0.059
10754,-0.137
10755,-0.291
10756,-0.3
10757,-0.049
10758,-0.171
10759,-0.151
10760,0.007
10761,-0.149
10762,-0.103
10763,-0.371
10764,-0.146
10765,0.027
10766,0.034
10767,-0.022
10768,-0.183
10769,-0.364
10770,-0.022
10771,0.154
10772,-0.168
10773,0.039
10774,-0.281
10775,-0.361
10776,0.073
10777,0.254
10778,-0.393
10779,-0.417
10780,0.229
10781,0.129
10782,-0.154
10783,-0.437
10784,-0.017
10785,-0.178
10786,-0.288
10787,-0.081
10788,0.198
10789,-0.337
10790,-0.188
10791,0.093
10792,-0.173
10793,-0.271
10794,-0.215
10795,0.154
10796,0.103
10797,-0.046
10798,-0.078
10799,-0.117
10800,-0.22
10801,0.012
10802,-0.078
10803,-0.444
10804,0.049
10805,-0.164
10806,-0.117
10807,-0.027
10808,-0.017
10809,-0.071
10810,-0.305
10811,-0.173
10812,-0.103
10813,-0.042
10814,-0.227
10815,0.137
10816,0.024
10817,0.093
10818,0.0
10819,0.173
10820,-0.098
10821,-0.083
10822,-0.093
10823,0.049
10824,0.171
10825,-0.117
10826,-0.156
10827,-0.3
10828,-0.183
10829,-0.19
10830,-0.068
10831,-0.259
10832,-0.19
10833,0.002
10834,-0.139
10835,-0.051
10836,-0.283
10837,-0.122
10838,-0.122
10839,-0.088
10840,-0.066
10841,0.034
10842,0.112
10843,-0.042
10844,-0.161
10845,-0.244
10846,-0.176
10847,-0.212
10848,-0.088
10849,-0.234
10850,-0.181
10851,-0.356
10852,-0.232
10853,-0.288
10854,-0.293
10855,-0.042
10856,0.01
10857,-0.088
10858,-0.159
10859,-0.029
10860,-0.095
10861,0.066
10862,0.002
10863,-0.054
10864,-0.144
10865,-0.22
10866,-0.049
10867,-0.02
10868,-0.193
10869,-0.144
10870,0.073
10871,-0.186
10872,-0.068
10873,-0.146
10874,-0.139
10875,-0.105
10876,-0.095
10877,-0.078
10878,-0.271
10879,-0.212
10880,-0.161
10881,0.115
10882,-0.098
10883,-0.059
10884,-0.129
10885,-0.046
10886,-0.234
10887,-0.156
10888,-0.044
10889,-0.122
10890,0.005
10891,-0.081
10892,0.0
10893,-0.383
10894,-0.232
10895,-0.088
10896,0.027
10897,0.081
10898,-0.227
10899,-0.095
10900,0.327
10901,0.02
10902,-0.381
10903,0.093
10904,0.022
10905,-0.127
10906,-0.024
10907,-0.122
10908,-0.007
10909,-0.103
10910,-0.212
10911,-0.334
10912,-0.022
10913,-0.271
10914,0.095
10915,-0.159
10916,-0.225
10917,-0.002
10918,-0.061
10919,-0.132
10920,-0.183
10921,-0.007
10922,-0.181
10923,-0.088
10924,-0.159
10925,-0.161
10926,-0.186
10927,-0.249
10928,-0.205
10929,-0.21
10930,-0.312
10931,-0.264
10932,-0.015
10933,-0.361
10934,-0.247
10935,-0.308
10936,0.039
10937,0.095
10938,-0.024
10939,-0.271
10940,0.122
10941,0.239
10942,-0.352
10943,-0.059
10944,-0.139
10945,-0.176
10946,0.037
10947,-0.012
10948,-0.271
10949,-0.371
10950,-0.315
10951,-0.103
10952,0.02
10953,-0.361
10954,-0.273
10955,-0.217
10956,-0.464
10957,-0.068
10958,0.049
10959,-0.193
10960,-0.186
10961,0.09
10962,-0.122
10963,-0.012
10964,-0.173
10965,-0.005
10966,-0.002
10967,-0.081
10968,-0.281
10969,0.0
10970,-0.051
10971,-0.142
10972,-0.132
10973,-0.237
10974,-0.059
10975,-0.012
10976,-0.195
10977,0.017
10978,0.024
10979,-0.298
10980,-0.305
10981,-0.022
10982,-0.078
10983,0.007
10984,-0.21
10985,0.015
10986,-0.056
10987,-0.244
10988,-0.239
10989,0.122
10990,-0.417
10991,-0.159
10992,-0.225
10993,-0.393
10994,-0.002
10995,0.027
10996,-0.544
10997,-0.146
10998,-0.12
10999,-0.571
11000,0.027
11001,0.024
11002,-0.281
11003,-0.002
11004,-0.171
11005,-0.127
11006,-0.017
11007,-0.159
11008,-0.112
11009,0.0
11010,-0.415
11011,-0.142
11012,-0.044
11013,-0.183
11014,-0.088
11015,-0.007
11016,-0.303
11017,-0.059
11018,0.068
11019,-0.278
11020,0.164
11021,0.291
11022,0.159
11023,-0.203
11024,-0.098
11025,-0.017
11026,0.054
11027,-0.212
11028,-0.193
11029,0.137
11030,-0.251
11031,-0.334
11032,0.11
11033,-0.208
11034,-0.444
11035,-0.127
11036,-0.073
11037,-0.2
11038,-0.061
11039,-0.256
11040,-0.415
11041,-0.19
11042,-0.208
11043,-0.125
11044,-0.083
11045,-0.171
11046,0.015
11047,0.085
11048,-0.278
11049,-0.083
11050,-0.11
11051,0.103
11052,-0.159
11053,-0.278
11054,-0.222
11055,-0.032
11056,-0.227
11057,-0.222
11058,-0.037
11059,-0.027
11060,-0.049
11061,-0.027
11062,0.024
11063,-0.11
11064,-0.042
11065,-0.049
11066,0.044
11067,-0.259
11068,-0.222
11069,0.032
11070,-0.095
11071,-0.22
11072,-0.049
11073,-0.239
11074,-0.222
11075,0.044
11076,-0.166
11077,-0.161
11078,-0.288
11079,-0.11
11080,-0.059
11081,-0.195
11082,-0.081
11083,-0.01
11084,-0.027
11085,-0.159
11086,0.002
11087,-0.151
11088,0.002
11089,-0.115
11090,-0.234
11091,-0.195
11092,-0.125
11093,-0.095
11094,-0.149
11095,-0.183
11096,-0.151
11097,-0.403
11098,-0.227
11099,0.183
11100,-0.002
11101,-0.244
11102,-0.295
11103,-0.09
11104,0.229
11105,-0.186
11106,-0.149
11107,0.266
11108,0.247
11109,-0.205
11110,-0.156
11111,-0.051
11112,-0.161
11113,0.044
11114,-0.068
11115,-0.149
11116,-0.332
11117,-0.078
11118,-0.151
11119,-0.242
11120,-0.249
11121,-0.247
11122,-0.188
11123,-0.186
11124,0.051
11125,-0.034
11126,-0.098
11127,-0.176
11128,0.103
11129,-0.122
11130,-0.168
11131,-0.239
11132,-0.056
11133,-0.132
11134,-0.134
11135,-0.164
11136,-0.115
11137,-0.146
11138,-0.173
11139,0.063
11140,-0.146
11141,-0.129
11142,-0.112
11143,-0.093
11144,0.22
11145,0.093
11146,-0.127
11147,-0.117
11148,0.085
11149,-0.288
11150,0.012
11151,-0.037
11152,-0.19
11153,-0.11
11154,-0.11
11155,-0.3
11156,-0.2
11157,-0.132
11158,-0.098
11159,-0.015
11160,-0.256
11161,-0.015
11162,-0.068
11163,-0.215
11164,-0.193
11165,0.33
11166,0.0
11167,-0.205
11168,-0.134
11169,-0.034
11170,-0.183
11171,-0.171
11172,-0.181
11173,-0.176
11174,-0.156
11175,-0.386
11176,-0.166
11177,-0.122
11178,-0.271
11179,0.024
11180,-0.159
11181,-0.156
11182,-0.107
11183,-0.178
11184,-0.134
11185,-0.166
11186,-0.215
11187,-0.088
11188,0.078
11189,-0.076
11190,-0.244
11191,-0.107
11192,-0.078
11193,0.095
11194,-0.222
11195,-0.249
11196,-0.098
11197,-0.002
11198,-0.105
11199,-0.054
11200,-0.315
11201,-0.356
11202,-0.137
11203,-0.19
11204,-0.032
11205,-0.129
11206,-0.151
11207,-0.071
11208,-0.044
11209,-0.134
11210,-0.11
11211,-0.244
11212,-0.154
11213,-0.015
11214,-0.334
11215,-0.339
11216,-0.229
11217,-0.068
11218,-0.237
11219,-0.166
11220,-0.125
11221,0.107
11222,-0.027
11223,-0.308
11224,-0.078
11225,-0.037
11226,-0.037
11227,-0.232
11228,-0.061
11229,-0.339
11230,-0.156
11231,-0.11
11232,-0.098
11233,-0.1
11234,-0.144
11235,0.012
11236,0.002
11237,-0.005
11238,-0.479
11239,-0.017
11240,0.044
11241,-0.159
11242,-0.149
11243,-0.085
11244,-0.166
11245,-0.186
11246,-0.2
11247,-0.237
11248,0.093
11249,-0.437
11250,-0.032
11251,-0.017
11252,-0.156
11253,-0.068
11254,0.088
11255,-0.088
11256,-0.276
11257,-0.085
11258,-0.195
11259,-0.21
11260,-0.405
11261,-0.144
11262,-0.244
11263,-0.183
11264,-0.225
11265,0.032
11266,-0.049
11267,-0.305
11268,0.046
11269,-0.122
11270,-0.017
11271,-0.103
11272,-0.044
11273,-0.256
11274,-0.22
11275,-0.305
11276,-0.098
11277,-0.271
11278,-0.364
11279,-0.229
11280,-0.161
11281,-0.195
11282,-0.161
11283,-0.02
11284,0.029
11285,-0.088
11286,-0.171
11287,-0.154
11288,-0.02
11289,-0.125
11290,-0.254
11291,-0.139
11292,0.212
11293,-0.229
11294,-0.247
11295,-0.115
11296,-0.127
11297,-0.337
11298,-0.125
11299,0.073
11300,-0.239
11301,-0.156
11302,-0.168
11303,0.127
11304,-0.242
11305,-0.266
11306,-0.144
11307,0.039
11308,-0.186
11309,-0.039
11310,0.042
11311,-0.134
11312,-0.12
11313,-0.22
11314,-0.083
11315,-0.037
11316,-0.012
11317,-0.11
11318,-0.112
11319,-0.127
11320,-0.403
11321,-0.154
11322,-0.164
11323,0.122
11324,-0.039
11325,-0.312
11326,-0.176
11327,-0.1
11328,-0.166
11329,-0.159
11330,0.054
11331,-0.029
11332,-0.144
11333,-0.322
11334,0.024
11335,-0.117
11336,-0.3
11337,-0.283
11338,0.005
11339,-0.02
11340,-0.156
11341,0.122
11342,-0.073
11343,-0.112
11344,-0.183
11345,0.144
11346,-0.015
11347,-0.056
11348,-0.132
11349,0.105
11350,0.063
11351,-0.239
11352,-0.034
11353,-0.195
11354,-0.327
11355,-0.33
11356,-0.059
11357,0.027
11358,-0.103
11359,-0.276
11360,-0.156
11361,0.127
11362,-0.071
11363,-0.103
11364,-0.056
11365,-0.02
11366,-0.105
11367,-0.144
11368,-0.149
11369,-0.017
11370,-0.208
11371,-0.227
11372,-0.1
11373,-0.259
11374,-0.193
11375,-0.391
11376,-0.205
11377,-0.066
11378,-0.203
11379,-0.361
11380,-0.164
11381,-0.203
11382,-0.249
11383,-0.09
11384,-0.088
11385,-0.083
11386,-0.122
11387,-0.068
11388,-0.2
11389,-0.186
11390,-0.183
11391,-0.068
11392,-0.051
11393,-0.232
11394,-0.188
11395,-0.081
11396,-0.076
11397,-0.244
11398,0.081
11399,-0.071
11400,0.029
11401,-0.095
11402,-0.054
11403,0.066
11404,-0.105
11405,-0.098
11406,-0.134
11407,0.044
11408,-0.232
11409,-0.015
11410,-0.044
11411,-0.181
11412,-0.186
11413,-0.139
11414,-0.137
11415,-0.127
11416,-0.254
11417,-0.562
11418,-0.444
11419,-0.095
11420,0.139
11421,-0.254
11422,-0.156
11423,-0.171
11424,-0.093
11425,-0.073
11426,-0.198
11427,0.107
11428,-0.027
11429,-0.125
11430,-0.2
11431,0.154
11432,-0.205
11433,-0.127
11434,-0.017
11435,-0.024
11436,-0.195
11437,-0.264
11438,-0.103
11439,-0.107
11440,-0.127
11441,-0.276
11442,-0.083
11443,-0.12
11444,-0.085
11445,-0.142
11446,-0.156
11447,0.071
11448,-0.173
11449,-0.132
11450,-0.01
11451,0.046
11452,-0.117
11453,-0.034
11454,-0.225
11455,-0.347
11456,-0.044
11457,-0.046
11458,-0.017
11459,-0.342
11460,-0.188
11461,-0.242
11462,-0.178
11463,-0.261
11464,-0.081
11465,-0.12
11466,-0.173
11467,-0.198
11468,-0.134
11469,0.046
11470,-0.281
11471,-0.171
11472,0.149
11473,0.132
11474,-0.203
11475,-0.215
11476,-0.012
11477,-0.032
11478,-0.09
11479,-0.164
11480,0.015
11481,-0.193
11482,-0.208
11483,-0.239
11484,-0.168
11485,-0.166
11486,-0.046
11487,-0.125
11488,-0.151
11489,-0.032
11490,-0.117
11491,-0.144
11492,-0.061
11493,-0.11
11494,-0.461
11495,-0.305
11496,-0.081
11497,-0.276
11498,-0.315
11499,-0.088
11500,0.071
11501,-0.122
11502,-0.237
11503,-0.078
11504,0.103
11505,-0.134
11506,-0.061
11507,-0.217
11508,0.002
11509,0.554
11510,0.342
11511,-0.566
11512,-0.535
11513,0.007
11514,0.063
11515,-0.068
11516,-0.078
11517,0.127
11518,-0.049
11519,-0.295
11520,-0.327
11521,-0.107
11522,0.0
11523,-0.251
11524,-0.02
11525,-0.029
11526,-0.093
11527,-0.239
11528,-0.059
11529,-0.156
11530,-0.046
11531,-0.039
11532,-0.205
11533,0.012
11534,-0.071
11535,-0.195
11536,-0.366
11537,-0.071
11538,-0.117
11539,-0.056
11540,-0.3
11541,-0.208
11542,-0.127
11543,-0.161
11544,-0.017
11545,0.017
11546,-0.032
11547,-0.144
11548,0.005
11549,-0.076
11550,-0.029
11551,-0.132
11552,-0.159
11553,-0.161
11554,0.015
11555,-0.007
11556,-0.276
11557,-0.095
11558,-0.098
11559,-0.081
11560,-0.396
11561,-0.259
11562,-0.061
11563,-0.232
11564,-0.186
11565,-0.117
11566,-0.059
11567,-0.137
11568,-0.112
11569,-0.166
11570,-0.005
11571,-0.027
11572,-0.085
11573,-0.049
11574,-0.237
11575,-0.112
11576,-0.212
11577,0.015
11578,-0.217
11579,-0.19
11580,-0.156
11581,-0.125
11582,-0.156
11583,-0.063
11584,-0.234
11585,-0.107
11586,-0.073
11587,-0.161
11588,-0.115
11589,-0.137
11590,0.122
11591,0.029
11592,-0.022
11593,-0.144
11594,0.0
11595,0.117
11596,-0.166
11597,-0.078
11598,-0.049
11599,-0.059
11600,-0.103
11601,-0.125
11602,-0.144
11603,-0.046
11604,-0.229
11605,-0.156
11606,-0.063
11607,-0.234
11608,-0.178
11609,-0.283
11610,-0.117
11611,-0.063
11612,0.015
11613,-0.271
11614,-0.227
11615,-0.178
11616,-0.112
11617,-0.159
11618,-0.046
11619,-0.073
11620,-0.374
11621,-0.215
11622,-0.103
11623,-0.081
11624,-0.291
11625,-0.144
11626,-0.144
11627,-0.195
11628,-0.098
11629,-0.083
11630,-0.024
11631,-0.154
11632,-0.049
11633,0.029
11634,0.061
11635,-0.098
11636,-0.063
11637,-0.149
11638,-0.081
11639,-0.083
11640,-0.227
11641,-0.144
11642,-0.205
11643,-0.112
11644,-0.122
11645,-0.022
11646,-0.222
11647,-0.217
11648,-0.061
11649,0.007
11650,-0.073
11651,-0.139
11652,-0.093
11653,-0.037
11654,0.149
11655,-0.244
11656,-0.146
11657,-0.068
11658,-0.061
11659,-0.176
11660,-0.247
11661,-0.127
11662,-0.178
11663,-0.061
11664,-0.237
11665,-0.151
11666,-0.278
11667,-0.042
11668,-0.029
11669,-0.078
11670,-0.122
11671,0.01
11672,0.027
11673,-0.095
11674,0.085
11675,-0.273
11676,-0.154
11677,-0.015
11678,0.073
11679,0.005
11680,-0.125
11681,-0.088
11682,-0.249
11683,-0.063
11684,-0.002
11685,-0.046
11686,-0.232
11687,-0.139
11688,-0.239
11689,-0.073
11690,-0.205
11691,-0.237
11692,-0.061
11693,-0.117
11694,-0.061
11695,-0.042
11696,-0.037
11697,-0.203
11698,-0.103
11699,-0.127
11700,-0.149
11701,-0.161
11702,-0.183
11703,-0.132
11704,-0.237
11705,-0.034
11706,-0.159
11707,-0.164
11708,-0.208
11709,0.037
11710,-0.012
11711,-0.198
11712,-0.083
11713,-0.054
11714,-0.251
11715,-0.156
11716,-0.015
11717,-0.09
11718,-0.156
11719,-0.295
11720,0.195
11721,0.203
11722,-0.161
11723,-0.159
11724,-0.054
11725,-0.063
11726,-0.078
11727,-0.007
11728,-0.242
11729,-0.098
11730,-0.063
11731,-0.159
11732,0.034
11733,-0.239
11734,-0.261
11735,0.046
11736,-0.071
11737,-0.43
11738,-0.017
11739,-0.156
11740,-0.093
11741,-0.103
11742,-0.176
11743,-0.125
11744,-0.083
11745,-0.056
11746,0.037
11747,0.0
11748,-0.183
11749,-0.059
11750,-0.183
11751,-0.156
11752,-0.129
11753,-0.168
11754,-0.159
11755,0.015
11756,-0.073
11757,-0.215
11758,-0.027
11759,-0.144
11760,-0.032
11761,-0.042
11762,-0.078
11763,-0.159
11764,-0.154
11765,-0.171
11766,-0.095
11767,-0.051
11768,-0.256
11769,-0.151
11770,-0.242
11771,-0.208
11772,-0.161
11773,-0.085
11774,-0.107
11775,-0.217
11776,-0.186
11777,-0.1
11778,0.0
11779,-0.071
11780,-0.061
11781,-0.234
11782,-0.154
11783,-0.1
11784,-0.146
11785,-0.256
11786,-0.059
11787,-0.105
11788,-0.176
11789,-0.037
11790,-0.164
11791,-0.071
11792,-0.105
11793,-0.208
11794,-0.071
11795,-0.034
11796,-0.078
11797,0.002
11798,0.115
11799,-0.19
11800,-0.293
11801,-0.325
11802,0.061
11803,-0.078
11804,-0.337
11805,-0.266
11806,0.068
11807,-0.183
11808,-0.273
11809,-0.12
11810,-0.288
11811,-0.276
11812,-0.168
11813,-0.054
11814,-0.112
11815,-0.161
11816,-0.046
11817,-0.122
11818,-0.132
11819,0.007
11820,-0.095
11821,-0.408
11822,-0.173
11823,-0.251
11824,-0.059
11825,-0.164
11826,-0.017
11827,0.083
11828,-0.078
11829,-0.325
11830,-0.164
11831,0.022
11832,0.093
11833,0.005
11834,-0.142
11835,-0.159
11836,-0.234
11837,-0.122
11838,0.056
11839,-0.117
11840,-0.208
11841,-0.073
11842,0.002
11843,-0.283
11844,-0.203
11845,-0.005
11846,-0.247
11847,-0.317
11848,-0.073
11849,0.051
11850,0.0
11851,-0.183
11852,-0.024
11853,0.037
11854,-0.156
11855,-0.103
11856,-0.132
11857,-0.049
11858,-0.295
11859,-0.227
11860,0.042
11861,0.1
11862,-0.029
11863,-0.396
11864,-0.056
11865,-0.037
11866,-0.203
11867,-0.283
11868,-0.12
11869,-0.095
11870,-0.107
11871,-0.132
11872,-0.076
11873,-0.225
11874,-0.083
11875,0.144
11876,0.056
11877,-0.024
11878,-0.081
11879,-0.088
11880,-0.256
11881,-0.176
11882,-0.015
11883,-0.166
11884,-0.19
11885,-0.266
11886,-0.137
11887,-0.137
11888,-0.117
11889,-0.264
11890,-0.254
11891,-0.295
11892,-0.381
11893,-0.098
11894,0.037
11895,-0.103
11896,-0.291
11897,-0.073
11898,-0.269
11899,0.01
11900,-0.134
11901,-0.115
11902,-0.093
11903,-0.378
11904,-0.222
11905,-0.198
11906,-0.034
11907,0.0
11908,-0.142
11909,-0.239
11910,-0.115
11911,-0.105
11912,-0.149
11913,-0.066
11914,-0.007
11915,-0.266
11916,-0.093
11917,0.007
11918,-0.208
11919,-0.305
11920,0.085
11921,0.139
11922,-0.1
11923,-0.059
11924,-0.132
11925,-0.266
11926,-0.205
11927,-0.149
11928,-0.044
11929,-0.107
11930,-0.078
11931,-0.088
11932,-0.144
11933,-0.171
11934,-0.073
11935,-0.015
11936,-0.11
11937,-0.105
11938,-0.103
11939,-0.234
11940,-0.444
11941,-0.332
11942,-0.193
11943,-0.21
11944,-0.281
11945,-0.134
11946,-0.193
11947,-0.227
11948,-0.054
11949,-0.012
11950,-0.029
11951,-0.059
11952,-0.071
11953,-0.2
11954,-0.103
11955,-0.146
11956,0.039
11957,0.034
11958,-0.315
11959,-0.159
11960,-0.022
11961,-0.127
11962,-0.31
11963,-0.066
11964,-0.225
11965,-0.286
11966,-0.195
11967,-0.225
11968,-0.273
11969,-0.117
11970,-0.027
11971,0.032
11972,-0.383
11973,-0.479
11974,0.01
11975,0.027
11976,-0.083
11977,-0.149
11978,-0.127
11979,-0.22
11980,-0.056
11981,-0.032
11982,-0.239
11983,-0.349
11984,-0.437
11985,-0.02
11986,0.012
11987,-0.347
11988,-0.374
11989,-0.151
11990,-0.117
11991,-0.02
11992,-0.078
11993,-0.122
11994,-0.085
11995,-0.081
11996,-0.002
11997,0.01
11998,-0.09
11999,-0.044
12000,0.134
12001,-0.146
12002,-0.044
12003,0.01
12004,-0.242
12005,-0.117
12006,-0.151
12007,-0.352
12008,-0.374
12009,-0.098
12010,-0.022
12011,-0.081
12012,-0.149
12013,-0.09
12014,-0.117
12015,-0.349
12016,-0.134
12017,-0.063
12018,-0.056
12019,-0.173
12020,-0.037
12021,0.195
12022,-0.212
12023,-0.105
12024,0.056
12025,-0.022
12026,-0.259
12027,-0.161
12028,-0.21
12029,0.073
12030,-0.225
12031,-0.085
12032,-0.288
12033,-0.166
12034,-0.081
12035,-0.161
12036,-0.12
12037,-0.181
12038,-0.117
12039,-0.11
12040,-0.156
12041,-0.173
12042,-0.195
12043,-0.249
12044,-0.137
12045,-0.017
12046,-0.156
12047,-0.193
12048,-0.208
12049,-0.017
12050,-0.1
12051,-0.007
12052,-0.122
12053,-0.105
12054,-0.137
12055,-0.129
12056,0.093
12057,-0.071
12058,-0.183
12059,-0.225
12060,-0.015
12061,-0.054
12062,-0.161
12063,-0.203
12064,-0.181
12065,-0.073
12066,-0.125
12067,-0.215
12068,-0.334
12069,-0.188
12070,-0.098
12071,-0.078
12072,-0.149
12073,-0.22
12074,0.044
12075,0.032
12076,0.01
12077,-0.098
12078,-0.061
12079,-0.176
12080,-0.059
12081,-0.22
12082,-0.186
12083,-0.21
12084,-0.356
12085,-0.034
12086,0.146
12087,-0.254
12088,-0.352
12089,0.042
12090,-0.09
12091,-0.195
12092,-0.259
12093,-0.076
12094,-0.098
12095,-0.039
12096,-0.186
12097,-0.034
12098,-0.195
12099,-0.247
12100,-0.01
12101,-0.134
12102,-0.083
12103,-0.02
12104,-0.183
12105,-0.171
12106,-0.164
12107,-0.198
12108,-0.164
12109,-0.215
12110,-0.208
12111,-0.029
12112,-0.215
12113,-0.229
12114,0.037
12115,-0.173
12116,-0.269
12117,0.12
12118,0.1
12119,-0.286
12120,0.042
12121,-0.007
12122,-0.137
12123,-0.288
12124,-0.312
12125,-0.09
12126,0.02
12127,-0.322
12128,-0.208
12129,-0.066
12130,-0.19
12131,-0.066
12132,-0.244
12133,-0.232
12134,-0.251
12135,-0.325
12136,-0.151
12137,-0.01
12138,-0.166
12139,-0.352
12140,-0.061
12141,-0.049
12142,-0.002
12143,-0.042
12144,0.002
12145,0.002
12146,0.024
12147,-0.054
12148,-0.156
12149,-0.181
12150,-0.232
12151,0.068
12152,0.039
12153,-0.105
12154,-0.181
12155,0.024
12156,-0.049
12157,-0.178
12158,-0.239
12159,0.063
12160,0.02
12161,-0.122
12162,-0.063
12163,-0.164
12164,-0.039
12165,-0.125
12166,-0.056
12167,-0.212
12168,-0.037
12169,-0.017
12170,-0.107
12171,-0.017
12172,-0.166
12173,-0.098
12174,-0.398
12175,0.1
12176,-0.103
12177,-0.352
12178,0.017
12179,0.098
12180,-0.122
12181,0.161
12182,0.269
12183,-0.22
12184,-0.466
12185,-0.083
12186,0.112
12187,-0.093
12188,-0.159
12189,0.071
12190,-0.034
12191,-0.295
12192,-0.244
12193,-0.103
12194,-0.159
12195,-0.042
12196,0.017
12197,-0.054
12198,-0.066
12199,-0.059
12200,-0.12
12201,-0.046
12202,0.042
12203,0.005
12204,0.005
12205,-0.002
12206,0.032
12207,-0.007
12208,-0.244
12209,-0.127
12210,0.068
12211,-0.066
12212,-0.151
12213,-0.168
12214,-0.215
12215,-0.149
12216,0.005
12217,-0.039
12218,-0.066
12219,-0.129
12220,-0.046
12221,0.029
12222,-0.083
12223,0.015
12224,-0.061
12225,0.029
12226,-0.007
12227,-0.205
12228,-0.259
12229,-0.122
12230,-0.198
12231,-0.356
12232,-0.208
12233,-0.369
12234,-0.364
12235,-0.129
12236,0.007
12237,0.005
12238,-0.134
12239,-0.046
12240,0.095
12241,-0.02
12242,-0.232
12243,-0.139
12244,0.046
12245,0.002
12246,-0.125
12247,-0.037
12248,0.063
12249,-0.178
12250,-0.232
12251,-0.339
12252,-0.217
12253,-0.161
12254,-0.125
12255,-0.095
12256,0.024
12257,-0.178
12258,-0.33
12259,-0.088
12260,-0.156
12261,-0.144
12262,-0.195
12263,0.054
12264,-0.039
12265,-0.105
12266,-0.339
12267,-0.01
12268,0.049
12269,-0.171
12270,-0.244
12271,-0.183
12272,-0.105
12273,-0.066
12274,-0.107
12275,-0.222
12276,-0.244
12277,-0.203
12278,-0.098
12279,-0.015
12280,-0.127
12281,-0.078
12282,-0.105
12283,0.012
12284,0.046
12285,0.049
12286,-0.088
12287,-0.237
12288,-0.02
12289,-0.115
12290,-0.166
12291,-0.198
12292,-0.144
12293,-0.164
12294,-0.159
12295,-0.22
12296,-0.251
12297,-0.273
12298,-0.037
12299,-0.024
12300,-0.212
12301,-0.332
12302,-0.061
12303,-0.01
12304,-0.117
12305,-0.037
12306,-0.605
12307,-0.813
12308,-0.474
12309,-0.288
12310,-0.044
12311,0.308
12312,0.09
12313,0.322
12314,-0.088
12315,-0.452
12316,-0.232
12317,-0.283
12318,-0.273
12319,0.0
12320,0.11
12321,-0.122
12322,-0.125
12323,0.073
12324,-0.115
12325,0.0
12326,0.024
12327,0.149
12328,-0.071
12329,-0.208
12330,-0.02
12331,0.015
12332,-0.159
12333,-0.312
12334,-0.164
12335,-0.051
12336,-0.017
12337,-0.269
12338,-0.232
12339,-0.176
12340,-0.095
12341,-0.095
12342,-0.325
12343,-0.237
12344,-0.193
12345,0.056
12346,0.063
12347,0.081
12348,-0.12
12349,-0.161
12350,0.085
12351,0.051
12352,-0.049
12353,-0.205
12354,-0.117
12355,-0.007
12356,-0.144
12357,-0.266
12358,-0.222
12359,-0.061
12360,-0.073
12361,-0.176
12362,-0.095
12363,0.093
12364,-0.066
12365,-0.095
12366,0.01
12367,0.083
12368,-0.215
12369,-0.127
12370,0.073
12371,-0.085
12372,0.012
12373,-0.215
12374,-0.176
12375,-0.093
12376,-0.142
12377,-0.051
12378,0.032
12379,-0.203
12380,-0.222
12381,-0.098
12382,-0.059
12383,-0.107
12384,-0.186
12385,-0.205
12386,-0.229
12387,-0.107
12388,-0.21
12389,-0.12
12390,-0.142
12391,-0.154
12392,-0.105
12393,-0.215
12394,-0.237
12395,-0.232
12396,-0.205
12397,-0.078
12398,-0.212
12399,-0.254
12400,-0.054
12401,-0.017
12402,0.073
12403,-0.012
12404,-0.259
12405,-0.161
12406,-0.244
12407,-0.095
12408,-0.068
12409,-0.122
12410,-0.183
12411,-0.181
12412,-0.042
12413,-0.195
12414,-0.076
12415,-0.054
12416,0.022
12417,-0.173
12418,-0.134
12419,-0.242
12420,-0.181
12421,-0.042
12422,-0.051
12423,-0.083
12424,-0.078
12425,-0.083
12426,-0.251
12427,-0.142
12428,-0.095
12429,0.0
12430,-0.168
12431,-0.078
12432,-0.088
12433,-0.276
12434,-0.251
12435,-0.342
12436,-0.059
12437,-0.076
12438,-0.227
12439,-0.254
12440,-0.083
12441,-0.156
12442,-0.117
12443,0.137
12444,0.078
12445,-0.039
12446,-0.015
12447,0.027
12448,-0.344
12449,-0.02
12450,-0.076
12451,-0.122
12452,-0.042
12453,-0.278
12454,-0.032
12455,0.281
12456,-0.085
12457,-0.322
12458,-0.005
12459,-0.044
12460,-0.149
12461,-0.19
12462,-0.188
12463,-0.061
12464,0.032
12465,-0.21
12466,0.085
12467,0.151
12468,-0.234
12469,-0.208
12470,-0.186
12471,-0.098
12472,-0.315
12473,-0.088
12474,-0.12
12475,-0.115
12476,-0.229
12477,-0.173
12478,-0.046
12479,0.103
12480,-0.056
12481,-0.171
12482,0.017
12483,0.117
12484,-0.12
12485,-0.168
12486,-0.005
12487,-0.029
12488,-0.095
12489,-0.166
12490,0.0
12491,-0.037
12492,-0.215
12493,-0.276
12494,-0.122
12495,-0.303
12496,-0.303
12497,-0.105
12498,0.073
12499,-0.146
12500,-0.347
12501,-0.259
12502,0.012
12503,-0.042
12504,-0.247
12505,-0.037
12506,-0.029
12507,-0.195
12508,-0.244
12509,-0.076
12510,-0.151
12511,-0.132
12512,-0.154
12513,-0.061
12514,-0.186
12515,-0.266
12516,-0.166
12517,-0.007
12518,-0.22
12519,-0.366
12520,-0.054
12521,0.117
12522,0.024
12523,-0.054
12524,0.034
12525,-0.093
12526,-0.071
12527,-0.132
12528,0.027
12529,0.037
12530,-0.166
12531,-0.293
12532,-0.181
12533,-0.115
12534,-0.012
12535,-0.247
12536,-0.115
12537,0.029
12538,-0.002
12539,-0.95
12540,-1.233
12541,-0.31
12542,-0.269
12543,-0.315
12544,-0.095
12545,0.125
12546,0.029
12547,-0.322
12548,-0.276
12549,0.232
12550,0.044
12551,-0.054
12552,0.203
12553,-0.078
12554,-0.283
12555,-0.134
12556,-0.393
12557,-0.278
12558,-0.171
12559,-0.198
12560,-0.129
12561,-0.098
12562,-0.166
12563,-0.015
12564,0.049
12565,0.005
12566,0.134
12567,-0.171
12568,-0.178
12569,-0.01
12570,-0.063
12571,-0.178
12572,0.005
12573,-0.112
12574,-0.188
12575,-0.22
12576,-0.186
12577,-0.027
12578,-0.408
12579,-0.203
12580,-0.181
12581,-0.344
12582,-0.312
12583,-0.063
12584,-0.071
12585,-0.117
12586,-0.173
12587,-0.051
12588,0.132
12589,-0.117
12590,-0.237
12591,-0.049
12592,0.037
12593,-0.19
12594,-0.078
12595,-0.2
12596,-0.259
12597,-0.178
12598,-0.017
12599,0.095
12600,-0.056
12601,-0.3
12602,-0.083
12603,0.044
12604,-0.166
12605,-0.061
12606,-0.103
12607,-0.049
12608,-0.1
12609,-0.232
12610,-0.049
12611,-0.029
12612,0.044
12613,-0.229
12614,-0.21
12615,-0.098
12616,0.022
12617,-0.21
12618,-0.227
12619,-0.063
12620,-0.295
12621,-0.195
12622,-0.144
12623,-0.181
12624,-0.19
12625,0.029
12626,-0.088
12627,-0.1
12628,-0.029
12629,0.039
12630,0.054
12631,-0.234
12632,-0.039
12633,-0.173
12634,-0.283
12635,-0.09
12636,-0.105
12637,-0.344
12638,-0.168
12639,-0.132
12640,-0.195
12641,-0.117
12642,0.0
12643,0.005
12644,0.024
12645,-0.066
12646,-0.132
12647,-0.093
12648,-0.024
12649,0.059
12650,0.012
12651,-0.315
12652,-0.217
12653,-0.112
12654,-0.098
12655,-0.151
12656,-0.073
12657,-0.303
12658,-0.11
12659,-0.105
12660,-0.178
12661,-0.178
12662,-0.171
12663,-0.186
12664,-0.381
12665,-0.129
12666,-0.073
12667,0.034
12668,-0.107
12669,-0.181
12670,-0.032
12671,-0.122
12672,-0.144
12673,-0.11
12674,-0.071
12675,-0.237
12676,-0.166
12677,-0.2
12678,-0.156
12679,-0.139
12680,0.005
12681,-0.085
12682,-0.251
12683,-0.166
12684,-0.005
12685,-0.181
12686,-0.22
12687,0.017
12688,-0.186
12689,-0.039
12690,-0.088
12691,-0.02
12692,-0.181
12693,0.0
12694,-0.127
12695,-0.151
12696,-0.166
12697,-0.115
12698,-0.251
12699,-0.195
12700,-0.112
12701,-0.215
12702,-0.115
12703,-0.027
12704,-0.029
12705,-0.227
12706,-0.129
12707,-0.042
12708,-0.039
12709,0.125
12710,0.076
12711,-0.254
12712,-0.266
12713,0.017
12714,-0.164
12715,-0.032
12716,0.012
12717,-0.032
12718,-0.046
12719,-0.02
12720,-0.007
12721,-0.007
12722,-0.173
12723,-0.09
12724,0.034
12725,-0.134
12726,-0.071
12727,0.085
12728,-0.237
12729,-0.024
12730,0.144
12731,-0.039
12732,-0.132
12733,-0.181
12734,-0.229
12735,-0.076
12736,-0.291
12737,-0.435
12738,-0.039
12739,-0.222
12740,-0.166
12741,0.115
12742,-0.02
12743,-0.222
12744,0.051
12745,-0.188
12746,-0.037
12747,-0.093
12748,-0.276
12749,-0.024
12750,0.027
12751,-0.203
12752,-0.132
12753,0.01
12754,-0.046
12755,-0.039
12756,-0.195
12757,-0.183
12758,-0.186
12759,-0.259
12760,-0.229
12761,-0.037
12762,-0.298
12763,-0.229
12764,-0.208
12765,0.0
12766,-0.01
12767,-0.117
12768,0.002
12769,-0.002
12770,0.002
12771,-0.112
12772,-0.049
12773,-0.276
12774,-0.073
12775,0.051
12776,-0.12
12777,-0.098
12778,0.005
12779,-0.166
12780,-0.266
12781,-0.332
12782,0.071
12783,0.073
12784,-0.217
12785,-0.291
12786,-0.029
12787,-0.127
12788,-0.151
12789,-0.015
12790,0.063
12791,-0.22
12792,-0.403
12793,-0.061
12794,-0.044
12795,-0.227
12796,-0.203
12797,-0.188
12798,-0.225
12799,-0.237
12800,-0.12
12801,-0.283
12802,-0.193
12803,-0.088
12804,0.017
12805,0.02
12806,0.115
12807,-0.183
12808,-0.098
12809,-0.005
12810,-0.012
12811,-0.034
12812,0.144
12813,-0.115
12814,-0.276
12815,-0.2
12816,0.022
12817,0.027
12818,-0.056
12819,-0.042
12820,-0.312
12821,-0.071
12822,-0.088
12823,-0.251
12824,-0.01
12825,0.034
12826,-0.098
12827,-0.173
12828,-0.059
12829,-0.161
12830,-0.039
12831,-0.195
12832,-0.039
12833,-0.034
12834,-0.149
12835,-0.1
12836,-0.054
12837,-0.21
12838,-0.305
12839,0.007
12840,-0.259
12841,-0.342
12842,0.0
12843,-0.024
12844,-0.078
12845,0.024
12846,0.022
12847,-0.037
12848,-0.164
12849,-0.239
12850,0.2
12851,-0.193
12852,-0.103
12853,-0.271
12854,-0.503
12855,-0.269
12856,-0.061
12857,-0.073
12858,-0.071
12859,-0.254
12860,-0.203
12861,0.11
12862,-0.127
12863,-0.181
12864,-0.107
12865,-0.168
12866,-0.007
12867,0.181
12868,0.078
12869,-0.405
12870,-0.334
12871,-0.232
12872,-0.046
12873,-0.227
12874,-0.164
12875,-0.01
12876,-0.054
12877,-0.249
12878,-0.195
12879,-0.134
12880,-0.183
12881,0.059
12882,-0.022
12883,-0.168
12884,-0.574
12885,0.01
12886,0.112
12887,0.042
12888,-0.156
12889,-0.164
12890,0.01
12891,-0.225
12892,-0.049
12893,0.017
12894,-0.068
12895,-0.161
12896,0.02
12897,-0.159
12898,-0.159
12899,-0.198
12900,-0.164
12901,0.024
12902,-0.178
12903,-0.361
12904,-0.195
12905,-0.024
12906,-0.217
12907,-0.02
12908,-0.222
12909,-0.051
12910,-0.01
12911,-0.251
12912,-0.176
12913,0.027
12914,-0.049
12915,-0.242
12916,-0.024
12917,0.022
12918,-0.085
12919,-0.127
12920,-0.312
12921,-0.144
12922,-0.032
12923,-0.159
12924,-0.146
12925,0.093
12926,-0.188
12927,-0.144
12928,-0.071
12929,0.066
12930,-0.078
12931,-0.037
12932,0.09
12933,-0.032
12934,-0.088
12935,-0.239
12936,-0.142
12937,0.051
12938,-0.144
12939,-0.222
12940,-0.063
12941,-0.166
12942,-0.2
12943,-0.256
12944,-0.19
12945,-0.251
12946,-0.112
12947,-0.022
12948,-0.024
12949,-0.12
12950,-0.085
12951,-0.042
12952,0.015
12953,-0.159
12954,-0.012
12955,-0.103
12956,-0.11
12957,-0.19
12958,-0.339
12959,-0.173
12960,-0.098
12961,-0.176
12962,-0.1
12963,-0.061
12964,-0.132
12965,-0.115
12966,0.017
12967,0.005
12968,-0.117
12969,-0.122
12970,-0.017
12971,0.051
12972,-0.088
12973,-0.171
12974,-0.264
12975,-0.042
12976,-0.034
12977,-0.125
12978,-0.093
12979,-0.081
12980,-0.103
12981,-0.186
12982,-0.022
12983,-0.029
12984,-0.078
12985,-0.166
12986,-0.09
12987,0.034
12988,-0.098
12989,-0.198
12990,-0.071
12991,-0.063
12992,-0.217
12993,-0.093
12994,-0.071
12995,-0.112
12996,-0.193
12997,-0.203
12998,-0.088
12999,-0.11
13000,-0.164
13001,-0.217
13002,-0.117
13003,-0.188
13004,-0.149
13005,-0.2
13006,-0.159
13007,-0.078
13008,-0.022
13009,-0.017
13010,-0.063
13011,0.291
13012,-0.103
13013,-0.081
13014,0.061
13015,-0.146
13016,-0.227
13017,-0.056
13018,-0.037
13019,-0.229
13020,-0.273
13021,-0.176
13022,-0.195
13023,-0.081
13024,0.027
13025,-0.149
13026,-0.151
13027,-0.129
13028,0.034
13029,-0.029
13030,-0.142
13031,-0.017
13032,0.022
13033,-0.002
13034,-0.278
13035,-0.139
13036,-0.103
13037,-0.142
13038,-0.103
13039,-0.022
13040,-0.125
13041,-0.142
13042,-0.103
13043,-0.176
13044,-0.081
13045,-0.125
13046,-0.247
13047,-0.115
13048,0.032
13049,-0.381
13050,-0.081
13051,-0.002
13052,-0.188
13053,-0.093
13054,0.024
13055,-0.183
13056,-0.044
13057,-0.005
13058,-0.176
13059,-0.02
13060,-0.024
13061,-0.061
13062,-0.139
13063,-0.156
13064,0.078
13065,0.171
13066,-0.3
13067,-0.2
13068,0.022
13069,-0.32
13070,0.046
13071,0.103
13072,-0.205
13073,-0.208
13074,-0.073
13075,-0.078
13076,-0.037
13077,-0.188
13078,-0.217
13079,-0.117
13080,-0.056
13081,-0.154
13082,-0.208
13083,-0.4
13084,-0.713
13085,-0.369
13086,-0.168
13087,0.034
13088,0.002
13089,-0.093
13090,0.215
13091,0.098
13092,0.076
13093,0.159
13094,-0.022
13095,-0.293
13096,-0.166
13097,-0.125
13098,-0.051
13099,-0.029
13100,-0.261
13101,-0.12
13102,0.112
13103,-0.007
13104,-0.173
13105,-0.107
13106,-0.125
13107,-0.112
13108,-0.093
13109,-0.078
13110,-0.134
13111,-0.21
13112,-0.161
13113,-0.059
13114,-0.042
13115,-0.149
13116,0.02
13117,-0.049
13118,-0.205
13119,-0.31
13120,-0.369
13121,-0.212
13122,-0.229
13123,-0.249
13124,-0.103
13125,0.029
13126,-0.303
13127,-0.339
13128,-0.054
13129,-0.076
13130,-0.085
13131,-0.122
13132,-0.12
13133,0.0
13134,-0.188
13135,-0.203
13136,0.154
13137,-0.034
13138,-0.063
13139,0.034
13140,-0.234
13141,-0.242
13142,-0.1
13143,0.115
13144,-0.071
13145,-0.151
13146,-0.276
13147,-0.076
13148,0.002
13149,-0.1
13150,-0.022
13151,0.066
13152,-0.129
13153,-0.132
13154,0.015
13155,-0.083
13156,-0.02
13157,-0.139
13158,-0.071
13159,-0.046
13160,-0.12
13161,-0.171
13162,-0.085
13163,-0.027
13164,-0.085
13165,-0.159
13166,-0.178
13167,-0.144
13168,-0.171
13169,-0.122
13170,-0.059
13171,0.049
13172,-0.081
13173,-0.237
13174,-0.081
13175,0.002
13176,-0.134
13177,-0.122
13178,-0.056
13179,-0.093
13180,-0.151
13181,-0.024
13182,0.063
13183,-0.049
13184,-0.271
13185,-0.071
13186,0.107
13187,-0.081
13188,-0.217
13189,-0.103
13190,-0.149
13191,-0.317
13192,-0.11
13193,-0.061
13194,-0.022
13195,-0.032
13196,0.071
13197,0.115
13198,-0.405
13199,-0.352
13200,0.134
13201,-0.034
13202,-0.017
13203,0.225
13204,-0.234
13205,-0.405
13206,-0.149
13207,0.078
13208,-0.002
13209,-0.088
13210,0.137
13211,0.154
13212,-0.002
13213,-0.19
13214,-0.132
13215,-0.291
13216,-0.156
13217,-0.071
13218,-0.076
13219,-0.081
13220,-0.239
13221,-0.146
13222,-0.144
13223,-0.381
13224,0.1
13225,0.244
13226,-0.254
13227,-0.081
13228,0.063
13229,-0.256
13230,-0.208
13231,0.178
13232,0.054
13233,-0.081
13234,0.005
13235,-0.105
13236,-0.032
13237,-0.061
13238,-0.007
13239,-0.093
13240,-0.254
13241,-0.173
13242,-0.071
13243,-0.229
13244,-0.09
13245,0.024
13246,-0.208
13247,-0.222
13248,-0.127
13249,-0.181
13250,-0.176
13251,0.042
13252,-0.044
13253,-0.078
13254,-0.054
13255,-0.098
13256,0.054
13257,-0.051
13258,-0.181
13259,-0.217
13260,-0.369
13261,-0.283
13262,0.071
13263,-0.088
13264,-0.342
13265,-0.059
13266,-0.125
13267,-0.229
13268,-0.315
13269,-0.227
13270,-0.059
13271,0.01
13272,-0.066
13273,-0.217
13274,0.024
13275,-0.09
13276,-0.098
13277,0.095
13278,0.105
13279,-0.142
13280,-0.059
13281,0.076
13282,-0.31
13283,-0.349
13284,-0.239
13285,-0.022
13286,-0.076
13287,-0.156
13288,-0.056
13289,-0.076
13290,-0.225
13291,-0.081
13292,0.024
13293,-0.09
13294,-0.117
13295,0.083
13296,-0.09
13297,-0.01
13298,0.093
13299,-0.039
13300,-0.166
13301,-0.059
13302,-0.261
13303,-0.344
13304,-0.181
13305,0.012
13306,-0.081
13307,-0.156
13308,-0.239
13309,-0.032
13310,-0.12
13311,-0.156
13312,0.022
13313,-0.037
13314,0.034
13315,0.149
13316,0.017
13317,-0.21
13318,-0.198
13319,-0.166
13320,-0.117
13321,-0.327
13322,-0.176
13323,-0.088
13324,-0.259
13325,-0.225
13326,-0.168
13327,-0.278
13328,-0.002
13329,-0.017
13330,-0.164
13331,-0.042
13332,-0.12
13333,-0.217
13334,0.032
13335,-0.056
13336,-0.051
13337,-0.015
13338,-0.254
13339,-0.244
13340,-0.024
13341,-0.12
13342,-0.125
13343,-0.276
13344,-0.339
13345,-0.051
13346,-0.176
13347,-0.425
13348,-0.22
13349,-0.349
13350,-0.159
13351,0.007
13352,-0.125
13353,-0.305
13354,0.1
13355,-0.005
13356,0.032
13357,-0.132
13358,-0.178
13359,-0.22
13360,-0.081
13361,-0.286
13362,-0.098
13363,-0.144
13364,-0.276
13365,-0.005
13366,-0.122
13367,-0.486
13368,-0.212
13369,0.11
13370,-0.056
13371,-0.098
13372,-0.076
13373,-0.066
13374,-0.083
13375,-0.083
13376,-0.088
13377,-0.142
13378,-0.142
13379,-0.264
13380,-0.032
13381,-0.183
13382,-0.269
13383,-0.288
13384,-0.178
13385,-0.234
13386,-0.222
13387,-0.315
13388,-0.239
13389,-0.115
13390,-0.212
13391,-0.117
13392,-0.068
13393,-0.2
13394,-0.139
13395,0.046
13396,-0.105
13397,0.032
13398,0.01
13399,-0.107
13400,0.095
13401,-0.198
13402,-0.178
13403,0.12
13404,-0.059
13405,-0.273
13406,-0.271
13407,-0.12
13408,0.005
13409,-0.117
13410,-0.1
13411,-0.161
13412,-0.298
13413,0.012
13414,-0.054
13415,-0.149
13416,-0.056
13417,-0.205
13418,-0.149
13419,0.042
13420,-0.007
13421,-0.305
13422,-0.059
13423,0.044
13424,0.081
13425,-0.171
13426,-0.168
13427,-0.09
13428,0.034
13429,-0.105
13430,-0.122
13431,0.063
13432,-0.264
13433,-0.208
13434,0.117
13435,0.198
13436,-0.142
13437,-0.161
13438,0.01
13439,-0.039
13440,-0.31
13441,-0.33
13442,0.115
13443,0.132
13444,0.049
13445,-0.19
13446,-0.049
13447,-0.139
13448,-0.286
13449,-0.269
13450,-0.044
13451,-0.208
13452,-0.273
13453,-0.027
13454,-0.088
13455,-0.012
13456,-0.098
13457,-0.029
13458,-0.002
13459,0.068
13460,-0.249
13461,-0.266
13462,0.044
13463,-0.083
13464,-0.247
13465,-0.085
13466,-0.083
13467,-0.1
13468,-0.305
13469,-0.171
13470,0.078
13471,-0.146
13472,-0.54
13473,-0.154
13474,0.02
13475,-0.259
13476,-0.354
13477,0.19
13478,-0.098
13479,-0.063
13480,-0.193
13481,-0.095
13482,-0.017
13483,-0.176
13484,-0.142
13485,-0.149
13486,-0.244
13487,-0.291
13488,-0.117
13489,-0.208
13490,0.312
13491,-0.171
13492,-0.261
13493,-0.132
13494,-0.112
13495,-0.259
13496,-0.234
13497,-0.105
13498,0.105
13499,-0.032
13500,-0.256
13501,0.037
13502,0.01
13503,-0.156
13504,0.022
13505,-0.049
13506,-0.176
13507,-0.22
13508,-0.178
13509,-0.051
13510,0.176
13511,-0.164
13512,-0.208
13513,-0.085
13514,0.005
13515,-0.066
13516,-0.281
13517,-0.349
13518,0.056
13519,0.183
13520,0.056
13521,-0.002
13522,-0.242
13523,-0.315
13524,-0.361
13525,-0.215
13526,-0.142
13527,-0.032
13528,-0.024
13529,-0.12
13530,-0.176
13531,-0.281
13532,0.244
13533,0.374
13534,-0.066
13535,-0.151
13536,0.027
13537,0.024
13538,0.049
13539,0.022
13540,-0.254
13541,-0.181
13542,-0.139
13543,-0.2
13544,-0.117
13545,-0.071
13546,-0.117
13547,-0.078
13548,-0.227
13549,-0.144
13550,-0.09
13551,-0.229
13552,0.042
13553,0.066
13554,-0.217
13555,-0.103
13556,-0.103
13557,-0.054
13558,-0.142
13559,-0.017
13560,-0.198
13561,-0.01
13562,-0.315
13563,-0.061
13564,-0.078
13565,-0.22
13566,-0.159
13567,-0.09
13568,-0.068
13569,-0.151
13570,-0.073
13571,-0.251
13572,-0.007
13573,-0.066
13574,0.061
13575,-0.02
13576,0.188
13577,-0.085
13578,-0.017
13579,0.051
13580,-0.122
13581,-0.112
13582,-0.051
13583,-0.078
13584,-0.168
13585,-0.056
13586,-0.073
13587,-0.098
13588,-0.176
13589,-0.1
13590,-0.051
13591,-0.273
13592,-0.012
13593,-0.042
13594,0.232
13595,-0.405
13596,-0.271
13597,-0.039
13598,0.154
13599,-0.315
13600,-0.325
13601,0.017
13602,0.081
13603,0.015
13604,-0.281
13605,0.076
13606,-0.032
13607,-0.115
13608,-0.122
13609,0.137
13610,-0.054
13611,-0.02
13612,-0.037
13613,-0.225
13614,-0.076
13615,-0.215
13616,0.015
13617,0.056
13618,0.034
13619,-0.354
13620,-0.249
13621,-0.125
13622,-0.081
13623,-0.083
13624,-0.259
13625,-0.002
13626,-0.032
13627,-0.095
13628,-0.066
13629,0.051
13630,-0.171
13631,-0.071
13632,-0.051
13633,-0.015
13634,-0.171
13635,-0.342
13636,0.273
13637,0.183
13638,-0.183
13639,-0.52
13640,0.046
13641,-0.159
13642,-0.227
13643,0.083
13644,-0.166
13645,-0.024
13646,-0.129
13647,-0.103
13648,-0.134
13649,-0.127
13650,-0.242
13651,0.012
13652,0.088
13653,0.107
13654,-0.027
13655,-0.256
13656,0.283
13657,0.142
13658,-0.083
13659,-0.09
13660,0.007
13661,-0.347
13662,-0.125
13663,-0.054
13664,-0.276
13665,-0.222
13666,-0.183
13667,-0.085
13668,-0.2
13669,-0.132
13670,-0.195
13671,0.002
13672,-0.178
13673,-0.093
13674,-0.181
13675,-0.088
13676,0.227
13677,-0.237
13678,-0.186
13679,-0.039
13680,-0.027
13681,-0.149
13682,0.024
13683,-0.276
13684,0.083
13685,-0.266
13686,-0.325
13687,-0.022
13688,-0.2
13689,-0.208
13690,0.027
13691,-0.112
13692,-0.212
13693,-0.081
13694,-0.112
13695,0.0
13696,0.042
13697,-0.32
13698,-0.283
13699,-0.039
13700,-0.144
13701,-0.291
13702,0.186
13703,-0.005
13704,0.081
13705,-0.12
13706,-0.146
13707,-0.164
13708,-0.044
13709,0.076
13710,0.0
13711,-0.305
13712,-0.244
13713,-0.034
13714,-0.083
13715,0.071
13716,0.063
13717,-0.098
13718,-0.513
13719,-0.063
13720,0.081
13721,-0.198
13722,-0.381
13723,-0.107
13724,-0.044
13725,-0.12
13726,-0.251
13727,-0.098
13728,0.051
13729,-0.339
13730,-0.024
13731,0.088
13732,-0.212
13733,0.005
13734,0.093
13735,-0.139
13736,-0.132
13737,0.137
13738,-0.298
13739,-0.164
13740,-0.178
13741,-0.156
13742,-0.181
13743,0.007
13744,-0.156
13745,-0.154
13746,-0.168
13747,0.049
13748,-0.054
13749,-0.322
13750,-0.137
13751,0.12
13752,-0.176
13753,-0.076
13754,-0.142
13755,-0.063
13756,0.007
13757,-0.293
13758,-0.127
13759,-0.149
13760,-0.161
13761,-0.027
13762,-0.222
13763,-0.371
13764,0.027
13765,-0.132
13766,-0.278
13767,-0.249
13768,-0.264
13769,-0.261
13770,-0.127
13771,-0.149
13772,-0.193
13773,-0.161
13774,-0.093
13775,-0.034
13776,-0.171
13777,-0.208
13778,-0.034
13779,-0.122
13780,-0.291
13781,-0.278
13782,-0.181
13783,0.027
13784,0.098
13785,-0.171
13786,-0.183
13787,0.012
13788,-0.09
13789,-0.073
13790,-0.098
13791,-0.227
13792,-0.356
13793,-0.015
13794,0.098
13795,-0.007
13796,-0.229
13797,-0.19
13798,-0.095
13799,-0.251
13800,-0.073
13801,-0.093
13802,-0.2
13803,-0.117
13804,0.144
13805,0.034
13806,-0.068
13807,-0.237
13808,-0.063
13809,-0.015
13810,-0.127
13811,-0.264
13812,-0.134
13813,0.078
13814,0.007
13815,-0.117
13816,-0.117
13817,-0.01
13818,-0.039
13819,-0.159
13820,-0.066
13821,-0.203
13822,-0.183
13823,-0.334
13824,-0.015
13825,-0.154
13826,-0.266
13827,-0.229
13828,0.01
13829,0.261
13830,0.19
13831,0.178
13832,0.22
13833,0.063
13834,-0.276
13835,-0.195
13836,-0.129
13837,-0.059
13838,-0.154
13839,-0.017
13840,-0.1
13841,0.071
13842,-0.203
13843,-0.107
13844,-0.146
13845,-0.112
13846,-0.132
13847,-0.215
13848,-0.183
13849,-0.317
13850,-0.283
13851,-0.107
13852,0.078
13853,-0.33
13854,-0.415
13855,-0.034
13856,0.142
13857,-0.088
13858,-0.151
13859,0.09
13860,-0.037
13861,-0.144
13862,-0.181
13863,-0.093
13864,-0.261
13865,-0.115
13866,-0.107
13867,-0.171
13868,-0.334
13869,-0.271
13870,-0.276
13871,0.022
13872,-0.017
13873,-0.293
13874,-0.081
13875,-0.093
13876,-0.063
13877,-0.095
13878,-0.095
13879,-0.127
13880,-0.107
13881,-0.122
13882,-0.073
13883,0.198
13884,-0.017
13885,-0.181
13886,-0.159
13887,-0.02
13888,-0.195
13889,-0.178
13890,-0.259
13891,-0.137
13892,-0.283
13893,-0.195
13894,0.027
13895,-0.012
13896,-0.129
13897,-0.188
13898,-0.005
13899,-0.095
13900,-0.149
13901,-0.103
13902,0.078
13903,0.044
13904,-0.188
13905,-0.044
13906,-0.073
13907,-0.151
13908,-0.122
13909,-0.156
13910,-0.144
13911,-0.034
13912,-0.105
13913,-0.19
13914,-0.022
13915,-0.151
13916,-0.044
13917,-0.144
13918,0.154
13919,-0.017
13920,-0.195
13921,0.137
13922,0.088
13923,-0.286
13924,-0.222
13925,0.059
13926,-0.205
13927,-0.212
13928,-0.156
13929,0.095
13930,0.007
13931,-0.352
13932,-0.183
13933,-0.005
13934,-0.137
13935,-0.291
13936,-0.02
13937,-0.01
13938,-0.171
13939,-0.044
13940,-0.034
13941,0.02
13942,-0.115
13943,-0.044
13944,-0.129
13945,-0.02
13946,-0.037
13947,-0.154
13948,-0.127
13949,0.02
13950,-0.11
13951,-0.027
13952,-0.068
13953,-0.283
13954,-0.132
13955,0.017
13956,-0.066
13957,-0.103
13958,-0.037
13959,-0.122
13960,-0.037
13961,-0.007
13962,-0.212
13963,0.012
13964,-0.071
13965,-0.149
13966,-0.269
13967,-0.195
13968,-0.195
13969,-0.027
13970,-0.129
13971,-0.293
13972,-0.164
13973,0.012
13974,-0.11
13975,-0.095
13976,-0.137
13977,-0.142
13978,-0.173
13979,-0.059
13980,0.21
13981,-0.059
13982,-0.146
13983,0.061
13984,0.085
13985,-0.188
13986,-0.085
13987,0.149
13988,-0.269
13989,0.088
13990,-0.076
13991,-0.076
13992,-0.017
13993,-0.117
13994,-0.005
13995,0.024
13996,-0.181
13997,-0.046
13998,-0.046
13999,-0.352
14000,-0.122
14001,0.005
14002,-0.168
14003,-0.186
14004,-0.059
14005,-0.012
14006,-0.249
14007,-0.286
14008,-0.193
14009,-0.022
14010,-0.266
14011,0.049
14012,-0.137
14013,-0.139
14014,-0.122
14015,-0.195
14016,-0.22
14017,0.054
14018,-0.02
14019,-0.298
14020,-0.029
14021,-0.481
14022,-0.1
14023,-0.012
14024,-0.12
14025,-0.034
14026,-0.09
14027,-0.476
14028,0.085
14029,0.144
14030,-0.254
14031,-0.015
14032,0.056
14033,-0.056
14034,-0.103
14035,-0.205
14036,-0.215
14037,0.151
14038,-0.088
14039,-0.283
14040,0.085
14041,-0.154
14042,-0.259
14043,-0.022
14044,-0.015
14045,-0.293
14046,-0.22
14047,-0.266
14048,-0.203
14049,-0.227
14050,-0.293
14051,-0.249
14052,-0.264
14053,-0.493
14054,-0.117
14055,-0.005
14056,-0.342
14057,-0.193
14058,-0.161
14059,-0.081
14060,0.081
14061,-0.046
14062,0.051
14063,-0.283
14064,-0.466
14065,-0.059
14066,-0.085
14067,-0.486
14068,0.083
14069,0.146
14070,-0.1
14071,-0.005
14072,0.168
14073,-0.103
14074,-0.247
14075,-0.222
14076,-0.061
14077,-0.203
14078,-0.251
14079,0.012
14080,0.134
14081,-0.1
14082,-0.208
14083,-0.029
14084,-0.154
14085,-0.271
14086,-0.01
14087,-0.112
14088,-0.125
14089,-0.173
14090,-0.061
14091,-0.11
14092,-0.276
14093,-0.203
14094,-0.215
14095,-0.09
14096,0.017
14097,-0.039
14098,-0.083
14099,-0.149
14100,-0.046
14101,0.112
14102,-0.137
14103,-0.005
14104,-0.173
14105,-0.176
14106,-0.11
14107,-0.054
14108,-0.071
14109,-0.181
14110,-0.288
14111,-0.19
14112,-0.002
14113,-0.256
14114,-0.144
14115,-0.022
14116,-0.098
14117,-0.195
14118,-0.049
14119,-0.176
14120,-0.037
14121,-0.122
14122,-0.208
14123,-0.066
14124,-0.264
14125,-0.134
14126,0.054
14127,-0.056
14128,-0.039
14129,0.181
14130,-0.161
14131,-0.337
14132,-0.051
14133,-0.083
14134,-0.186
14135,-0.139
14136,-0.103
14137,-0.188
14138,-0.159
14139,-0.376
14140,-0.081
14141,0.054
14142,-0.229
14143,-0.212
14144,-0.032
14145,-0.002
14146,-0.12
14147,-0.212
14148,-0.247
14149,-0.127
14150,-0.146
14151,-0.149
14152,-0.027
14153,-0.234
14154,-0.034
14155,-0.112
14156,-0.303
14157,-0.22
14158,-0.059
14159,0.015
14160,-0.107
14161,-0.11
14162,-0.22
14163,-0.193
14164,0.054
14165,0.139
14166,-0.037
14167,-0.3
14168,-0.122
14169,0.166
14170,-0.171
14171,-0.232
14172,0.005
14173,-0.171
14174,-0.251
14175,-0.09
14176,-0.2
14177,-0.142
14178,-0.095
14179,-0.085
14180,-0.098
14181,-0.017
14182,-0.129
14183,-0.059
14184,0.044
14185,-0.059
14186,-0.088
14187,-0.212
14188,-0.063
14189,0.017
14190,-0.1
14191,-0.232
14192,-0.564
14193,-0.679
14194,0.144
14195,0.344
14196,-0.156
14197,-0.107
14198,-0.203
14199,-0.073
14200,-0.107
14201,-0.242
14202,-0.022
14203,0.088
14204,0.012
14205,-0.115
14206,-0.159
14207,-0.227
14208,-0.151
14209,-0.032
14210,0.071
14211,-0.083
14212,-0.149
14213,-0.173
14214,-0.098
14215,-0.066
14216,-0.193
14217,-0.171
14218,-0.129
14219,-0.098
14220,-0.037
14221,-0.125
14222,-0.037
14223,-0.049
14224,-0.083
14225,-0.129
14226,-0.034
14227,0.032
14228,-0.095
14229,0.017
14230,0.083
14231,-0.322
14232,-0.151
14233,-0.107
14234,-0.146
14235,-0.21
14236,-0.222
14237,-0.161
14238,-0.139
14239,-0.273
14240,-0.144
14241,-0.2
14242,-0.068
14243,0.127
14244,-0.039
14245,-0.19
14246,-0.161
14247,-0.132
14248,-0.178
14249,-0.122
14250,-0.01
14251,-0.251
14252,-0.303
14253,-0.134
14254,-0.142
14255,-0.166
14256,-0.164
14257,-0.1
14258,-0.156
14259,-0.254
14260,-0.178
14261,-0.051
14262,0.227
14263,0.137
14264,-0.298
14265,-0.042
14266,0.098
14267,0.122
14268,-0.044
14269,-0.247
14270,-0.134
14271,0.029
14272,-0.303
14273,-0.12
14274,0.132
14275,-0.193
14276,-0.161
14277,-0.164
14278,-0.171
14279,-0.105
14280,-0.178
14281,-0.305
14282,0.129
14283,-0.09
14284,-0.425
14285,-0.232
14286,-0.205
14287,-0.09
14288,0.405
14289,-0.051
14290,-0.325
14291,-0.269
14292,-0.183
14293,-0.183
14294,-0.352
14295,-0.366
14296,-0.115
14297,-0.12
14298,-0.164
14299,-0.281
14300,-0.21
14301,-0.066
14302,0.01
14303,-0.166
14304,-0.071
14305,0.044
14306,0.046
14307,0.059
14308,0.063
14309,-0.044
14310,-0.139
14311,-0.005
14312,-0.312
14313,-0.244
14314,-0.239
14315,-0.32
14316,-0.115
14317,-0.024
14318,-0.195
14319,0.049
14320,0.029
14321,-0.303
14322,-0.193
14323,-0.178
14324,-0.12
14325,-0.083
14326,-0.171
14327,-0.068
14328,0.098
14329,-0.076
14330,-0.112
14331,-0.09
14332,-0.156
14333,0.063
14334,-0.195
14335,-0.007
14336,-0.022
14337,0.066
14338,-0.029
14339,0.076
14340,-0.042
14341,-0.056
14342,-0.037
14343,0.017
14344,-0.005
14345,0.037
14346,-0.122
14347,-0.081
14348,0.046
14349,-0.125
14350,-0.095
14351,0.046
14352,-0.083
14353,-0.022
14354,-0.132
14355,-0.242
14356,-0.193
14357,-0.166
14358,-0.244
14359,-0.154
14360,-0.149
14361,-0.242
14362,-0.09
14363,-0.063
14364,-0.139
14365,-0.144
14366,-0.139
14367,-0.129
14368,-0.159
14369,-0.269
14370,-0.166
14371,0.037
14372,-0.073
14373,-0.09
14374,-0.095
14375,-0.198
14376,-0.037
14377,-0.02
14378,-0.247
14379,-0.098
14380,0.0
14381,0.01
14382,0.032
14383,-0.093
14384,-0.159
14385,0.056
14386,-0.098
14387,-0.125
14388,0.029
14389,-0.154
14390,-0.117
14391,-0.005
14392,-0.11
14393,-0.208
14394,-0.134
14395,-0.21
14396,-0.083
14397,-0.063
14398,-0.281
14399,-0.205
14400,-0.164
14401,-0.142
14402,-0.127
14403,-0.273
14404,-0.254
14405,-0.161
14406,-0.217
14407,-0.242
14408,-0.085
14409,-0.266
14410,-0.122
14411,0.127
14412,0.164
14413,0.154
14414,-0.073
14415,-0.071
14416,-0.066
14417,0.051
14418,-0.205
14419,-0.303
14420,-0.117
14421,-0.093
14422,-0.107
14423,-0.049
14424,-0.056
14425,-0.31
14426,-0.186
14427,0.0
14428,0.024
14429,-0.117
14430,-0.125
14431,-0.19
14432,-0.063
14433,-0.159
14434,-0.183
14435,-0.137
14436,-0.188
14437,-0.076
14438,0.015
14439,-0.11
14440,-0.237
14441,-0.137
14442,-0.032
14443,-0.071
14444,-0.049
14445,-0.154
14446,-0.312
14447,-0.198
14448,0.02
14449,0.037
14450,-0.327
14451,-0.254
14452,-0.081
14453,-0.046
14454,-0.146
14455,-0.229
14456,-0.127
14457,0.012
14458,-0.103
14459,-0.061
14460,-0.115
14461,-0.095
14462,-0.112
14463,-0.09
14464,-0.183
14465,-0.117
14466,-0.117
14467,-0.054
14468,-0.164
14469,-0.188
14470,-0.01
14471,-0.063
14472,0.032
14473,-0.122
14474,-0.154
14475,-0.115
14476,-0.061
14477,-0.283
14478,-0.195
14479,-0.212
14480,-0.198
14481,-0.107
14482,-0.098
14483,-0.186
14484,-0.088
14485,-0.146
14486,-0.276
14487,-0.034
14488,-0.212
14489,-0.066
14490,-0.088
14491,-0.085
14492,-0.078
14493,-0.195
14494,-0.225
14495,-0.151
14496,-0.071
14497,-0.203
14498,0.012
14499,-0.054
14500,-0.627
14501,0.005
14502,0.603
14503,0.237
14504,-0.063
14505,-0.217
14506,-0.225
14507,-0.239
14508,-0.01
14509,0.034
14510,0.19
14511,-0.049
14512,0.015
14513,-0.037
14514,-0.334
14515,-0.229
14516,0.198
14517,-0.081
14518,-0.193
14519,-0.31
14520,-0.227
14521,-0.19
14522,-0.222
14523,-0.134
14524,-0.095
14525,-0.029
14526,-0.146
14527,0.005
14528,-0.078
14529,-0.002
14530,-0.029
14531,-0.11
14532,-0.142
14533,-0.076
14534,-0.271
14535,-0.107
14536,0.034
14537,-0.088
14538,-0.203
14539,-0.208
14540,-0.029
14541,-0.024
14542,-0.168
14543,-0.3
14544,-0.078
14545,-0.046
14546,-0.237
14547,-0.002
14548,0.039
14549,-0.117
14550,-0.203
14551,-0.149
14552,-0.137
14553,-0.154
14554,-0.1
14555,-0.044
14556,-0.225
14557,-0.193
14558,0.071
14559,0.054
14560,-0.085
14561,-0.256
14562,-0.186
14563,-0.256
14564,-0.217
14565,-0.054
14566,-0.046
14567,-0.19
14568,-0.122
14569,0.112
14570,-0.129
14571,-0.129
14572,-0.083
14573,-0.063
14574,-0.342
14575,-0.466
14576,-0.032
14577,-0.132
14578,-0.2
14579,-0.159
14580,-0.012
14581,-0.215
14582,-0.188
14583,-0.098
14584,0.037
14585,-0.183
14586,-0.139
14587,-0.049
14588,-0.007
14589,-0.115
14590,-0.042
14591,0.0
14592,-0.042
14593,0.005
14594,-0.098
14595,-0.09
14596,-0.068
14597,-0.203
14598,-0.176
14599,-0.032
14600,-0.027
14601,-0.2
14602,-0.073
14603,0.012
14604,-0.251
14605,-0.22
14606,-0.093
14607,0.037
14608,-0.032
14609,-0.059
14610,0.073
14611,-0.044
14612,-0.325
14613,0.007
14614,-0.063
14615,-0.017
14616,-0.068
14617,-0.088
14618,-0.159
14619,-0.22
14620,-0.322
14621,-0.212
14622,-0.032
14623,-0.244
14624,-0.2
14625,-0.171
14626,-0.149
14627,-0.066
14628,-0.154
14629,-0.078
14630,0.012
14631,0.005
14632,-0.168
14633,-0.063
14634,-0.071
14635,0.02
14636,-0.088
14637,-0.229
14638,-0.146
14639,-0.037
14640,-0.149
14641,-0.176
14642,-0.107
14643,-0.117
14644,0.088
14645,-0.149
14646,-0.212
14647,-0.078
14648,-0.039
14649,-0.122
14650,0.032
14651,0.09
14652,-0.093
14653,-0.312
14654,-0.127
14655,0.061
14656,-0.144
14657,-0.1
14658,-0.173
14659,-0.444
14660,-0.312
14661,-0.232
14662,-0.09
14663,0.034
14664,-0.134
14665,-0.181
14666,-0.208
14667,-0.31
14668,-0.212
14669,-0.151
14670,-0.146
14671,-0.164
14672,-0.061
14673,0.054
14674,-0.073
14675,-0.115
14676,-0.063
14677,-0.085
14678,-0.112
14679,0.017
14680,-0.105
14681,-0.225
14682,-0.056
14683,-0.068
14684,0.007
14685,-0.276
14686,-0.127
14687,0.061
14688,-0.251
14689,-0.322
14690,0.027
14691,-0.088
14692,-0.205
14693,-0.078
14694,-0.076
14695,-0.061
14696,-0.203
14697,0.027
14698,0.0
14699,-0.342
14700,-0.183
14701,-0.117
14702,-0.19
14703,-0.144
14704,0.032
14705,-0.195
14706,-0.027
14707,0.02
14708,-0.066
14709,-0.156
14710,-0.112
14711,-0.19
14712,-0.054
14713,0.029
14714,0.0
14715,0.012
14716,-0.139
14717,-0.193
14718,-0.195
14719,-0.017
14720,-0.149
14721,0.073
14722,0.073
14723,-0.149
14724,-0.244
14725,-0.125
14726,-0.085
14727,-0.193
14728,-0.146
14729,0.037
14730,0.002
14731,-0.125
14732,-0.161
14733,-0.127
14734,-0.342
14735,-0.276
14736,-0.142
14737,-0.186
14738,-0.11
14739,-0.115
14740,-0.151
14741,-0.271
14742,-0.237
14743,-0.322
14744,-0.291
14745,-0.144
14746,-0.085
14747,-0.105
14748,-0.015
14749,-0.129
14750,-0.046
14751,-0.051
14752,-0.137
14753,-0.076
14754,-0.229
14755,-0.056
14756,0.051
14757,0.122
14758,-0.107
14759,-0.117
14760,-0.142
14761,-0.1
14762,-0.093
14763,-0.305
14764,-0.266
14765,-0.134
14766,-0.1
14767,-0.098
14768,-0.007
14769,-0.11
14770,-0.103
14771,-0.11
14772,-0.2
14773,-0.054
14774,-0.029
14775,-0.117
14776,-0.088
14777,0.122
14778,-0.042
14779,-0.132
14780,-0.264
14781,-0.059
14782,-0.078
14783,-0.305
14784,-0.286
14785,-0.234
14786,-0.159
14787,-0.173
14788,-0.19
14789,-0.332
14790,-0.327
14791,0.022
14792,0.513
14793,-0.02
14794,-0.188
14795,0.015
14796,0.115
14797,-0.21
14798,-0.171
14799,-0.073
14800,-0.134
14801,-0.308
14802,-0.193
14803,-0.09
14804,-0.029
14805,-0.359
14806,-0.054
14807,0.017
14808,-0.195
14809,-0.378
14810,-0.271
14811,-0.005
14812,0.015
14813,-0.234
14814,-0.117
14815,0.066
14816,-0.229
14817,-0.315
14818,-0.271
14819,-0.281
14820,-0.212
14821,-0.012
14822,0.071
14823,-0.139
14824,-0.298
14825,-0.332
14826,0.081
14827,-0.122
14828,-0.127
14829,-0.024
14830,-0.132
14831,-0.088
14832,0.117
14833,-0.12
14834,-0.022
14835,0.088
14836,-0.254
14837,-0.183
14838,-0.12
14839,-0.166
14840,-0.271
14841,-0.125
14842,-0.229
14843,-0.281
14844,-0.205
14845,-0.403
14846,-0.117
14847,-0.017
14848,-0.024
14849,-0.32
14850,-0.132
14851,-0.11
14852,0.059
14853,-0.132
14854,0.005
14855,0.037
14856,-0.215
14857,-0.122
14858,0.061
14859,-0.061
14860,-0.295
14861,-0.081
14862,-0.01
14863,-0.117
14864,-0.51
14865,-0.269
14866,0.027
14867,0.225
14868,0.059
14869,-0.059
14870,-0.085
14871,-0.071
14872,-0.098
14873,-0.137
14874,-0.042
14875,-0.027
14876,-0.122
14877,0.012
14878,0.261
14879,-0.024
14880,-0.295
14881,-0.098
14882,-0.168
14883,-0.149
14884,-0.444
14885,-0.3
14886,-0.142
14887,-0.278
14888,-0.391
14889,0.027
14890,0.005
14891,-0.393
14892,-0.156
14893,-0.159
14894,-0.061
14895,-0.1
14896,-0.234
14897,-0.005
14898,0.164
14899,-0.276
14900,-0.361
14901,0.208
14902,0.139
14903,-0.244
14904,-0.378
14905,-0.002
14906,0.037
14907,-0.222
14908,-0.305
14909,-0.137
14910,-0.054
14911,-0.151
14912,-0.273
14913,-0.173
14914,-0.117
14915,-0.112
14916,-0.068
14917,-0.203
14918,-0.105
14919,-0.471
14920,-0.493
14921,0.215
14922,0.095
14923,-0.127
14924,-0.364
14925,-0.276
14926,0.007
14927,0.261
14928,-0.034
14929,-0.039
14930,-0.027
14931,-0.342
14932,-0.266
14933,0.005
14934,-0.215
14935,-0.276
14936,-0.085
14937,0.056
14938,-0.093
14939,-0.117
14940,-0.024
14941,0.137
14942,-0.093
14943,-0.132
14944,-0.012
14945,0.034
14946,-0.19
14947,-0.146
14948,0.125
14949,-0.068
14950,-0.2
14951,0.022
14952,0.095
14953,-0.024
14954,-0.22
14955,-0.149
14956,0.139
14957,-0.132
14958,-0.127
14959,-0.061
14960,-0.217
14961,-0.361
14962,-0.127
14963,0.095
14964,-0.146
14965,-0.168
14966,-0.081
14967,-0.098
14968,0.024
14969,-0.159
14970,-0.227
14971,-0.032
14972,-0.12
14973,-0.41
14974,-0.144
14975,-0.156
14976,-0.051
14977,-0.107
14978,-0.195
14979,0.029
14980,0.105
14981,-0.208
14982,-0.251
14983,-0.09
14984,-0.107
14985,-0.032
14986,-0.127
14987,-0.215
14988,-0.164
14989,0.105
14990,0.093
14991,0.103
14992,-0.352
14993,-0.212
14994,0.251
14995,0.029
14996,-0.193
14997,-0.056
14998,0.01
14999,-0.056
15000,-0.217
15001,-0.31
15002,0.068
15003,0.076
15004,-0.234
15005,-0.112
15006,-0.037
15007,-0.122
15008,-0.227
15009,-0.2
15010,-0.315
15011,-0.161
15012,-0.166
15013,-0.198
15014,-0.098
15015,-0.159
15016,-0.095
15017,-0.063
15018,-0.012
15019,-0.063
15020,-0.098
15021,-0.156
15022,0.01
15023,-0.032
15024,-0.2
15025,-0.239
15026,0.044
15027,0.312
15028,-0.02
15029,-0.237
15030,-0.042
15031,0.168
15032,0.044
15033,-0.117
15034,-0.19
15035,-0.19
15036,-0.11
15037,-0.049
15038,-0.046
15039,-0.107
15040,-0.144
15041,-0.186
15042,-0.115
15043,-0.071
15044,-0.146
15045,-0.195
15046,-0.088
15047,-0.085
15048,-0.354
15049,-0.159
15050,-0.249
15051,-0.095
15052,-0.068
15053,-0.12
15054,-0.056
15055,-0.044
15056,-0.117
15057,-0.166
15058,0.276
15059,-0.015
15060,-0.308
15061,-0.046
15062,0.076
15063,-0.093
15064,-0.22
15065,-0.273
15066,-0.312
15067,-0.198
15068,-0.378
15069,-0.217
15070,-0.144
15071,-0.051
15072,-0.107
15073,-0.12
15074,-0.01
15075,0.02
15076,-0.176
15077,-0.171
15078,-0.029
15079,-0.264
15080,-0.305
15081,-0.127
15082,-0.105
15083,-0.042
15084,-0.2
15085,-0.227
15086,-0.178
15087,-0.144
15088,-0.32
15089,-0.107
15090,-0.073
15091,-0.364
15092,-0.215
15093,-0.156
15094,0.034
15095,0.037
15096,-0.039
15097,-0.115
15098,0.054
15099,-0.215
15100,-0.073
15101,0.012
15102,-0.134
15103,-0.229
15104,0.112
15105,-0.073
15106,-0.164
15107,-0.095
15108,-0.303
15109,-0.31
15110,-0.19
15111,-0.059
15112,-0.249
15113,-0.095
15114,0.042
15115,-0.039
15116,-0.059
15117,-0.024
15118,0.112
15119,-0.217
15120,-0.186
15121,-0.154
15122,-0.11
15123,-0.21
15124,-0.232
15125,-0.017
15126,-0.024
15127,-0.161
15128,-0.166
15129,0.01
15130,-0.181
15131,-0.122
15132,-0.176
15133,-0.002
15134,-0.256
15135,-0.251
15136,-0.095
15137,-0.127
15138,-0.195
15139,-0.283
15140,-0.034
15141,-0.139
15142,-0.237
15143,-0.237
15144,-0.056
15145,-0.144
15146,-0.093
15147,-0.049
15148,-0.005
15149,-0.015
15150,-0.215
15151,-0.144
15152,-0.171
15153,0.022
15154,-0.051
15155,-0.225
15156,-0.249
15157,0.049
15158,-0.095
15159,-0.22
15160,-0.103
15161,-0.039
15162,0.066
15163,-0.227
15164,-0.1
15165,-0.173
15166,-0.176
15167,-0.2
15168,0.122
15169,-0.032
15170,-0.317
15171,-0.364
15172,0.081
15173,0.154
15174,-0.022
15175,-0.151
15176,-0.012
15177,-0.129
15178,-0.151
15179,0.017
15180,0.068
15181,-0.063
15182,-0.095
15183,-0.146
15184,-0.303
15185,-0.181
15186,-0.073
15187,-0.247
15188,-0.266
15189,-0.203
15190,-0.149
15191,-0.142
15192,-0.12
15193,-0.139
15194,0.0
15195,-0.098
15196,-0.305
15197,0.002
15198,0.034
15199,-0.098
15200,-0.046
15201,-0.1
15202,-0.112
15203,-0.076
15204,-0.132
15205,-0.085
15206,0.012
15207,-0.266
15208,-0.051
15209,0.054
15210,-0.166
15211,-0.237
15212,-0.007
15213,-0.132
15214,-0.078
15215,0.046
15216,-0.107
15217,0.183
15218,-0.203
15219,-0.344
15220,-0.1
15221,-0.264
15222,-0.244
15223,-0.11
15224,-0.002
15225,-0.249
15226,-0.09
15227,-0.259
15228,-0.051
15229,-0.229
15230,-0.3
15231,-0.137
15232,-0.173
15233,-0.276
15234,0.024
15235,0.056
15236,-0.068
15237,0.061
15238,0.098
15239,-0.3
15240,-0.029
15241,0.098
15242,-0.3
15243,-0.022
15244,0.046
15245,-0.156
15246,-0.083
15247,-0.12
15248,-0.193
15249,-0.085
15250,-0.171
15251,-0.098
15252,0.01
15253,-0.088
15254,-0.22
15255,-0.1
15256,-0.049
15257,-0.002
15258,0.029
15259,0.049
15260,-0.105
15261,-0.088
15262,0.02
15263,-0.005
15264,-0.139
15265,-0.208
15266,0.024
15267,-0.085
15268,-0.398
15269,-0.249
15270,-0.129
15271,-0.156
15272,-0.139
15273,0.137
15274,-0.11
15275,-0.251
15276,-0.3
15277,-0.139
15278,0.098
15279,-0.139
15280,-0.061
15281,-0.068
15282,-0.098
15283,-0.105
15284,-0.071
15285,-0.149
15286,0.066
15287,-0.171
15288,-0.342
15289,-0.122
15290,-0.125
15291,-0.168
15292,-0.107
15293,-0.083
15294,-0.244
15295,-0.098
15296,-0.007
15297,-0.127
15298,-0.081
15299,-0.061
15300,-0.046
15301,-0.034
15302,-0.129
15303,-0.095
15304,0.039
15305,-0.085
15306,-0.181
15307,-0.244
15308,-0.12
15309,-0.239
15310,-0.234
15311,-0.352
15312,-0.247
15313,0.137
15314,-0.063
15315,-0.154
15316,-0.095
15317,-0.012
15318,-0.146
15319,-0.205
15320,-0.276
15321,-0.044
15322,0.11
15323,-0.017
15324,-0.103
15325,0.0
15326,0.017
15327,-0.193
15328,-0.154
15329,-0.122
15330,-0.159
15331,-0.305
15332,-0.32
15333,-0.125
15334,-0.188
15335,-0.273
15336,-0.332
15337,-0.161
15338,-0.149
15339,-0.186
15340,-0.129
15341,-0.061
15342,-0.073
15343,0.002
15344,0.01
15345,-0.234
15346,-0.088
15347,0.032
15348,-0.19
15349,-0.01
15350,-0.21
15351,-0.3
15352,-0.298
15353,-0.056
15354,-0.103
15355,0.095
15356,0.012
15357,-0.261
15358,-0.137
15359,0.132
15360,0.046
15361,-0.02
15362,0.046
15363,-0.105
15364,-0.022
15365,-0.073
15366,-0.024
15367,-0.195
15368,-0.166
15369,-0.181
15370,-0.176
15371,-0.059
15372,-0.173
15373,-0.066
15374,-0.142
15375,-0.205
15376,-0.032
15377,0.059
15378,-0.33
15379,-0.081
15380,0.049
15381,-0.139
15382,0.002
15383,-0.078
15384,-0.105
15385,-0.239
15386,-0.134
15387,-0.059
15388,0.015
15389,-0.127
15390,-0.222
15391,-0.195
15392,-0.12
15393,-0.088
15394,-0.264
15395,-0.046
15396,-0.061
15397,-0.063
15398,-0.286
15399,-0.144
15400,-0.193
15401,0.054
15402,-0.112
15403,-0.12
15404,0.071
15405,0.037
15406,-0.103
15407,-0.215
15408,-0.117
15409,-0.205
15410,-0.09
15411,-0.017
15412,-0.039
15413,-0.205
15414,-0.283
15415,-0.215
15416,-0.156
15417,-0.105
15418,-0.261
15419,-0.154
15420,-0.239
15421,-0.227
15422,-0.273
15423,0.024
15424,0.076
15425,-0.208
15426,-0.068
15427,-0.054
15428,-0.107
15429,-0.298
15430,-0.09
15431,-0.083
15432,-0.144
15433,-0.151
15434,-0.066
15435,-0.256
15436,-0.144
15437,0.01
15438,-0.271
15439,-0.261
15440,-0.168
15441,0.166
15442,-0.293
15443,-0.225
15444,0.173
15445,-0.188
15446,-0.159
15447,-0.054
15448,-0.244
15449,-0.203
15450,0.01
15451,-0.088
15452,-0.154
15453,-0.042
15454,0.034
15455,-0.139
15456,-0.103
15457,0.032
15458,-0.042
15459,-0.061
15460,0.034
15461,-0.083
15462,-0.291
15463,-0.146
15464,-0.029
15465,0.027
15466,-0.066
15467,-0.242
15468,-0.217
15469,-0.01
15470,-0.107
15471,-0.295
15472,-0.071
15473,-0.164
15474,0.042
15475,-0.159
15476,-0.198
15477,-0.151
15478,0.007
15479,-0.144
15480,-0.146
15481,0.078
15482,-0.149
15483,-0.105
15484,-0.056
15485,-0.061
15486,-0.232
15487,-0.078
15488,0.039
15489,-0.081
15490,-0.303
15491,-0.105
15492,-0.222
15493,0.012
15494,-0.286
15495,-0.227
15496,-0.229
15497,-0.098
15498,-0.115
15499,-0.237
15500,-0.083
15501,-0.159
15502,-0.112
15503,-0.029
15504,-0.078
15505,-0.369
15506,0.022
15507,-0.081
15508,-0.205
15509,-0.266
15510,-0.374
15511,-0.168
15512,0.02
15513,-0.115
15514,-0.173
15515,-0.21
15516,-0.09
15517,-0.12
15518,-0.11
15519,-0.481
15520,-0.222
15521,-0.012
15522,0.007
15523,-0.015
15524,-0.105
15525,-0.156
15526,-0.022
15527,-0.034
15528,-0.144
15529,-0.02
15530,-0.11
15531,-0.117
15532,-0.078
15533,-0.837
15534,-0.354
15535,0.195
15536,-0.198
15537,-0.344
15538,-0.356
15539,-0.295
15540,0.044
15541,0.193
15542,0.305
15543,-0.027
15544,-0.249
15545,-0.215
15546,-0.149
15547,-0.144
15548,-0.298
15549,0.042
15550,-0.117
15551,-0.149
15552,-0.288
15553,-0.132
15554,-0.076
15555,-0.144
15556,-0.103
15557,-0.142
15558,-0.017
15559,0.015
15560,-0.066
15561,-0.068
15562,0.117
15563,-0.242
15564,-0.144
15565,0.034
15566,0.093
15567,-0.083
15568,-0.098
15569,0.007
15570,-0.107
15571,-0.151
15572,-0.2
15573,-0.098
15574,-0.22
15575,-0.286
15576,-0.09
15577,0.034
15578,0.005
15579,-0.159
15580,-0.122
15581,-0.042
15582,-0.059
15583,-0.115
15584,0.063
15585,0.039
15586,-0.229
15587,-0.417
15588,-0.156
15589,-0.088
15590,-0.063
15591,-0.21
15592,-0.181
15593,-0.037
15594,-0.166
15595,-0.288
15596,-0.205
15597,-0.129
15598,-0.144
15599,-0.222
15600,-0.063
15601,0.061
15602,-0.098
15603,0.024
15604,0.244
15605,-0.129
15606,-0.186
15607,0.007
15608,-0.129
15609,-0.178
15610,-0.103
15611,-0.127
15612,-0.044
15613,-0.1
15614,-0.21
15615,-0.186
15616,-0.173
15617,0.061
15618,-0.115
15619,-0.359
15620,0.056
15621,-0.071
15622,-0.203
15623,-0.032
15624,-0.078
15625,-0.32
15626,-0.095
15627,0.125
15628,-0.171
15629,-0.286
15630,-0.168
15631,0.012
15632,-0.068
15633,-0.208
15634,0.081
15635,-0.063
15636,-0.266
15637,-0.225
15638,-0.088
15639,-0.178
15640,-0.088
15641,-0.09
15642,0.01
15643,-0.029
15644,0.029
15645,0.059
15646,-0.059
15647,-0.134
15648,0.024
15649,-0.076
15650,-0.11
15651,-0.081
15652,-0.107
15653,-0.222
15654,-0.105
15655,-0.034
15656,-0.166
15657,-0.144
15658,-0.215
15659,-0.222
15660,-0.034
15661,-0.068
15662,-0.229
15663,-0.234
15664,-0.1
15665,-0.083
15666,-0.051
15667,-0.208
15668,-0.146
15669,-0.115
15670,0.098
15671,-0.083
15672,-0.134
15673,-0.181
15674,-0.19
15675,-0.259
15676,-0.388
15677,-0.183
15678,-0.066
15679,0.073
15680,-0.071
15681,-0.044
15682,-0.251
15683,-0.217
15684,0.01
15685,0.093
15686,-0.017
15687,0.056
15688,-0.112
15689,-0.081
15690,0.066
15691,-0.159
15692,-0.073
15693,0.068
15694,-0.227
15695,-0.193
15696,-0.093
15697,-0.188
15698,-0.132
15699,-0.002
15700,-0.244
15701,-0.364
15702,-0.098
15703,0.076
15704,-0.176
15705,-0.276
15706,-0.144
15707,0.027
15708,-0.095
15709,-0.098
15710,-0.09
15711,-0.073
15712,-0.19
15713,-0.049
15714,-0.005
15715,-0.012
15716,-0.176
15717,0.137
15718,-0.095
15719,-0.312
15720,-0.215
15721,-0.183
15722,-0.051
15723,-0.046
15724,-0.061
15725,-0.081
15726,0.095
15727,0.139
15728,0.317
15729,0.034
15730,-0.171
15731,-0.251
15732,-0.168
15733,-0.288
15734,-0.283
15735,-0.154
15736,-0.212
15737,-0.19
15738,-0.151
15739,-0.178
15740,-0.146
15741,0.007
15742,-0.195
15743,-0.188
15744,-0.054
15745,-0.112
15746,-0.095
15747,-0.127
15748,-0.195
15749,-0.283
15750,-0.076
15751,-0.105
15752,-0.171
15753,-0.105
15754,-0.083
15755,-0.051
15756,-0.024
15757,-0.1
15758,-0.081
15759,-0.068
15760,-0.151
15761,-0.156
15762,-0.081
15763,0.027
15764,0.276
15765,-0.015
15766,-0.129
15767,-0.261
15768,-0.132
15769,0.042
15770,0.129
15771,-0.01
15772,-0.098
15773,-0.271
15774,-0.156
15775,0.042
15776,-0.171
15777,-0.325
15778,-0.166
15779,-0.176
15780,-0.166
15781,-0.107
15782,-0.134
15783,-0.093
15784,0.017
15785,-0.112
15786,-0.244
15787,-0.144
15788,-0.063
15789,-0.227
15790,-0.09
15791,-0.164
15792,-0.046
15793,-0.137
15794,-0.176
15795,-0.015
15796,-0.281
15797,-0.222
15798,-0.056
15799,0.046
15800,-0.12
15801,-0.154
15802,-0.146
15803,0.012
15804,-0.044
15805,-0.159
15806,-0.173
15807,-0.066
15808,-0.039
15809,-0.117
15810,-0.046
15811,-0.171
15812,-0.229
15813,-0.09
15814,-0.083
15815,-0.239
15816,-0.229
15817,-0.183
15818,-0.09
15819,-0.142
15820,-0.215
15821,-0.11
15822,0.022
15823,0.032
15824,-0.232
15825,-0.198
15826,-0.164
15827,-0.066
15828,-0.027
15829,-0.186
15830,-0.112
15831,-0.112
15832,-0.093
15833,-0.083
15834,-0.205
15835,-0.203
15836,-0.081
15837,-0.042
15838,-0.034
15839,-0.215
15840,-0.344
15841,-0.01
15842,-0.017
15843,-0.173
15844,-0.254
15845,-0.02
15846,0.083
15847,0.034
15848,-0.134
15849,-0.029
15850,-0.034
15851,-0.115
15852,-0.059
15853,-0.081
15854,-0.229
15855,-0.288
15856,-0.2
15857,-0.137
15858,-0.183
15859,-0.254
15860,-0.039
15861,0.1
15862,-0.19
15863,-0.159
15864,-0.156
15865,-0.146
15866,-0.078
15867,-0.007
15868,-0.095
15869,0.024
15870,-0.137
15871,-0.178
15872,-0.039
15873,-0.027
15874,0.063
15875,-0.149
15876,-0.369
15877,-0.19
15878,0.0
15879,-0.115
15880,-0.054
15881,-0.059
15882,-0.2
15883,-0.171
15884,-0.183
15885,-0.02
15886,-0.083
15887,-0.071
15888,-0.015
15889,0.1
15890,0.024
15891,0.049
15892,-0.176
15893,-0.249
15894,-0.117
15895,-0.149
15896,-0.256
15897,-0.225
15898,-0.115
15899,-0.117
15900,-0.071
15901,-0.193
15902,-0.176
15903,-0.042
15904,0.015
15905,-0.083
15906,-0.205
15907,-0.127
15908,-0.22
15909,-0.054
15910,-0.071
15911,0.1
15912,-0.098
15913,-0.21
15914,-0.298
15915,0.125
15916,0.229
15917,-0.229
15918,-0.554
15919,-0.383
15920,-0.459
15921,-0.342
15922,0.12
15923,0.193
15924,-0.093
15925,-0.195
15926,-0.286
15927,-0.039
15928,0.137
15929,-0.266
15930,-0.039
15931,0.3
15932,0.032
15933,-0.168
15934,-0.095
15935,0.076
15936,-0.059
15937,-0.264
15938,-0.244
15939,-0.205
15940,-0.171
15941,-0.188
15942,-0.249
15943,-0.359
15944,-0.327
15945,-0.317
15946,-0.066
15947,-0.225
15948,-0.2
15949,-0.259
15950,0.051
15951,0.171
15952,-0.088
15953,-0.159
15954,0.024
15955,0.098
15956,-0.149
15957,-0.222
15958,-0.244
15959,-0.066
15960,-0.171
15961,-0.212
15962,-0.151
15963,-0.178
15964,-0.273
15965,-0.049
15966,0.068
15967,-0.027
15968,-0.154
15969,-0.042
15970,-0.312
15971,-0.129
15972,0.049
15973,0.076
15974,-0.029
15975,-0.076
15976,-0.183
15977,-0.005
15978,-0.044
15979,-0.002
15980,0.01
15981,0.0
15982,-0.059
15983,-0.19
15984,-0.095
15985,-0.166
15986,-0.139
15987,-0.205
15988,0.015
15989,-0.012
15990,-0.154
15991,-0.271
15992,-0.11
15993,-0.193
15994,-0.459
15995,-0.3
15996,-0.076
15997,-0.044
15998,-0.195
15999,-0.161
16000,-0.005
16001,-0.193
16002,-0.178
16003,-0.032
16004,-0.007
16005,-0.144
16006,-0.056
16007,0.122
16008,0.049
16009,-0.149
16010,-0.129
16011,-0.002
16012,0.029
16013,-0.085
16014,0.027
16015,-0.02
16016,-0.12
16017,-0.186
16018,-0.242
16019,-0.078
16020,-0.229
16021,-0.286
16022,-0.129
16023,-0.054
16024,-0.127
16025,-0.269
16026,-0.146
16027,-0.056
16028,-0.1
16029,-0.237
16030,0.037
16031,-0.159
16032,-0.322
16033,-0.151
16034,-0.203
16035,-0.107
16036,-0.125
16037,-0.183
16038,-0.273
16039,-0.269
16040,-0.31
16041,-0.217
16042,-0.115
16043,-0.339
16044,-0.149
16045,-0.103
16046,-0.188
16047,-0.134
16048,0.078
16049,-0.081
16050,0.073
16051,0.034
16052,-0.176
16053,-0.256
16054,0.044
16055,0.0
16056,-0.103
16057,-0.049
16058,-0.149
16059,-0.032
16060,-0.168
16061,-0.161
16062,-0.234
16063,-0.193
16064,-0.1
16065,-0.117
16066,-0.151
16067,-0.205
16068,-0.049
16069,0.063
16070,0.129
16071,-0.129
16072,-0.229
16073,0.005
16074,0.095
16075,-0.049
16076,-0.203
16077,0.024
16078,-0.176
16079,-0.063
16080,-0.103
16081,-0.051
16082,-0.188
16083,-0.078
16084,-0.222
16085,-0.015
16086,-0.183
16087,-0.129
16088,0.31
16089,0.032
16090,-0.071
16091,-0.032
16092,-0.181
16093,-0.227
16094,-0.11
16095,-0.276
16096,-0.093
16097,0.073
16098,-0.02
16099,-0.105
16100,-0.168
16101,-0.144
16102,-0.129
16103,-0.183
16104,-0.071
16105,-0.144
16106,-0.254
16107,-0.049
16108,0.007
16109,-0.195
16110,-0.073
16111,-0.105
16112,-0.139
16113,-0.256
16114,-0.386
16115,-0.295
16116,-0.188
16117,-0.312
16118,-0.21
16119,-0.168
16120,-0.222
16121,-0.183
16122,-0.1
16123,-0.083
16124,-0.056
16125,-0.144
16126,-0.11
16127,0.242
16128,0.024
16129,-0.298
16130,-0.117
16131,0.015
16132,-0.164
16133,-0.059
16134,0.015
16135,-0.295
16136,-0.142
16137,-0.095
16138,-0.107
16139,-0.356
16140,-0.398
16141,-0.161
16142,0.144
16143,-0.171
16144,-0.264
16145,-0.073
16146,-0.017
16147,0.076
16148,-0.02
16149,-0.125
16150,-0.042
16151,-0.195
16152,-0.325
16153,0.073
16154,-0.247
16155,-0.286
16156,0.015
16157,-0.195
16158,-0.374
16159,-0.371
16160,-0.337
16161,-0.083
16162,-0.015
16163,-0.173
16164,-0.112
16165,-0.034
16166,-0.232
16167,-0.239
16168,-0.198
16169,0.071
16170,0.154
16171,-0.139
16172,-0.151
16173,0.21
16174,-0.205
16175,-0.239
16176,-0.122
16177,-0.19
16178,-0.339
16179,-0.193
16180,-0.208
16181,-0.056
16182,-0.056
16183,-0.21
16184,-0.271
16185,-0.154
16186,-0.159
16187,-0.215
16188,-0.068
16189,-0.071
16190,-0.264
16191,-0.122
16192,-0.122
16193,-0.115
16194,-0.144
16195,-0.024
16196,0.007
16197,0.061
16198,-0.005
16199,-0.166
16200,-0.237
16201,-0.088
16202,-0.107
16203,-0.178
16204,-0.208
16205,-0.007
16206,-0.044
16207,-0.098
16208,-0.09
16209,-0.103
16210,0.081
16211,0.068
16212,-0.11
16213,-0.088
16214,-0.144
16215,-0.22
16216,0.203
16217,0.061
16218,0.017
16219,-0.149
16220,-0.103
16221,-0.137
16222,0.029
16223,-0.081
16224,-0.261
16225,-0.056
16226,0.071
16227,-0.083
16228,-0.151
16229,-0.21
16230,0.037
16231,-0.073
16232,-0.278
16233,-0.125
16234,-0.09
16235,-0.085
16236,-0.012
16237,-0.151
16238,-0.103
16239,-0.032
16240,-0.364
16241,-0.188
16242,-0.066
16243,-0.225
16244,-0.156
16245,0.022
16246,0.007
16247,0.032
16248,-0.051
16249,-0.022
16250,-0.027
16251,0.054
16252,-0.054
16253,0.12
16254,-0.002
16255,-0.291
16256,-0.227
16257,-0.063
16258,-0.059
16259,-0.068
16260,-0.195
16261,-0.283
16262,-0.168
16263,-0.115
16264,-0.129
16265,-0.154
16266,-0.166
16267,-0.137
16268,-0.195
16269,-0.266
16270,-0.029
16271,-0.054
16272,-0.325
16273,-0.281
16274,-0.01
16275,-0.361
16276,-0.066
16277,-0.349
16278,0.037
16279,-0.337
16280,-0.154
16281,0.027
16282,-0.029
16283,-0.066
16284,-0.403
16285,0.093
16286,0.469
16287,-0.195
16288,-0.503
16289,0.054
16290,0.012
16291,-0.225
16292,-0.007
16293,0.129
16294,-0.198
16295,-0.063
16296,-0.063
16297,-0.183
16298,-0.308
16299,-0.208
16300,-0.049
16301,-0.073
16302,-0.2
16303,-0.095
16304,-0.029
16305,-0.085
16306,-0.264
16307,-0.271
16308,-0.278
16309,0.034
16310,0.137
16311,0.088
16312,-0.039
16313,0.12
16314,-0.176
16315,-0.276
16316,-0.2
16317,-0.11
16318,-0.029
16319,-0.017
16320,0.073
16321,0.061
16322,-0.176
16323,-0.288
16324,-0.264
16325,-0.171
16326,-0.012
16327,0.015
16328,0.078
16329,-0.071
16330,-0.281
16331,-0.027
16332,-0.066
16333,-0.195
16334,-0.044
16335,-0.129
16336,-0.269
16337,-0.049
16338,-0.076
16339,-0.029
16340,-0.11
16341,-0.125
16342,-0.112
16343,-0.168
16344,-0.159
16345,0.09
16346,0.007
16347,-0.093
16348,0.078
16349,0.281
16350,-0.137
16351,-0.168
16352,-0.112
16353,-0.166
16354,-0.078
16355,0.071
16356,-0.066
16357,-0.332
16358,-0.403
16359,-0.164
16360,-0.342
16361,-0.32
16362,0.115
16363,0.027
16364,-0.439
16365,-0.247
16366,0.154
16367,-0.12
16368,-0.156
16369,0.376
16370,0.063
16371,-0.176
16372,0.056
16373,0.056
16374,-0.122
16375,-0.022
16376,-0.017
16377,-0.017
16378,-0.281
16379,-0.347
16380,-0.007
16381,-0.195
16382,-0.308
16383,-0.015
16384,-0.115
16385,-0.31
16386,-0.017
16387,0.103
16388,-0.269
16389,-0.273
16390,-0.264
16391,-0.029
16392,-0.164
16393,0.063
16394,0.056
16395,-0.107
16396,-0.237
16397,-0.054
16398,-0.164
16399,-0.269
16400,-0.059
16401,-0.056
16402,-0.364
16403,-0.237
16404,-0.129
16405,0.11
16406,-0.154
16407,-0.31
16408,0.105
16409,0.176
16410,-0.122
16411,0.066
16412,-0.151
16413,-0.278
16414,-0.171
16415,-0.117
16416,-0.122
16417,-0.159
16418,-0.249
16419,-0.088
16420,0.042
16421,-0.222
16422,-0.168
16423,-0.203
16424,-0.059
16425,-0.022
16426,-0.266
16427,-0.137
16428,-0.066
16429,-0.288
16430,-0.156
16431,0.105
16432,-0.295
16433,-0.168
16434,-0.005
16435,-0.19
16436,-0.242
16437,-0.088
16438,-0.117
16439,-0.042
16440,-0.066
16441,-0.068
16442,0.005
16443,-0.146
16444,-0.071
16445,0.0
16446,0.029
16447,-0.176
16448,0.054
16449,0.254
16450,-0.066
16451,-0.269
16452,0.051
16453,-0.095
16454,-0.173
16455,0.071
16456,0.137
16457,-0.251
16458,-0.208
16459,-0.227
16460,-0.471
16461,-0.132
16462,0.0
16463,-0.063
16464,-0.229
16465,-0.339
16466,-0.088
16467,0.056
16468,-0.166
16469,-0.1
16470,0.085
16471,-0.264
16472,-0.117
16473,0.12
16474,-0.034
16475,-0.034
16476,0.09
16477,-0.027
16478,-0.103
16479,-0.076
16480,-0.198
16481,-0.288
16482,-0.098
16483,-0.073
16484,-0.239
16485,-0.435
16486,-0.115
16487,-0.061
16488,-0.049
16489,-0.098
16490,-0.129
16491,-0.029
16492,0.022
16493,-0.161
16494,-0.059
16495,0.071
16496,-0.166
16497,-0.234
16498,-0.051
16499,0.017
16500,-0.386
16501,-0.288
16502,-0.061
16503,-0.071
16504,-0.244
16505,-0.134
16506,-0.071
16507,-0.32
16508,-0.181
16509,-0.051
16510,-0.154
16511,-0.342
16512,0.01
16513,0.095
16514,-0.146
16515,-0.212
16516,0.034
16517,-0.037
16518,-0.168
16519,0.051
16520,-0.015
16521,-0.002
16522,-0.11
16523,-0.027
16524,-0.103
16525,0.049
16526,-0.093
16527,-0.068
16528,-0.024
16529,-0.237
16530,-0.029
16531,0.229
16532,-0.073
16533,-0.303
16534,-0.032
16535,0.002
16536,-0.022
16537,-0.298
16538,-0.081
16539,-0.144
16540,-0.3
16541,-0.027
16542,-0.068
16543,-0.195
16544,-0.227
16545,0.029
16546,-0.256
16547,-0.393
16548,-0.374
16549,-0.276
16550,0.012
16551,0.071
16552,-0.051
16553,-0.242
16554,-0.1
16555,-0.073
16556,0.186
16557,-0.229
16558,-0.513
16559,-0.173
16560,-0.183
16561,-0.195
16562,-0.159
16563,-0.005
16564,-0.229
16565,-0.054
16566,0.007
16567,-0.076
16568,-0.171
16569,-0.049
16570,-0.044
16571,-0.039
16572,0.005
16573,-0.11
16574,0.032
16575,-0.117
16576,0.059
16577,-0.044
16578,0.039
16579,-0.032
16580,-0.479
16581,-0.247
16582,-0.005
16583,-0.022
16584,-0.271
16585,-0.115
16586,0.039
16587,-0.083
16588,-0.164
16589,0.144
16590,-0.017
16591,-0.195
16592,0.002
16593,-0.178
16594,-0.029
16595,-0.154
16596,0.1
16597,0.107
16598,-0.007
16599,-0.295
16600,0.032
16601,-0.076
16602,-0.276
16603,-0.227
16604,-0.017
16605,-0.232
16606,-0.43
16607,-0.088
16608,-0.154
16609,-0.222
16610,-0.239
16611,-0.12
16612,-0.137
16613,-0.203
16614,-0.068
16615,-0.132
16616,0.09
16617,0.029
16618,0.0
16619,-0.12
16620,-0.105
16621,0.01
16622,-0.012
16623,-0.266
16624,-0.208
16625,-0.242
16626,-0.139
16627,-0.015
16628,-0.215
16629,-0.149
16630,-0.1
16631,-0.212
16632,-0.078
16633,0.063
16634,-0.176
16635,-0.247
16636,0.015
16637,0.044
16638,-0.112
16639,-0.225
16640,-0.027
16641,-0.239
16642,-0.3
16643,-0.303
16644,-0.129
16645,-0.139
16646,0.002
16647,-0.073
16648,-0.413
16649,-0.132
16650,-0.083
16651,-0.015
16652,-0.11
16653,-0.063
16654,0.024
16655,0.056
16656,0.005
16657,-0.129
16658,0.071
16659,-0.076
16660,0.049
16661,-0.083
16662,-0.166
16663,-0.137
16664,-0.02
16665,-0.129
16666,-0.073
16667,0.012
16668,-0.107
16669,-0.01
16670,-0.093
16671,-0.02
16672,-0.244
16673,-0.183
16674,-0.212
16675,-0.051
16676,-0.125
16677,-0.085
16678,-0.166
16679,-0.325
16680,-0.237
16681,-0.11
16682,-0.034
16683,-0.339
16684,-0.251
16685,-0.022
16686,-0.093
16687,-0.1
16688,0.071
16689,0.01
16690,-0.295
16691,-0.042
16692,0.024
16693,0.125
16694,-0.051
16695,0.112
16696,-0.11
16697,-0.012
16698,0.127
16699,-0.037
16700,-0.12
16701,-0.195
16702,-0.208
16703,-0.134
16704,-0.068
16705,-0.251
16706,-0.066
16707,-0.088
16708,-0.242
16709,-0.261
16710,0.134
16711,-0.398
16712,-0.208
16713,0.037
16714,-0.188
16715,0.015
16716,-0.056
16717,-0.381
16718,-0.173
16719,-0.193
16720,-0.156
16721,-0.122
16722,-0.115
16723,-0.352
16724,-0.029
16725,-0.186
16726,0.068
16727,0.029
16728,0.01
16729,-0.217
16730,-0.127
16731,-0.054
16732,-0.02
16733,-0.073
16734,-0.063
16735,0.107
16736,-0.078
16737,0.11
16738,0.002
16739,-0.168
16740,-0.112
16741,-0.093
16742,-0.237
16743,-0.249
16744,-0.081
16745,-0.251
16746,-0.115
16747,-0.134
16748,-0.249
16749,-0.42
16750,-0.093
16751,0.068
16752,-0.061
16753,-0.442
16754,-0.247
16755,-0.107
16756,-0.017
16757,-0.134
16758,-0.144
16759,-0.098
16760,-0.271
16761,-0.078
16762,-0.027
16763,-0.085
16764,-0.054
16765,-0.085
16766,-0.173
16767,-0.225
16768,-0.132
16769,-0.19
16770,-0.032
16771,-0.149
16772,-0.12
16773,-0.132
16774,-0.308
16775,0.029
16776,0.005
16777,-0.234
16778,-0.154
16779,0.049
16780,-0.183
16781,-0.088
16782,-0.237
16783,-0.229
16784,-0.039
16785,-0.156
16786,-0.129
16787,-0.085
16788,-0.034
16789,-0.181
16790,-0.073
16791,-0.352
16792,-0.012
16793,-0.037
16794,-0.288
16795,-0.183
16796,-0.144
16797,-0.063
16798,-0.173
16799,-0.164
16800,-0.266
16801,-0.078
16802,-0.164
16803,-0.22
16804,-0.115
16805,-0.095
16806,-0.12
16807,-0.173
16808,-0.193
16809,-0.112
16810,-0.034
16811,-0.083
16812,0.117
16813,-0.139
16814,-0.208
16815,-0.09
16816,-0.012
16817,-0.115
16818,-0.022
16819,-0.054
16820,-0.232
16821,-0.127
16822,-0.215
16823,-0.12
16824,-0.071
16825,-0.212
16826,-0.293
16827,0.054
16828,-0.051
16829,0.056
16830,-0.017
16831,-0.21
16832,0.117
16833,0.037
16834,-0.103
16835,-0.208
16836,-0.085
16837,-0.186
16838,-0.073
16839,-0.039
16840,-0.161
16841,-0.288
16842,-0.352
16843,-0.022
16844,0.071
16845,-0.247
16846,-0.288
16847,-0.071
16848,-0.156
16849,-0.264
16850,-0.164
16851,-0.183
16852,-0.115
16853,-0.117
16854,-0.11
16855,-0.061
16856,-0.122
16857,-0.178
16858,0.061
16859,-0.044
16860,-0.042
16861,0.01
16862,-0.164
16863,-0.193
16864,-0.19
16865,-0.09
16866,-0.051
16867,-0.2
16868,-0.205
16869,-0.105
16870,-0.132
16871,-0.178
16872,-0.11
16873,-0.261
16874,0.012
16875,-0.054
16876,-0.195
16877,-0.273
16878,-0.115
16879,-0.137
16880,-0.02
16881,-0.044
16882,-0.149
16883,-0.085
16884,-0.117
16885,-0.159
16886,-0.027
16887,-0.017
16888,-0.159
16889,0.024
16890,0.137
16891,-0.381
16892,-0.198
16893,-0.017
16894,-0.139
16895,-0.195
16896,-0.066
16897,-0.11
16898,-0.132
16899,0.022
16900,-0.115
16901,-0.181
16902,-0.081
16903,0.083
16904,-0.059
16905,-0.183
16906,-0.081
16907,-0.071
16908,-0.12
16909,-0.144
16910,-0.042
16911,-0.051
16912,-0.1
16913,-0.088
16914,-0.022
16915,-0.063
16916,-0.19
16917,-0.103
16918,0.029
16919,-0.083
16920,-0.183
16921,-0.142
16922,-0.017
16923,-0.217
16924,-0.127
16925,-0.044
16926,-0.156
16927,-0.195
16928,-0.085
16929,-0.051
16930,-0.024
16931,-0.203
16932,-0.112
16933,-0.171
16934,-0.286
16935,-0.232
16936,-0.042
16937,-0.244
16938,-0.105
16939,-0.139
16940,-0.076
16941,-0.217
16942,-0.029
16943,-0.071
16944,0.049
16945,-0.088
16946,-0.278
16947,-0.198
16948,-0.31
16949,-0.278
16950,-0.186
16951,0.005
16952,-0.051
16953,-0.215
16954,-0.032
16955,-0.012
16956,0.117
16957,-0.09
16958,-0.198
16959,-0.149
16960,-0.21
16961,-0.305
16962,-0.2
16963,-0.444
16964,-0.024
16965,0.21
16966,-0.293
16967,-0.33
16968,0.046
16969,-0.11
16970,-0.361
16971,-0.1
16972,0.002
16973,-0.073
16974,-0.146
16975,-0.137
16976,0.039
16977,-0.002
16978,-0.161
16979,-0.134
16980,-0.002
16981,-0.017
16982,-0.159
16983,-0.09
16984,-0.017
16985,-0.093
16986,-0.168
16987,-0.227
16988,-0.117
16989,-0.173
16990,-0.205
16991,-0.039
16992,-0.161
16993,-0.173
16994,-0.21
16995,-0.227
16996,-0.002
16997,-0.151
16998,-0.229
16999,-0.054
17000,0.024
17001,-0.139
17002,-0.161
17003,-0.061
17004,-0.022
17005,-0.188
17006,-0.186
17007,-0.21
17008,-0.159
17009,-0.044
17010,-0.21
17011,-0.083
17012,-0.015
17013,-0.125
17014,-0.195
17015,-0.173
17016,-0.132
17017,-0.1
17018,-0.178
17019,-0.01
17020,0.017
17021,-0.168
17022,-0.159
17023,-0.149
17024,-0.115
17025,-0.042
17026,-0.2
17027,-0.107
17028,0.09
17029,-0.051
17030,-0.007
17031,-0.032
17032,-0.212
17033,-0.063
17034,-0.244
17035,-0.176
17036,-0.437
17037,-0.452
17038,0.017
17039,0.139
17040,-0.154
17041,-0.125
17042,0.081
17043,-0.078
17044,-0.42
17045,-0.264
17046,0.007
17047,0.015
17048,-0.176
17049,-0.098
17050,0.017
17051,-0.146
17052,-0.305
17053,-0.085
17054,-0.054
17055,-0.198
17056,-0.229
17057,-0.105
17058,-0.156
17059,-0.283
17060,-0.098
17061,0.012
17062,0.005
17063,-0.156
17064,-0.085
17065,-0.105
17066,-0.139
17067,-0.088
17068,0.02
17069,-0.173
17070,-0.071
17071,0.088
17072,-0.251
17073,-0.186
17074,-0.176
17075,0.125
17076,-0.01
17077,-0.09
17078,-0.156
17079,-0.051
17080,-0.215
17081,-0.073
17082,-0.002
17083,-0.142
17084,-0.137
17085,-0.139
17086,0.049
17087,-0.066
17088,-0.229
17089,-0.303
17090,-0.015
17091,-0.168
17092,-0.256
17093,0.017
17094,-0.168
17095,-0.044
17096,-0.046
17097,-0.049
17098,-0.227
17099,0.068
17100,0.083
17101,-0.029
17102,0.005
17103,-0.132
17104,-0.051
17105,-0.166
17106,-0.161
17107,-0.002
17108,0.042
17109,-0.229
17110,-0.125
17111,-0.183
17112,-0.073
17113,-0.046
17114,-0.234
17115,-0.076
17116,-0.061
17117,-0.12
17118,-0.2
17119,0.022
17120,-0.186
17121,-0.044
17122,-0.164
17123,-0.105
17124,-0.107
17125,-0.137
17126,-0.1
17127,-0.129
17128,-0.203
17129,-0.315
17130,-0.032
17131,0.017
17132,-0.144
17133,-0.293
17134,-0.347
17135,-0.132
17136,-0.093
17137,0.066
17138,-0.173
17139,-0.146
17140,-0.139
17141,0.015
17142,-0.046
17143,-0.1
17144,-0.007
17145,0.151
17146,0.066
17147,-0.125
17148,-0.183
17149,-0.261
17150,-0.181
17151,-0.127
17152,-0.195
17153,-0.168
17154,-0.186
17155,-0.168
17156,-0.112
17157,-0.103
17158,-0.271
17159,-0.259
17160,-0.129
17161,0.186
17162,-0.078
17163,-0.308
17164,-0.273
17165,-0.107
17166,0.085
17167,0.039
17168,-0.034
17169,-0.173
17170,-0.225
17171,-0.205
17172,-0.029
17173,-0.139
17174,-0.134
17175,-0.068
17176,-0.144
17177,-0.142
17178,-0.09
17179,-0.015
17180,-0.164
17181,0.144
17182,0.056
17183,-0.11
17184,-0.02
17185,-0.051
17186,-0.264
17187,-0.024
17188,0.059
17189,-0.159
17190,-0.408
17191,-0.217
17192,0.166
17193,-0.176
17194,-0.166
17195,-0.254
17196,-0.144
17197,-0.146
17198,-0.01
17199,0.012
17200,-0.212
17201,-0.051
17202,-0.366
17203,-0.303
17204,-0.059
17205,-0.015
17206,-0.232
17207,-0.195
17208,-0.198
17209,0.017
17210,0.081
17211,-0.278
17212,-0.186
17213,-0.117
17214,-0.105
17215,-0.242
17216,-0.017
17217,-0.063
17218,-0.032
17219,0.027
17220,-0.107
17221,-0.042
17222,-0.002
17223,0.012
17224,-0.168
17225,-0.039
17226,-0.217
17227,-0.02
17228,-0.139
17229,-0.225
17230,-0.249
17231,-0.09
17232,-0.005
17233,-0.137
17234,-0.215
17235,-0.305
17236,-0.12
17237,-0.171
17238,-0.168
17239,-0.183
17240,-0.015
17241,0.081
17242,-0.027
17243,-0.156
17244,-0.156
17245,-0.205
17246,-0.234
17247,0.161
17248,-0.173
17249,-0.398
17250,-0.078
17251,0.12
17252,-0.164
17253,-0.085
17254,0.015
17255,-0.171
17256,-0.042
17257,-0.181
17258,0.054
17259,-0.027
17260,-0.073
17261,-0.044
17262,-0.029
17263,-0.122
17264,-0.01
17265,0.107
17266,-0.037
17267,-0.151
17268,-0.315
17269,-0.115
17270,-0.054
17271,-0.129
17272,-0.281
17273,-0.127
17274,0.044
17275,-0.173
17276,-0.259
17277,-0.249
17278,-0.164
17279,-0.061
17280,0.11
17281,-0.066
17282,-0.193
17283,-0.208
17284,0.078
17285,0.029
17286,-0.166
17287,0.063
17288,-0.193
17289,-0.024
17290,-0.022
17291,-0.005
17292,-0.22
17293,-0.198
17294,-0.112
17295,-0.166
17296,-0.215
17297,-0.3
17298,0.017
17299,-0.278
17300,-0.098
17301,-0.083
17302,-0.083
17303,-0.095
17304,-0.088
17305,-0.083
17306,0.015
17307,0.112
17308,-0.354
17309,-0.205
17310,-0.166
17311,-0.159
17312,-0.112
17313,-0.239
17314,-0.095
17315,0.044
17316,-0.239
17317,-0.283
17318,0.039
17319,-0.283
17320,-0.229
17321,-0.154
17322,0.083
17323,-0.015
17324,-0.181
17325,-0.005
17326,-0.02
17327,-0.142
17328,-0.234
17329,-0.034
17330,-0.144
17331,-0.061
17332,-0.137
17333,0.125
17334,-0.063
17335,-0.19
17336,-0.186
17337,-0.081
17338,0.095
17339,-0.168
17340,-0.09
17341,-0.225
17342,0.017
17343,-0.166
17344,-0.012
17345,-0.066
17346,-0.081
17347,-0.083
17348,-0.081
17349,-0.061
17350,-0.249
17351,-0.056
17352,0.103
17353,-0.051
17354,-0.312
17355,0.0
17356,-0.203
17357,-0.183
17358,-0.137
17359,-0.063
17360,-0.054
17361,-0.046
17362,-0.002
17363,-0.256
17364,-0.144
17365,0.024
17366,0.054
17367,0.063
17368,0.239
17369,-0.156
17370,-0.303
17371,-0.2
17372,-0.212
17373,-0.076
17374,-0.212
17375,-0.095
17376,0.0
17377,0.029
17378,-0.366
17379,-0.239
17380,0.171
17381,-0.217
17382,-0.239
17383,0.027
17384,0.242
17385,-0.117
17386,-0.176
17387,-0.159
17388,0.083
17389,-0.09
17390,-0.242
17391,-0.015
17392,-0.107
17393,-0.173
17394,-0.168
17395,0.034
17396,-0.115
17397,-0.083
17398,-0.178
17399,0.071
17400,0.024
17401,-0.227
17402,-0.159
17403,-0.01
17404,-0.054
17405,-0.293
17406,-0.085
17407,0.029
17408,-0.054
17409,-0.186
17410,-0.139
17411,-0.081
17412,-0.12
17413,-0.046
17414,-0.232
17415,-0.115
17416,-0.286
17417,-0.203
17418,-0.227
17419,-0.054
17420,-0.181
17421,-0.146
17422,-0.076
17423,0.234
17424,-0.076
17425,-0.293
17426,0.151
17427,0.129
17428,-0.1
17429,-0.164
17430,-0.083
17431,-0.168
17432,-0.247
17433,-0.173
17434,0.01
17435,-0.012
17436,-0.273
17437,0.015
17438,0.042
17439,-0.332
17440,-0.366
17441,-0.049
17442,0.029
17443,-0.288
17444,-0.183
17445,-0.083
17446,-0.054
17447,-0.417
17448,-0.188
17449,-0.083
17450,-0.081
17451,-0.22
17452,-0.146
17453,-0.085
17454,-0.305
17455,-0.132
17456,-0.164
17457,0.078
17458,-0.291
17459,-0.071
17460,-0.144
17461,-0.129
17462,-0.173
17463,-0.051
17464,-0.105
17465,-0.19
17466,0.078
17467,-0.2
17468,-0.088
17469,-0.327
17470,0.142
17471,-0.159
17472,-0.398
17473,-0.193
17474,-0.173
17475,-0.312
17476,-0.33
17477,-0.125
17478,-0.02
17479,-0.005
17480,-0.298
17481,-0.107
17482,-0.212
17483,0.107
17484,-0.093
17485,-0.217
17486,-0.115
17487,-0.156
17488,-0.1
17489,-0.105
17490,-0.12
17491,-0.183
17492,-0.115
17493,-0.132
17494,-0.19
17495,-0.457
17496,-0.327
17497,-0.024
17498,0.127
17499,-0.056
17500,-0.249
17501,-0.032
17502,-0.049
17503,-0.034
17504,-0.266
17505,-0.039
17506,-0.161
17507,0.139
17508,0.205
17509,-0.007
17510,-0.129
17511,-0.042
17512,0.071
17513,-0.264
17514,-0.312
17515,-0.361
17516,-0.066
17517,-0.142
17518,0.01
17519,-0.002
17520,-0.278
17521,-0.208
17522,-0.015
17523,-0.215
17524,-0.403
17525,-0.002
17526,-0.015
17527,-0.056
17528,0.081
17529,-0.046
17530,-0.173
17531,-0.188
17532,0.146
17533,-0.198
17534,-0.222
17535,-0.117
17536,0.056
17537,-0.046
17538,-0.352
17539,-0.259
17540,-0.078
17541,-0.261
17542,-0.178
17543,0.095
17544,-0.181
17545,-0.161
17546,-0.042
17547,-0.159
17548,-0.227
17549,-0.059
17550,-0.024
17551,-0.022
17552,-0.073
17553,-0.054
17554,0.032
17555,-0.195
17556,-0.117
17557,-0.166
17558,-0.203
17559,-0.166
17560,-0.159
17561,-0.098
17562,-0.342
17563,-0.039
17564,-0.205
17565,-0.178
17566,0.012
17567,-0.034
17568,-0.146
17569,-0.173
17570,-0.364
17571,-0.149
17572,-0.176
17573,-0.002
17574,-0.085
17575,-0.322
17576,-0.132
17577,-0.037
17578,-0.188
17579,-0.203
17580,-0.261
17581,-0.129
17582,-0.208
17583,-0.071
17584,0.081
17585,-0.127
17586,-0.254
17587,0.129
17588,-0.083
17589,-0.361
17590,-0.325
17591,0.125
17592,0.1
17593,-0.142
17594,0.051
17595,-0.156
17596,-0.127
17597,-0.273
17598,-0.112
17599,-0.41
17600,-0.171
17601,-0.012
17602,-0.159
17603,-0.237
17604,-0.159
17605,-0.105
17606,-0.208
17607,0.015
17608,-0.129
17609,-0.149
17610,-0.176
17611,0.005
17612,0.012
17613,-0.151
17614,-0.2
17615,-0.144
17616,-0.046
17617,-0.205
17618,-0.134
17619,-0.415
17620,-0.088
17621,-0.002
17622,-0.051
17623,-0.2
17624,-0.01
17625,-0.002
17626,0.005
17627,0.088
17628,-0.198
17629,-0.015
17630,-0.078
17631,0.039
17632,-0.005
17633,-0.09
17634,-0.332
17635,-0.21
17636,-0.044
17637,-0.173
17638,-0.073
17639,-0.405
17640,-0.144
17641,-0.227
17642,-0.002
17643,-0.212
17644,-0.466
17645,-0.137
17646,0.005
17647,-0.139
17648,-0.352
17649,0.044
17650,-0.149
17651,0.068
17652,0.024
17653,0.007
17654,-0.127
17655,0.081
17656,0.11
17657,-0.31
17658,-0.254
17659,-0.386
17660,-0.156
17661,0.029
17662,0.112
17663,-0.21
17664,-0.237
17665,-0.31
17666,-0.081
17667,0.142
17668,0.312
17669,0.159
17670,-0.146
17671,-0.005
17672,-0.088
17673,-0.01
17674,-0.027
17675,0.005
17676,-0.1
17677,-0.149
17678,-0.144
17679,-0.063
17680,-0.11
17681,-0.256
17682,-0.217
17683,-0.295
17684,-0.212
17685,-0.247
17686,-0.042
17687,-0.117
17688,-0.195
17689,-0.032
17690,-0.017
17691,-0.288
17692,-0.171
17693,0.105
17694,-0.256
17695,-0.215
17696,-0.142
17697,-0.093
17698,-0.237
17699,-0.088
17700,-0.066
17701,-0.178
17702,-0.056
17703,-0.195
17704,0.054
17705,-0.042
17706,0.12
17707,0.071
17708,0.042
17709,-0.015
17710,-0.188
17711,-0.017
17712,0.105
17713,0.037
17714,-0.127
17715,-0.085
17716,-0.144
17717,-0.066
17718,-0.154
17719,-0.256
17720,-0.278
17721,-0.269
17722,-0.105
17723,-0.137
17724,-0.032
17725,-0.295
17726,-0.085
17727,-0.034
17728,0.024
17729,-0.098
17730,-0.115
17731,0.01
17732,-0.015
17733,-0.083
17734,-0.063
17735,-0.002
17736,-0.005
17737,-0.127
17738,-0.256
17739,-0.312
17740,-0.312
17741,-0.059
17742,-0.049
17743,-0.171
17744,-0.11
17745,-0.325
17746,-0.129
17747,-0.178
17748,-0.063
17749,-0.144
17750,-0.076
17751,-0.083
17752,0.012
17753,0.046
17754,-0.115
17755,-0.12
17756,-0.007
17757,0.083
17758,-0.19
17759,-0.049
17760,-0.005
17761,-0.103
17762,-0.198
17763,-0.254
17764,-0.227
17765,-0.291
17766,-0.068
17767,-0.261
17768,-0.229
17769,-0.276
17770,-0.059
17771,-0.176
17772,-0.056
17773,-0.085
17774,-0.11
17775,-0.186
17776,-0.269
17777,0.093
17778,-0.137
17779,-0.11
17780,-0.093
17781,0.215
17782,-0.017
17783,-0.032
17784,-0.063
17785,-0.073
17786,-0.09
17787,-0.217
17788,0.02
17789,-0.085
17790,0.01
17791,-0.11
17792,0.103
17793,-0.059
17794,-0.093
17795,-0.005
17796,-0.029
17797,-0.156
17798,-0.195
17799,0.088
17800,-0.02
17801,-0.139
17802,-0.21
17803,-0.164
17804,-0.098
17805,-0.127
17806,-0.061
17807,-0.1
17808,-0.049
17809,-0.073
17810,-0.022
17811,-0.173
17812,-0.056
17813,-0.115
17814,-0.178
17815,-0.203
17816,-0.183
17817,-0.12
17818,-0.273
17819,-0.286
17820,-0.269
17821,-0.303
17822,-0.374
17823,-0.068
17824,-0.112
17825,-0.156
17826,-0.149
17827,-0.02
17828,0.12
17829,-0.1
17830,-0.125
17831,-0.095
17832,0.085
17833,-0.081
17834,-0.093
17835,-0.222
17836,-0.154
17837,0.005
17838,-0.134
17839,-0.012
17840,-0.098
17841,-0.134
17842,-0.286
17843,0.044
17844,-0.066
17845,-0.283
17846,-0.283
17847,-0.212
17848,-0.127
17849,-0.271
17850,-0.2
17851,0.037
17852,0.105
17853,-0.156
17854,-0.244
17855,0.081
17856,-0.049
17857,-0.266
17858,-0.078
17859,0.046
17860,-0.269
17861,-0.125
17862,-0.112
17863,-0.066
17864,-0.149
17865,-0.015
17866,-0.122
17867,-0.183
17868,-0.183
17869,-0.059
17870,0.059
17871,-0.339
17872,-0.181
17873,0.076
17874,-0.103
17875,-0.156
17876,-0.056
17877,0.024
17878,-0.034
17879,-0.212
17880,-0.31
17881,-0.068
17882,-0.142
17883,-0.142
17884,-0.183
17885,-0.229
17886,-0.276
17887,-0.254
17888,-0.154
17889,-0.142
17890,-0.203
17891,-0.154
17892,-0.063
17893,-0.115
17894,-0.1
17895,-0.159
17896,-0.093
17897,-0.142
17898,-0.02
17899,0.007
17900,-0.256
17901,-0.122
17902,-0.178
17903,-0.239
17904,0.007
17905,0.044
17906,-0.3
17907,-0.195
17908,-0.261
17909,-0.227
17910,0.022
17911,-0.088
17912,-0.156
17913,-0.125
17914,-0.137
17915,-0.168
17916,-0.146
17917,-0.229
17918,-0.061
17919,-0.022
17920,-0.146
17921,-0.259
17922,-0.225
17923,-0.215
17924,-0.022
17925,-0.09
17926,0.024
17927,-0.024
17928,-0.242
17929,-0.02
17930,-0.02
17931,0.002
17932,-0.137
17933,-0.11
17934,-0.122
17935,-0.171
17936,-0.127
17937,-0.247
17938,-0.259
17939,-0.105
17940,-0.017
17941,-0.188
17942,-0.061
17943,-0.005
17944,-0.122
17945,-0.234
17946,-0.005
17947,0.0
17948,-0.269
17949,-0.015
17950,-0.081
17951,-0.2
17952,-0.134
17953,0.103
17954,0.146
17955,-0.254
17956,-0.21
17957,0.017
17958,0.066
17959,-0.002
17960,0.098
17961,-0.046
17962,-0.063
17963,-0.129
17964,-0.112
17965,-0.125
17966,-0.308
17967,-0.137
17968,-0.012
17969,-0.068
17970,-0.132
17971,-0.234
17972,0.0
17973,0.024
17974,-0.085
17975,-0.203
17976,-0.059
17977,-0.222
17978,-0.081
17979,-0.339
17980,-0.139
17981,-0.508
17982,-0.959
17983,-0.53
17984,0.256
17985,-0.059
17986,-0.125
17987,0.066
17988,0.049
17989,-0.137
17990,-0.315
17991,0.005
17992,-0.002
17993,-0.046
17994,-0.046
17995,0.005
17996,-0.127
17997,-0.264
17998,-0.11
17999,-0.129
18000,0.046
18001,-0.071
18002,-0.117
18003,-0.298
18004,0.063
18005,-0.056
18006,-0.4
18007,-0.061
18008,-0.059
18009,-0.039
18010,-0.137
18011,-0.303
18012,-0.039
18013,-0.073
18014,-0.32
18015,0.024
18016,0.061
18017,-0.33
18018,-0.161
18019,-0.217
18020,-0.266
18021,-0.007
18022,-0.151
18023,-0.386
18024,-0.046
18025,-0.12
18026,-0.193
18027,-0.234
18028,-0.112
18029,-0.017
18030,0.01
18031,-0.232
18032,-0.034
18033,0.088
18034,-0.112
18035,0.007
18036,0.095
18037,-0.159
18038,-0.161
18039,-0.154
18040,0.078
18041,0.115
18042,-0.134
18043,-0.137
18044,-0.073
18045,-0.33
18046,-0.09
18047,-0.073
18048,-0.186
18049,-0.149
18050,-0.2
18051,-0.154
18052,0.078
18053,-0.042
18054,-0.144
18055,-0.144
18056,-0.217
18057,-0.122
18058,-0.203
18059,-0.173
18060,-0.115
18061,-0.088
18062,-0.234
18063,-0.369
18064,-0.112
18065,-0.232
18066,-0.159
18067,-0.186
18068,-0.227
18069,-0.217
18070,-0.002
18071,0.076
18072,-0.051
18073,-0.076
18074,-0.11
18075,-0.071
18076,0.095
18077,-0.071
18078,-0.125
18079,-0.066
18080,-0.09
18081,-0.095
18082,-0.142
18083,0.02
18084,-0.09
18085,-0.154
18086,-0.43
18087,-0.195
18088,-0.125
18089,-0.266
18090,-0.249
18091,0.0
18092,-0.027
18093,0.061
18094,-0.054
18095,-0.176
18096,-0.081
18097,-0.085
18098,-0.049
18099,-0.168
18100,-0.176
18101,-0.039
18102,-0.02
18103,-0.181
18104,-0.347
18105,-0.212
18106,-0.146
18107,-0.159
18108,-0.181
18109,-0.225
18110,-0.168
18111,-0.088
18112,0.107
18113,-0.002
18114,-0.264
18115,-0.239
18116,-0.059
18117,-0.076
18118,-0.049
18119,-0.022
18120,-0.188
18121,-0.134
18122,-0.249
18123,-0.254
18124,-0.015
18125,-0.01
18126,-0.122
18127,-0.266
18128,-0.188
18129,-0.205
18130,-0.242
18131,-0.125
18132,-0.181
18133,0.054
18134,0.017
18135,-0.103
18136,-0.105
18137,-0.002
18138,-0.059
18139,-0.007
18140,-0.122
18141,-0.139
18142,-0.2
18143,-0.149
18144,-0.127
18145,-0.11
18146,-0.188
18147,-0.037
18148,-0.015
18149,-0.352
18150,-0.276
18151,0.029
18152,-0.088
18153,-0.254
18154,-0.132
18155,-0.01
18156,-0.044
18157,-0.225
18158,-0.042
18159,-0.078
18160,-0.076
18161,-0.02
18162,-0.164
18163,-0.122
18164,-0.139
18165,-0.063
18166,-0.291
18167,-0.244
18168,-0.178
18169,-0.181
18170,-0.325
18171,-0.066
18172,-0.002
18173,-0.068
18174,-0.144
18175,-0.117
18176,0.066
18177,-0.12
18178,-0.139
18179,0.037
18180,-0.056
18181,-0.303
18182,-0.015
18183,-0.166
18184,-0.293
18185,-0.022
18186,-0.237
18187,-0.247
18188,-0.112
18189,-0.186
18190,-0.212
18191,-0.015
18192,-0.183
18193,-0.117
18194,-0.078
18195,-0.098
18196,0.081
18197,0.059
18198,-0.027
18199,-0.122
18200,-0.024
18201,-0.071
18202,0.046
18203,-0.154
18204,-0.117
18205,-0.149
18206,-0.244
18207,0.0
18208,-0.269
18209,-0.364
18210,0.039
18211,0.2
18212,-0.063
18213,-0.176
18214,-0.442
18215,-0.103
18216,0.188
18217,-0.073
18218,-0.122
18219,-0.098
18220,-0.11
18221,0.015
18222,0.149
18223,-0.068
18224,-0.051
18225,-0.1
18226,-0.164
18227,-0.11
18228,-0.217
18229,-0.278
18230,-0.024
18231,-0.21
18232,-0.203
18233,0.078
18234,-0.105
18235,-0.168
18236,-0.056
18237,-0.151
18238,-0.02
18239,-0.061
18240,-0.09
18241,-0.166
18242,-0.239
18243,-0.242
18244,-0.151
18245,-0.095
18246,-0.039
18247,0.044
18248,-0.081
18249,-0.239
18250,-0.193
18251,-0.19
18252,-0.181
18253,-0.098
18254,-0.159
18255,-0.105
18256,-0.1
18257,-0.176
18258,-0.107
18259,-0.234
18260,-0.139
18261,-0.151
18262,-0.007
18263,0.012
18264,-0.159
18265,-0.144
18266,-0.085
18267,-0.122
18268,-0.173
18269,-0.183
18270,-0.098
18271,0.137
18272,-0.33
18273,-0.039
18274,0.059
18275,-0.063
18276,-0.168
18277,-0.054
18278,-0.098
18279,-0.151
18280,-0.154
18281,-0.293
18282,0.007
18283,0.029
18284,-0.078
18285,-0.132
18286,0.037
18287,0.002
18288,0.015
18289,0.061
18290,-0.073
18291,-0.01
18292,-0.139
18293,-0.227
18294,-0.2
18295,-0.049
18296,-0.066
18297,-0.029
18298,-0.029
18299,-0.129
18300,-0.161
18301,-0.156
18302,0.139
18303,-0.173
18304,-0.256
18305,-0.264
18306,0.056
18307,-0.032
18308,-0.029
18309,0.0
18310,-0.061
18311,-0.312
18312,-0.076
18313,0.176
18314,0.039
18315,0.076
18316,-0.298
18317,-0.142
18318,0.212
18319,-0.002
18320,-0.208
18321,0.125
18322,0.002
18323,-0.386
18324,-0.317
18325,-0.322
18326,-0.007
18327,-0.286
18328,-0.142
18329,-0.137
18330,-0.059
18331,-0.193
18332,-0.061
18333,0.134
18334,-0.051
18335,-0.154
18336,-0.339
18337,-0.176
18338,-0.149
18339,-0.085
18340,-0.078
18341,-0.186
18342,-0.178
18343,-0.186
18344,0.046
18345,-0.127
18346,-0.195
18347,-0.283
18348,0.015
18349,-0.029
18350,-0.134
18351,-0.22
18352,-0.291
18353,-0.208
18354,-0.229
18355,-0.093
18356,-0.134
18357,0.029
18358,0.002
18359,-0.239
18360,-0.22
18361,0.027
18362,-0.012
18363,-0.237
18364,-0.015
18365,-0.188
18366,-0.261
18367,-0.198
18368,-0.107
18369,-0.171
18370,-0.198
18371,-0.181
18372,-0.054
18373,0.093
18374,-0.276
18375,-0.168
18376,-0.029
18377,0.061
18378,-0.161
18379,0.068
18380,0.015
18381,-0.032
18382,-0.024
18383,0.032
18384,-0.071
18385,-0.322
18386,-0.027
18387,-0.107
18388,-0.027
18389,-0.173
18390,0.037
18391,-0.073
18392,-0.229
18393,-0.244
18394,-0.061
18395,0.037
18396,-0.144
18397,-0.115
18398,-0.217
18399,-0.017
18400,0.007
18401,-0.056
18402,-0.244
18403,-0.21
18404,-0.156
18405,-0.181
18406,-0.22
18407,-0.208
18408,-0.105
18409,-0.161
18410,-0.083
18411,-0.115
18412,-0.073
18413,-0.159
18414,-0.151
18415,-0.19
18416,0.007
18417,-0.095
18418,-0.068
18419,-0.127
18420,-0.198
18421,-0.122
18422,-0.09
18423,-0.103
18424,0.063
18425,-0.01
18426,-0.176
18427,-0.364
18428,-0.166
18429,0.156
18430,-0.122
18431,-0.239
18432,-0.11
18433,0.022
18434,-0.1
18435,-0.007
18436,0.032
18437,-0.115
18438,-0.076
18439,0.061
18440,-0.061
18441,-0.166
18442,-0.105
18443,0.007
18444,-0.286
18445,-0.33
18446,-0.281
18447,-0.176
18448,-0.005
18449,-0.032
18450,-0.168
18451,-0.2
18452,-0.247
18453,-0.203
18454,0.012
18455,-0.208
18456,-0.273
18457,0.012
18458,-0.12
18459,-0.085
18460,-0.125
18461,0.081
18462,-0.181
18463,-0.295
18464,-0.088
18465,-0.132
18466,-0.347
18467,-0.166
18468,0.115
18469,-0.271
18470,-0.229
18471,-0.117
18472,-0.103
18473,-0.21
18474,-0.144
18475,-0.125
18476,-0.051
18477,-0.132
18478,0.054
18479,-0.049
18480,-0.112
18481,0.068
18482,-0.127
18483,-0.032
18484,-0.034
18485,0.0
18486,-0.168
18487,-0.186
18488,-0.151
18489,-0.137
18490,-0.129
18491,-0.063
18492,-0.215
18493,-0.208
18494,-0.122
18495,-0.205
18496,-0.063
18497,-0.132
18498,-0.02
18499,-0.034
18500,-0.205
18501,-0.125
18502,-0.198
18503,-0.046
18504,0.002
18505,-0.1
18506,-0.247
18507,-0.166
18508,-0.176
18509,-0.042
18510,-0.132
18511,-0.266
18512,-0.283
18513,-0.168
18514,-0.171
18515,-0.173
18516,-0.027
18517,-0.012
18518,0.039
18519,-0.1
18520,-0.066
18521,-0.046
18522,-0.09
18523,-0.081
18524,-0.105
18525,-0.029
18526,-0.244
18527,-0.142
18528,-0.12
18529,-0.256
18530,-0.195
18531,0.039
18532,-0.107
18533,-0.286
18534,-0.203
18535,-0.22
18536,-0.093
18537,-0.032
18538,-0.112
18539,-0.154
18540,-0.137
18541,-0.151
18542,-0.073
18543,-0.042
18544,-0.022
18545,-0.129
18546,-0.322
18547,-0.11
18548,-0.081
18549,-0.012
18550,-0.144
18551,-0.127
18552,-0.242
18553,-0.168
18554,-0.1
18555,-0.232
18556,-0.122
18557,-0.049
18558,0.068
18559,-0.085
18560,-0.154
18561,-0.132
18562,0.066
18563,0.0
18564,0.044
18565,-0.01
18566,-0.063
18567,-0.115
18568,-0.063
18569,-0.234
18570,-0.1
18571,-0.227
18572,-0.188
18573,-0.012
18574,-0.073
18575,-0.171
18576,-0.027
18577,-0.09
18578,-0.002
18579,-0.073
18580,-0.137
18581,-0.154
18582,-0.083
18583,-0.078
18584,-0.149
18585,-0.129
18586,-0.171
18587,-0.266
18588,-0.015
18589,0.115
18590,-0.195
18591,-0.208
18592,-0.142
18593,-0.098
18594,-0.247
18595,-0.21
18596,-0.132
18597,-0.293
18598,-0.186
18599,-0.024
18600,0.034
18601,-0.073
18602,-0.063
18603,-0.239
18604,-0.227
18605,-0.2
18606,-0.061
18607,-0.173
18608,-0.349
18609,-0.076
18610,0.017
18611,-0.022
18612,-0.249
18613,-0.051
18614,-0.298
18615,-0.044
18616,-0.117
18617,0.083
18618,-0.103
18619,-0.044
18620,0.049
18621,-0.032
18622,-0.115
18623,-0.144
18624,0.012
18625,-0.061
18626,0.012
18627,-0.181
18628,-0.054
18629,-0.115
18630,-0.244
18631,-0.039
18632,-0.144
18633,-0.19
18634,-0.354
18635,-0.2
18636,-0.134
18637,0.032
18638,-0.002
18639,-0.159
18640,0.168
18641,-0.059
18642,-0.005
18643,-0.073
18644,0.107
18645,-0.33
18646,-0.054
18647,-0.002
18648,-0.115
18649,0.012
18650,-0.33
18651,-0.295
18652,-0.042
18653,-0.09
18654,-0.229
18655,0.144
18656,-0.146
18657,-0.002
18658,-0.122
18659,-0.159
18660,-0.129
18661,0.164
18662,0.078
18663,0.134
18664,0.032
18665,-0.205
18666,-0.09
18667,-0.2
18668,-0.134
18669,-0.195
18670,-0.22
18671,-0.3
18672,-0.151
18673,-0.193
18674,-0.173
18675,-0.083
18676,-0.151
18677,-0.144
18678,-0.171
18679,-0.173
18680,-0.266
18681,-0.115
18682,0.032
18683,0.029
18684,0.032
18685,-0.166
18686,-0.073
18687,-0.159
18688,-0.142
18689,-0.186
18690,-0.076
18691,-0.229
18692,-0.168
18693,-0.122
18694,-0.081
18695,-0.068
18696,-0.049
18697,-0.083
18698,-0.073
18699,-0.02
18700,-0.068
18701,-0.193
18702,-0.137
18703,-0.112
18704,-0.22
18705,-0.166
18706,-0.002
18707,-0.09
18708,-0.217
18709,-0.107
18710,0.017
18711,-0.149
18712,-0.234
18713,-0.032
18714,0.061
18715,-0.098
18716,-0.205
18717,-0.254
18718,-0.308
18719,-0.217
18720,-0.017
18721,0.037
18722,-0.356
18723,-0.259
18724,0.098
18725,-0.056
18726,-0.015
18727,-0.049
18728,-0.029
18729,-0.151
18730,-0.286
18731,0.029
18732,-0.056
18733,-0.061
18734,0.105
18735,-0.076
18736,-0.54
18737,-0.234
18738,0.11
18739,0.039
18740,-0.088
18741,0.002
18742,-0.205
18743,-0.164
18744,-0.193
18745,0.071
18746,0.002
18747,-0.081
18748,-0.037
18749,0.168
18750,-0.012
18751,-0.254
18752,-0.078
18753,-0.127
18754,-0.085
18755,-0.015
18756,-0.215
18757,-0.369
18758,0.125
18759,-0.024
18760,-0.164
18761,-0.173
18762,-0.122
18763,0.056
18764,0.012
18765,0.103
18766,0.042
18767,-0.154
18768,-0.22
18769,0.085
18770,-0.103
18771,-0.264
18772,-0.198
18773,0.029
18774,-0.144
18775,-0.413
18776,-0.271
18777,0.105
18778,-0.024
18779,-0.105
18780,-0.205
18781,0.017
18782,0.056
18783,-0.012
18784,-0.239
18785,-0.146
18786,-0.073
18787,-0.186
18788,-0.547
18789,-0.183
18790,0.007
18791,-0.295
18792,-0.278
18793,-0.12
18794,-0.059
18795,-0.317
18796,-0.176
18797,0.024
18798,-0.051
18799,-0.237
18800,-0.259
18801,0.002
18802,-0.095
18803,-0.259
18804,0.056
18805,0.09
18806,-0.2
18807,0.122
18808,-0.059
18809,-0.046
18810,0.054
18811,-0.034
18812,-0.12
18813,-0.083
18814,-0.159
18815,-0.11
18816,0.044
18817,-0.081
18818,-0.051
18819,-0.154
18820,0.012
18821,-0.051
18822,-0.034
18823,-0.183
18824,0.044
18825,0.002
18826,-0.237
18827,-0.251
18828,-0.156
18829,-0.002
18830,-0.063
18831,-0.061
18832,-0.139
18833,-0.347
18834,-0.063
18835,0.051
18836,-0.229
18837,-0.217
18838,0.01
18839,-0.168
18840,0.027
18841,-0.249
18842,-0.024
18843,0.161
18844,-0.002
18845,-0.273
18846,-0.032
18847,-0.105
18848,-0.251
18849,-0.146
18850,-0.068
18851,-0.042
18852,-0.151
18853,-0.239
18854,-0.332
18855,-0.12
18856,-0.154
18857,-0.178
18858,-0.034
18859,-0.132
18860,-0.249
18861,-0.056
18862,0.247
18863,0.112
18864,-0.112
18865,-0.19
18866,-0.1
18867,-0.232
18868,-0.396
18869,-0.068
18870,-0.002
18871,-0.215
18872,-0.31
18873,-0.093
18874,-0.19
18875,-0.327
18876,-0.247
18877,0.063
18878,-0.112
18879,-0.183
18880,0.098
18881,0.09
18882,-0.151
18883,-0.02
18884,0.208
18885,0.005
18886,-0.095
18887,-0.066
18888,0.037
18889,0.0
18890,-0.11
18891,-0.198
18892,-0.061
18893,-0.188
18894,-0.208
18895,-0.039
18896,-0.186
18897,-0.212
18898,-0.081
18899,-0.056
18900,-0.266
18901,-0.139
18902,-0.222
18903,-0.146
18904,0.071
18905,-0.037
18906,-0.049
18907,-0.232
18908,-0.127
18909,-0.015
18910,0.059
18911,-0.103
18912,-0.154
18913,-0.2
18914,-0.098
18915,-0.339
18916,-0.083
18917,-0.176
18918,-0.288
18919,0.0
18920,-0.073
18921,-0.212
18922,-0.276
18923,-0.164
18924,0.156
18925,0.068
18926,-0.234
18927,-0.3
18928,-0.024
18929,-0.054
18930,-0.266
18931,-0.259
18932,-0.081
18933,-0.061
18934,-0.139
18935,-0.095
18936,-0.034
18937,0.005
18938,-0.188
18939,-0.151
18940,-0.142
18941,-0.266
18942,-0.364
18943,0.012
18944,0.144
18945,-0.154
18946,-0.234
18947,-0.088
18948,-0.21
18949,-0.312
18950,-0.481
18951,-0.237
18952,-0.017
18953,-0.076
18954,-0.347
18955,-0.1
18956,-0.159
18957,-0.261
18958,-0.19
18959,-0.032
18960,-0.063
18961,-0.137
18962,0.154
18963,0.22
18964,-0.12
18965,-0.237
18966,-0.027
18967,0.051
18968,-0.122
18969,-0.112
18970,-0.095
18971,0.002
18972,-0.283
18973,-0.19
18974,-0.071
18975,0.005
18976,-0.42
18977,-0.295
18978,0.039
18979,-0.308
18980,-0.286
18981,-0.098
18982,0.073
18983,-0.164
18984,-0.071
18985,-0.283
18986,-0.125
18987,0.024
18988,-0.134
18989,-0.22
18990,-0.159
18991,-0.1
18992,-0.09
18993,-0.029
18994,-0.21
18995,-0.308
18996,-0.464
18997,-0.305
18998,-0.085
18999,-0.034
19000,-0.146
19001,-0.247
19002,-0.161
19003,0.063
19004,0.012
19005,-0.139
19006,-0.071
19007,0.083
19008,0.002
19009,0.12
19010,0.059
19011,0.017
19012,-0.366
19013,0.137
19014,-0.005
19015,-0.291
19016,-0.334
19017,-0.059
19018,-0.017
19019,-0.037
19020,-0.266
19021,-0.227
19022,-0.156
19023,-0.366
19024,-0.247
19025,-0.166
19026,-0.32
19027,-0.505
19028,-0.264
19029,-0.159
19030,0.317
19031,0.073
19032,-0.327
19033,-0.066
19034,0.056
19035,-0.256
19036,-0.42
19037,-0.068
19038,-0.039
19039,0.105
19040,-0.085
19041,0.039
19042,-0.125
19043,-0.271
19044,0.085
19045,0.1
19046,0.063
19047,-0.068
19048,-0.083
19049,-0.09
19050,0.054
19051,-0.134
19052,-0.173
19053,-0.046
19054,-0.212
19055,-0.315
19056,-0.059
19057,0.112
19058,-0.334
19059,-0.247
19060,-0.034
19061,-0.181
19062,-0.251
19063,-0.098
19064,-0.229
19065,-0.356
19066,-0.229
19067,-0.183
19068,-0.034
19069,-0.327
19070,-0.061
19071,0.142
19072,-0.032
19073,-0.095
19074,-0.12
19075,-0.103
19076,-0.198
19077,-0.051
19078,0.032
19079,0.129
19080,-0.151
19081,-0.078
19082,0.081
19083,0.125
19084,0.017
19085,-0.225
19086,-0.117
19087,0.125
19088,-0.002
19089,-0.386
19090,0.161
19091,0.291
19092,-0.212
19093,-0.244
19094,-0.1
19095,-0.027
19096,-0.371
19097,-0.496
19098,-0.088
19099,-0.029
19100,-0.164
19101,-0.222
19102,0.039
19103,-0.042
19104,-0.276
19105,-0.4
19106,0.046
19107,0.11
19108,0.269
19109,-0.129
19110,-0.251
19111,-0.029
19112,-0.137
19113,-0.305
19114,-0.044
19115,0.09
19116,0.005
19117,-0.269
19118,-0.264
19119,-0.117
19120,-0.234
19121,-0.261
19122,0.061
19123,-0.007
19124,-0.239
19125,-0.093
19126,0.098
19127,-0.12
19128,-0.068
19129,0.1
19130,-0.029
19131,-0.283
19132,0.066
19133,-0.115
19134,-0.002
19135,-0.151
19136,-0.371
19137,-0.166
19138,0.09
19139,-0.154
19140,-0.417
19141,-0.225
19142,0.1
19143,-0.125
19144,-0.166
19145,-0.154
19146,-0.232
19147,-0.005
19148,0.139
19149,-0.044
19150,-0.056
19151,-0.166
19152,0.068
19153,-0.024
19154,-0.032
19155,-0.112
19156,-0.117
19157,-0.11
19158,0.027
19159,-0.007
19160,-0.21
19161,-0.166
19162,0.02
19163,-0.144
19164,-0.183
19165,-0.139
19166,-0.083
19167,0.012
19168,-0.012
19169,-0.117
19170,-0.034
19171,-0.171
19172,-0.085
19173,0.063
19174,-0.156
19175,-0.217
19176,0.012
19177,-0.117
19178,-0.19
19179,-0.378
19180,0.012
19181,-0.024
19182,-0.11
19183,-0.264
19184,-0.054
19185,0.051
19186,0.056
19187,-0.139
19188,-0.115
19189,-0.176
19190,0.115
19191,0.017
19192,-0.352
19193,-0.239
19194,-0.244
19195,-0.288
19196,0.071
19197,-0.198
19198,-0.195
19199,-0.154
19200,-0.042
19201,0.032
19202,0.117
19203,-0.269
19204,-0.173
19205,0.017
19206,0.088
19207,-0.212
19208,-0.139
19209,-0.21
19210,-0.012
19211,-0.183
19212,-0.042
19213,0.027
19214,-0.21
19215,-0.156
19216,0.117
19217,0.024
19218,-0.122
19219,-0.12
19220,-0.049
19221,0.127
19222,-0.046
19223,-0.264
19224,-0.232
19225,0.146
19226,-0.117
19227,-0.037
19228,0.095
19229,-0.203
19230,-0.005
19231,-0.132
19232,-0.278
19233,-0.051
19234,-0.095
19235,-0.317
19236,-0.156
19237,-0.159
19238,-0.239
19239,-0.244
19240,-0.286
19241,-0.125
19242,-0.007
19243,-0.151
19244,-0.19
19245,-0.037
19246,-0.2
19247,0.083
19248,-0.178
19249,-0.046
19250,0.002
19251,0.01
19252,-0.066
19253,0.007
19254,0.007
19255,-0.251
19256,-0.142
19257,-0.168
19258,-0.015
19259,0.037
19260,-0.151
19261,-0.068
19262,0.085
19263,-0.125
19264,-0.164
19265,-0.12
19266,-0.31
19267,-0.073
19268,-0.176
19269,-0.166
19270,-0.071
19271,-0.149
19272,-0.178
19273,-0.002
19274,-0.122
19275,-0.227
19276,-0.188
19277,-0.151
19278,-0.11
19279,-0.193
19280,-0.229
19281,-0.256
19282,-0.1
19283,-0.22
19284,-0.171
19285,0.068
19286,-0.178
19287,-0.1
19288,-0.103
19289,-0.1
19290,-0.115
19291,0.012
19292,-0.015
19293,-0.122
19294,-0.225
19295,-0.278
19296,-0.186
19297,-0.103
19298,-0.11
19299,-0.203
19300,-0.146
19301,-0.11
19302,-0.073
19303,-0.176
19304,-0.068
19305,0.042
19306,-0.029
19307,-0.271
19308,-0.264
19309,-0.076
19310,-0.037
19311,-0.212
19312,-0.247
19313,-0.098
19314,-0.146
19315,-0.166
19316,-0.034
19317,-0.1
19318,-0.334
19319,-0.215
19320,0.217
19321,-0.3
19322,-0.522
19323,0.247
19324,0.22
19325,-0.298
19326,-0.164
19327,0.21
19328,-0.112
19329,-0.078
19330,0.129
19331,-0.056
19332,-0.081
19333,-0.061
19334,0.017
19335,0.0
19336,-0.352
19337,-0.186
19338,0.295
19339,-0.176
19340,-0.3
19341,0.0
19342,-0.081
19343,-0.264
19344,-0.044
19345,-0.066
19346,-0.273
19347,-0.408
19348,-0.054
19349,0.002
19350,-0.312
19351,-0.012
19352,0.081
19353,-0.083
19354,-0.393
19355,-0.21
19356,-0.017
19357,-0.095
19358,-0.237
19359,-0.352
19360,0.017
19361,-0.12
19362,-0.205
19363,0.107
19364,0.076
19365,-0.393
19366,0.073
19367,0.122
19368,-0.41
19369,0.1
19370,0.071
19371,-0.01
19372,0.005
19373,-0.188
19374,-0.227
19375,-0.024
19376,-0.376
19377,0.068
19378,0.01
19379,-0.559
19380,-0.168
19381,0.039
19382,-0.334
19383,-0.122
19384,0.012
19385,-0.105
19386,0.168
19387,-0.066
19388,-0.085
19389,0.005
19390,-0.312
19391,-0.12
19392,0.015
19393,-0.151
19394,-0.356
19395,-0.022
19396,-0.278
19397,-0.21
19398,-0.249
19399,-0.156
19400,-0.005
19401,-0.012
19402,-0.432
19403,-0.154
19404,0.0
19405,-0.251
19406,0.01
19407,0.002
19408,-0.09
19409,-0.059
19410,-0.073
19411,-0.129
19412,-0.168
19413,-0.142
19414,-0.071
19415,0.059
19416,-0.342
19417,-0.151
19418,-0.154
19419,-0.142
19420,-0.181
19421,-0.132
19422,-0.193
19423,-0.037
19424,0.027
19425,-0.254
19426,-0.039
19427,-0.095
19428,-0.032
19429,-0.178
19430,0.01
19431,-0.044
19432,-0.146
19433,-0.288
19434,-0.146
19435,-0.095
19436,-0.393
19437,-0.312
19438,-0.056
19439,-0.068
19440,-0.432
19441,-0.193
19442,-0.173
19443,-0.01
19444,-0.149
19445,-0.205
19446,-0.015
19447,-0.251
19448,-0.129
19449,0.01
19450,0.154
19451,-0.032
19452,0.012
19453,-0.161
19454,-0.254
19455,-0.049
19456,-0.11
19457,-0.063
19458,-0.225
19459,-0.073
19460,-0.046
19461,-0.027
19462,-0.244
19463,0.042
19464,-0.029
19465,-0.139
19466,0.022
19467,0.005
19468,-0.122
19469,-0.337
19470,-0.01
19471,-0.059
19472,0.046
19473,-0.459
19474,-0.364
19475,0.088
19476,-0.129
19477,-0.193
19478,-0.181
19479,-0.017
19480,-0.325
19481,-0.149
19482,0.032
19483,0.181
19484,-0.339
19485,-0.134
19486,-0.02
19487,0.046
19488,-0.293
19489,-0.337
19490,0.281
19491,-0.144
19492,-0.208
19493,-0.137
19494,0.33
19495,-0.3
19496,-0.098
19497,0.061
19498,-0.322
19499,0.115
19500,-0.156
19501,0.103
19502,0.146
19503,-0.051
19504,0.02
19505,0.081
19506,-0.422
19507,-0.164
19508,0.015
19509,-0.344
19510,0.09
19511,0.051
19512,-0.225
19513,-0.3
19514,0.071
19515,-0.32
19516,0.015
19517,-0.181
19518,-0.229
19519,-0.408
19520,-0.166
19521,-0.166
19522,-0.122
19523,-0.115
19524,-0.3
19525,-0.125
19526,-0.195
19527,-0.059
19528,-0.076
19529,-0.002
19530,-0.002
19531,-0.203
19532,-0.198
19533,-0.073
19534,0.146
19535,-0.122
19536,0.01
19537,-0.103
19538,-0.078
19539,-0.244
19540,0.056
19541,-0.024
19542,-0.215
19543,-0.073
19544,-0.059
19545,-0.11
19546,-0.186
19547,-0.161
19548,-0.173
19549,-0.024
19550,-0.11
19551,0.022
19552,0.107
19553,-0.288
19554,-0.229
19555,-0.176
19556,-0.056
19557,-0.193
19558,-0.039
19559,-0.176
19560,-0.134
19561,-0.405
19562,-0.142
19563,0.078
19564,-0.193
19565,-0.093
19566,-0.098
19567,-0.061
19568,-0.171
19569,-0.071
19570,0.078
19571,-0.049
19572,-0.134
19573,-0.176
19574,0.073
19575,0.044
19576,-0.166
19577,-0.193
19578,0.115
19579,-0.183
19580,-0.049
19581,-0.071
19582,-0.11
19583,0.005
19584,-0.032
19585,0.078
19586,0.029
19587,-0.134
19588,-0.195
19589,-0.081
19590,-0.044
19591,-0.02
19592,-0.159
19593,0.105
19594,0.083
19595,-0.22
19596,-0.115
19597,-0.327
19598,-0.227
19599,-0.173
19600,-0.105
19601,-0.237
19602,-0.051
19603,-0.193
19604,-0.073
19605,0.015
19606,-0.208
19607,-0.129
19608,-0.156
19609,0.161
19610,0.093
19611,0.11
19612,-0.254
19613,-0.007
19614,-0.186
19615,-0.105
19616,-0.112
19617,-0.049
19618,0.076
19619,-0.176
19620,-0.334
19621,-0.049
19622,-0.063
19623,-0.237
19624,-0.017
19625,-0.068
19626,-0.31
19627,-0.186
19628,0.027
19629,-0.078
19630,-0.166
19631,-0.071
19632,-0.068
19633,-0.195
19634,-0.239
19635,-0.139
19636,-0.154
19637,-0.146
19638,-0.115
19639,-0.247
19640,-0.142
19641,-0.298
19642,-0.237
19643,-0.159
19644,-0.171
19645,-0.21
19646,-0.051
19647,-0.09
19648,-0.225
19649,0.037
19650,0.117
19651,-0.117
19652,-0.222
19653,0.078
19654,0.027
19655,-0.042
19656,-0.066
19657,-0.081
19658,-0.193
19659,-0.12
19660,-0.166
19661,-0.232
19662,-0.098
19663,-0.176
19664,-0.195
19665,-0.19
19666,-0.178
19667,-0.122
19668,-0.151
19669,-0.159
19670,-0.144
19671,0.015
19672,-0.134
19673,-0.093
19674,-0.183
19675,-0.002
19676,-0.076
19677,0.088
19678,-0.049
19679,-0.122
19680,0.01
19681,-0.1
19682,-0.068
19683,-0.134
19684,-0.073
19685,-0.308
19686,-0.232
19687,-0.078
19688,-0.115
19689,-0.215
19690,-0.161
19691,-0.056
19692,-0.261
19693,-0.076
19694,0.159
19695,-0.032
19696,-0.166
19697,-0.098
19698,0.0
19699,-0.117
19700,-0.21
19701,-0.261
19702,-0.051
19703,-0.095
19704,-0.317
19705,-0.176
19706,0.032
19707,-0.078
19708,-0.281
19709,-0.125
19710,-0.088
19711,-0.042
19712,-0.056
19713,-0.098
19714,-0.139
19715,-0.129
19716,-0.2
19717,-0.039
19718,-0.085
19719,-0.254
19720,-0.3
19721,-0.156
19722,-0.127
19723,-0.127
19724,-0.183
19725,-0.159
19726,-0.11
19727,-0.337
19728,-0.315
19729,-0.166
19730,-0.066
19731,-0.029
19732,-0.232
19733,-0.117
19734,-0.117
19735,-0.264
19736,-0.068
19737,0.09
19738,-0.088
19739,-0.32
19740,-0.286
19741,0.181
19742,0.146
19743,-0.432
19744,-0.229
19745,0.232
19746,-0.229
19747,-0.171
19748,0.066
19749,0.085
19750,-0.1
19751,-0.312
19752,-0.164
19753,0.002
19754,-0.332
19755,-0.371
19756,0.186
19757,0.012
19758,-0.325
19759,-0.105
19760,-0.144
19761,-0.12
19762,0.183
19763,-0.1
19764,-0.247
19765,-0.156
19766,-0.361
19767,-0.393
19768,0.068
19769,-0.01
19770,-0.129
19771,-0.273
19772,-0.239
19773,0.056
19774,-0.115
19775,-0.234
19776,0.015
19777,0.051
19778,-0.173
19779,-0.117
19780,0.103
19781,-0.005
19782,-0.1
19783,-0.083
19784,0.046
19785,-0.015
19786,-0.31
19787,-0.132
19788,0.076
19789,-0.208
19790,-0.393
19791,-0.015
19792,0.088
19793,-0.208
19794,-0.41
19795,-0.132
19796,0.024
19797,-0.139
19798,-0.205
19799,-0.142
19800,-0.132
19801,-0.156
19802,-0.222
19803,0.059
19804,-0.059
19805,-0.476
19806,-0.132
19807,0.095
19808,-0.173
19809,-0.188
19810,-0.105
19811,0.144
19812,0.115
19813,-0.068
19814,-1.738
19815,-0.474
19816,0.31
19817,0.937
19818,0.142
19819,-0.002
19820,-0.393
19821,-0.471
19822,-0.388
19823,-0.181
19824,0.088
19825,0.071
19826,0.276
19827,0.156
19828,-0.239
19829,-0.486
19830,-0.151
19831,-0.181
19832,-0.115
19833,-0.188
19834,-0.168
19835,-0.415
19836,-0.217
19837,-0.054
19838,-0.09
19839,-0.09
19840,-0.066
19841,0.071
19842,-0.142
19843,-0.369
19844,-0.117
19845,0.005
19846,-0.183
19847,-0.088
19848,-0.01
19849,-0.017
19850,-0.188
19851,-0.149
19852,0.063
19853,0.046
19854,0.127
19855,0.098
19856,-0.044
19857,0.02
19858,-0.049
19859,-0.159
19860,-0.117
19861,-0.227
19862,-0.039
19863,-0.032
19864,-0.229
19865,-0.151
19866,-0.176
19867,0.039
19868,-0.127
19869,-0.21
19870,0.015
19871,-0.146
19872,-0.186
19873,-0.188
19874,0.081
19875,-0.144
19876,-0.212
19877,-0.073
19878,-0.046
19879,-0.132
19880,-0.161
19881,-0.071
19882,-0.129
19883,-0.193
19884,-0.266
19885,-0.054
19886,-0.222
19887,-0.195
19888,-0.103
19889,-0.073
19890,-0.193
19891,-0.266
19892,-0.132
19893,-0.076
19894,0.037
19895,-0.137
19896,-0.095
19897,-0.02
19898,-0.051
19899,-0.154
19900,-0.225
19901,-0.098
19902,-0.088
19903,-0.151
19904,-0.12
19905,-0.059
19906,-0.149
19907,-0.085
19908,-0.093
19909,-0.134
19910,-0.225
19911,-0.261
19912,-0.125
19913,-0.081
19914,-0.137
19915,-0.132
19916,0.039
19917,-0.085
19918,-0.095
19919,-0.146
19920,-0.056
19921,0.002
19922,-0.081
19923,-0.259
19924,-0.276
19925,-0.164
19926,-0.037
19927,-0.056
19928,-0.1
19929,-0.203
19930,-0.237
19931,-0.134
19932,0.044
19933,0.098
19934,0.01
19935,-0.007
19936,-0.105
19937,-0.098
19938,-0.139
19939,-0.042
19940,-0.115
19941,-0.227
19942,-0.2
19943,-0.161
19944,-0.081
19945,-0.146
19946,-0.188
19947,-0.068
19948,-0.068
19949,-0.078
19950,-0.144
19951,-0.181
19952,-0.239
19953,-0.164
19954,-0.225
19955,-0.137
19956,-0.088
19957,-0.156
19958,-0.071
19959,-0.188
19960,-0.129
19961,-0.11
19962,-0.095
19963,-0.054
19964,-0.115
19965,-0.112
19966,-0.198
19967,-0.154
19968,-0.112
19969,-0.122
19970,-0.115
19971,0.015
19972,-0.254
19973,-0.002
19974,-0.022
19975,-0.168
19976,-0.115
19977,-0.203
19978,-0.063
19979,-0.063
19980,-0.259
19981,-0.281
19982,-0.071
19983,-0.098
19984,-0.049
19985,-0.002
19986,-0.269
19987,-0.259
19988,-0.2
19989,-0.088
19990,-0.125
19991,-0.156
19992,-0.115
19993,0.1
19994,-0.1
19995,-0.298
19996,-0.039
19997,-0.081
19998,-0.178
19999,0.034
20000,-0.034
20001,-0.078
20002,-0.149
20003,-0.1
20004,-0.022
20005,-0.103
20006,-0.068
20007,-0.054
20008,-0.146
20009,-0.107
20010,-0.027
20011,-0.083
20012,-0.073
20013,0.088
20014,-0.12
20015,-0.156
20016,-0.037
20017,-0.095
20018,-0.061
20019,-0.11
20020,0.029
20021,-0.012
20022,-0.049
20023,-0.061
20024,-0.046
20025,0.002
20026,-0.1
20027,-0.171
20028,-0.122
20029,-0.134
20030,-0.015
20031,-0.103
20032,-0.271
20033,-0.208
20034,-0.115
20035,-0.076
20036,-0.007
20037,-0.005
20038,-0.195
20039,-0.181
20040,0.02
20041,-0.071
20042,-0.254
20043,-0.251
20044,-0.02
20045,0.024
20046,-0.212
20047,-0.212
20048,-0.183
20049,-0.273
20050,-0.125
20051,-0.168
20052,-0.227
20053,-0.19
20054,-0.088
20055,-0.095
20056,-0.127
20057,-0.156
20058,-0.022
20059,0.076
20060,-0.042
20061,0.015
20062,0.039
20063,-0.098
20064,-0.195
20065,-0.044
20066,-0.144
20067,-0.095
20068,0.032
20069,-0.261
20070,-0.527
20071,-0.146
20072,-0.2
20073,-0.264
20074,-0.11
20075,-0.11
20076,-0.203
20077,-0.208
20078,-0.005
20079,0.034
20080,0.042
20081,-0.122
20082,0.112
20083,0.037
20084,-0.281
20085,-0.186
20086,-0.098
20087,-0.198
20088,-0.208
20089,-0.098
20090,-0.098
20091,-0.288
20092,-0.337
20093,-0.039
20094,0.005
20095,-0.078
20096,-0.022
20097,0.046
20098,-0.164
20099,-0.247
20100,-0.005
20101,0.127
20102,0.024
20103,-0.078
20104,-0.046
20105,-0.137
20106,-0.127
20107,-0.181
20108,-0.098
20109,-0.164
20110,-0.081
20111,-0.095
20112,-0.137
20113,-0.144
20114,-0.33
20115,-0.259
20116,0.139
20117,0.022
20118,-0.256
20119,-0.142
20120,-0.085
20121,-0.154
20122,-0.222
20123,-0.105
20124,-0.051
20125,0.01
20126,-0.103
20127,-0.002
20128,-0.125
20129,-0.195
20130,-0.142
20131,0.029
20132,-0.093
20133,-0.291
20134,-0.154
20135,0.022
20136,-0.017
20137,-0.093
20138,-0.171
20139,-0.09
20140,-0.183
20141,-0.181
20142,-0.117
20143,-0.225
20144,-0.161
20145,-0.012
20146,0.015
20147,-0.188
20148,0.032
20149,-0.12
20150,-0.149
20151,-0.112
20152,-0.156
20153,-0.068
20154,-0.139
20155,-0.332
20156,-0.125
20157,0.125
20158,0.032
20159,-0.112
20160,0.098
20161,-0.09
20162,-0.137
20163,-0.039
20164,-0.171
20165,-0.054
20166,-0.159
20167,-0.234
20168,-0.286
20169,-0.154
20170,-0.278
20171,-0.1
20172,-0.173
20173,-0.105
20174,0.037
20175,-0.078
20176,-0.112
20177,0.002
20178,-0.032
20179,-0.037
20180,-0.027
20181,-0.149
20182,-0.039
20183,-0.093
20184,-0.029
20185,-0.063
20186,-0.139
20187,-0.132
20188,-0.095
20189,-0.042
20190,-0.154
20191,-0.193
20192,-0.178
20193,-0.061
20194,-0.107
20195,-0.117
20196,-0.11
20197,-0.098
20198,-0.132
20199,0.005
20200,-0.139
20201,-0.134
20202,-0.1
20203,-0.173
20204,0.042
20205,-0.002
20206,-0.063
20207,-0.366
20208,-0.093
20209,-0.1
20210,-0.112
20211,-0.188
20212,-0.254
20213,-0.166
20214,-0.217
20215,-0.349
20216,-0.151
20217,-0.295
20218,-0.183
20219,0.244
20220,0.156
20221,-0.312
20222,-0.125
20223,0.286
20224,0.198
20225,0.032
20226,-0.112
20227,-0.059
20228,0.054
20229,-0.127
20230,-0.12
20231,-0.012
20232,-0.139
20233,-0.081
20234,-0.012
20235,-0.129
20236,-0.195
20237,-0.203
20238,-0.093
20239,0.022
20240,-0.222
20241,-0.269
20242,-0.1
20243,0.002
20244,-0.139
20245,-0.132
20246,-0.049
20247,-0.168
20248,-0.234
20249,-0.208
20250,-0.002
20251,-0.083
20252,-0.232
20253,-0.276
20254,-0.105
20255,-0.178
20256,-0.193
20257,-0.142
20258,-0.164
20259,-0.122
20260,-0.005
20261,0.027
20262,-0.127
20263,-0.139
20264,0.098
20265,-0.063
20266,0.059
20267,-0.015
20268,-0.164
20269,-0.129
20270,0.068
20271,0.042
20272,-0.215
20273,-0.168
20274,-0.139
20275,-0.159
20276,-0.115
20277,-0.093
20278,-0.193
20279,-0.264
20280,-0.11
20281,-0.168
20282,-0.391
20283,-0.215
20284,0.173
20285,0.076
20286,-0.039
20287,-0.378
20288,-0.234
20289,-0.212
20290,-0.308
20291,-0.269
20292,0.029
20293,-0.254
20294,-0.312
20295,0.073
20296,-0.042
20297,-0.198
20298,-0.149
20299,-0.076
20300,0.078
20301,0.1
20302,-0.149
20303,-0.027
20304,0.071
20305,-0.044
20306,-0.098
20307,-0.117
20308,-0.02
20309,-0.01
20310,-0.237
20311,-0.107
20312,-0.049
20313,-0.249
20314,-0.298
20315,-0.159
20316,-0.115
20317,-0.188
20318,-0.278
20319,0.022
20320,0.017
20321,-0.225
20322,-0.286
20323,-0.154
20324,-0.029
20325,-0.01
20326,-0.227
20327,-0.229
20328,-0.173
20329,-0.188
20330,-0.11
20331,-0.266
20332,-0.171
20333,-0.19
20334,-0.156
20335,-0.117
20336,-0.12
20337,-0.376
20338,-0.149
20339,0.046
20340,0.066
20341,-0.208
20342,-0.21
20343,-0.029
20344,0.044
20345,0.0
20346,-0.085
20347,-0.059
20348,-0.054
20349,-0.09
20350,-0.049
20351,0.042
20352,-0.173
20353,-0.334
20354,-0.215
20355,-0.156
20356,-0.4
20357,-0.471
20358,-0.156
20359,0.193
20360,-0.032
20361,-0.061
20362,-0.056
20363,-0.205
20364,-0.176
20365,-0.173
20366,-0.21
20367,0.039
20368,-0.005
20369,-0.078
20370,-0.063
20371,-0.02
20372,-0.127
20373,-0.173
20374,0.034
20375,-0.083
20376,-0.066
20377,-0.249
20378,-0.088
20379,-0.056
20380,-0.044
20381,-0.078
20382,-0.059
20383,-0.2
20384,-0.103
20385,-0.164
20386,-0.142
20387,-0.085
20388,-0.354
20389,-0.159
20390,0.078
20391,0.002
20392,-0.049
20393,-0.21
20394,-0.027
20395,-0.09
20396,-0.142
20397,-0.203
20398,-0.059
20399,-0.156
20400,-0.273
20401,-0.291
20402,-0.107
20403,-0.049
20404,-0.2
20405,0.022
20406,-0.081
20407,-0.273
20408,-0.222
20409,0.029
20410,-0.156
20411,-0.349
20412,-0.244
20413,-0.271
20414,-0.093
20415,-0.054
20416,-0.061
20417,-0.12
20418,-0.088
20419,-0.068
20420,0.005
20421,-0.215
20422,-0.193
20423,-0.181
20424,0.12
20425,0.012
20426,-0.066
20427,0.1
20428,-1.951
20429,-0.171
20430,0.881
20431,1.331
20432,0.11
20433,-0.063
20434,-0.674
20435,-0.525
20436,-0.496
20437,-0.493
20438,-0.059
20439,0.051
20440,0.281
20441,0.0
20442,-0.42
20443,-0.647
20444,0.061
20445,0.256
20446,0.112
20447,-0.056
20448,-0.234
20449,-0.19
20450,-0.022
20451,-0.078
20452,-0.11
20453,-0.024
20454,-0.178
20455,-0.059
20456,-0.249
20457,-0.215
20458,0.015
20459,-0.056
20460,-0.071
20461,0.042
20462,-0.078
20463,-0.071
20464,-0.017
20465,-0.171
20466,-0.044
20467,-0.151
20468,0.132
20469,0.266
20470,-0.125
20471,-0.305
20472,-0.164
20473,-0.01
20474,-0.034
20475,-0.156
20476,-0.332
20477,-0.037
20478,-0.137
