,-0.361
0,-0.247
1,-0.32
2,0.088
3,-0.076
4,-0.234
5,-0.059
6,0.039
7,-0.166
8,-0.105
9,0.137
10,-0.183
11,-0.168
12,-0.205
13,0.005
14,-0.002
15,-0.2
16,-0.017
17,0.154
18,0.005
19,-0.208
20,-0.193
21,-0.125
22,0.027
23,-0.039
24,-0.215
25,-0.129
26,-0.181
27,-0.264
28,-0.129
29,-0.232
30,-0.217
31,0.1
32,-0.059
33,-0.156
34,-0.127
35,-0.122
36,-0.071
37,0.005
38,-0.137
39,-0.393
40,-0.071
41,-0.02
42,-0.144
43,-0.271
44,-0.007
45,0.198
46,0.039
47,-0.21
48,-0.046
49,0.159
50,0.088
51,0.034
52,-0.342
53,-0.242
54,-0.095
55,-0.205
56,-0.237
57,0.037
58,-0.203
59,-0.076
60,0.046
61,0.015
62,-0.481
63,-0.281
64,0.271
65,0.144
66,-0.168
67,-0.417
68,0.076
69,-0.212
70,-0.273
71,-0.073
72,-0.2
73,-0.183
74,-0.22
75,-0.281
76,-0.032
77,-0.352
78,-0.049
79,0.022
80,-0.227
81,-0.305
82,-0.154
83,-0.278
84,0.134
85,-0.3
86,-0.261
87,0.012
88,0.076
89,-0.078
90,-0.098
91,-0.098
92,-0.156
93,0.078
94,-0.068
95,-0.225
96,-0.103
97,-0.222
98,0.012
99,0.034
100,-0.161
101,-0.254
102,0.029
103,0.098
104,0.034
105,-0.186
106,-0.171
107,-0.095
108,-0.222
109,-0.332
110,0.1
111,0.024
112,-0.366
113,-0.22
114,-0.112
115,-0.232
116,-0.242
117,-0.271
118,-0.105
119,-0.012
120,-0.024
121,-0.303
122,-0.046
123,-0.249
124,-0.225
125,-0.234
126,0.027
127,-0.046
128,-0.137
129,-0.112
130,-0.078
131,-0.056
132,-0.098
133,-0.081
134,-0.151
135,-0.229
136,-0.073
137,-0.1
138,-0.117
139,-0.249
140,0.051
141,0.012
142,0.024
143,-0.259
144,-0.117
145,-0.266
146,0.056
147,0.056
148,-0.242
149,-0.154
150,-0.029
151,-0.149
152,-0.371
153,-0.117
154,-0.186
155,-0.134
156,-0.02
157,0.027
158,-0.034
159,-0.215
160,-0.078
161,-0.037
162,-0.112
163,-0.217
164,-0.027
165,-0.195
166,-0.198
167,-0.2
168,-0.085
169,-0.212
170,-0.208
171,-0.261
172,-0.251
173,-0.291
174,-0.305
175,0.012
176,-0.066
177,-0.178
178,-0.095
179,-0.034
180,-0.151
181,-0.293
182,-0.212
183,0.002
184,0.037
185,-0.254
186,-0.107
187,-0.127
188,-0.205
189,-0.208
190,-0.029
191,-0.22
192,-0.337
193,-0.269
194,-0.161
195,-0.215
196,-0.344
197,-0.095
198,-0.159
199,-0.298
200,-0.261
201,-0.154
202,0.029
203,0.01
204,0.078
205,-0.081
206,-0.054
207,-0.161
208,0.061
209,-0.032
210,-0.129
211,-0.198
212,-0.095
213,-0.186
214,-0.217
215,-0.251
216,-0.237
217,0.012
218,-0.183
219,-0.396
220,-0.303
221,-0.156
222,-0.188
223,-0.232
224,-0.181
225,-0.105
226,-0.063
227,-0.188
228,-0.076
229,0.0
230,-0.215
231,-0.149
232,0.024
233,-0.027
234,-0.027
235,-0.081
236,-0.066
237,-0.09
238,-0.315
239,-0.3
240,-0.127
241,-0.027
242,-0.171
243,-0.137
244,-0.063
245,0.039
246,0.112
247,-0.098
248,-0.095
249,-0.081
250,0.049
251,0.027
252,0.015
253,-0.059
254,-0.002
255,-0.054
256,-0.1
257,-0.078
258,-0.073
259,-0.098
260,-0.005
261,0.027
262,-0.283
263,-0.212
264,0.09
265,0.154
266,-0.181
267,-0.19
268,-0.051
269,-0.068
270,0.029
271,0.134
272,0.0
273,-0.374
274,-0.222
275,0.032
276,-0.139
277,-0.322
278,-0.298
279,0.005
280,-0.068
281,-0.188
282,-0.164
283,-0.132
284,-0.171
285,-0.022
286,-0.059
287,-0.208
288,-0.161
289,-0.281
290,-0.078
291,-0.322
292,-0.283
293,-0.105
294,-0.049
295,-0.12
296,-0.044
297,-0.208
298,-0.066
299,0.081
300,-0.093
301,-0.281
302,-0.073
303,0.076
304,-0.183
305,-0.19
306,-0.217
307,-0.186
308,-0.085
309,-0.105
310,-0.024
311,-0.159
312,-0.029
313,-0.117
314,-0.171
315,-0.237
316,-0.168
317,-0.039
318,-0.037
319,-0.229
320,-0.327
321,-0.078
322,-0.149
323,-0.037
324,-0.139
325,-0.21
326,-0.212
327,0.081
328,-0.017
329,-0.127
330,-0.183
331,-0.176
332,0.0
333,-0.068
334,-0.095
335,-0.208
336,-0.024
337,-0.151
338,-0.249
339,-0.122
340,-0.093
341,0.066
342,0.056
343,0.085
344,-0.098
345,-0.063
346,-0.107
347,-0.078
348,-0.398
349,-0.051
350,0.022
351,-0.088
352,-0.139
353,-0.178
354,-0.154
355,-0.112
356,-0.044
357,-0.078
358,-0.21
359,-0.361
360,-0.061
361,0.017
362,-0.237
363,-0.281
364,-0.12
365,0.071
366,-0.198
367,-0.078
368,-0.063
369,0.039
370,0.071
371,0.105
372,-0.015
373,-0.168
374,-0.134
375,-0.242
376,-0.156
377,-0.068
378,-0.151
379,-0.281
380,0.076
381,-0.029
382,-0.061
383,-0.117
384,0.044
385,0.254
386,-0.095
387,-0.168
388,-0.132
389,0.002
390,-0.166
391,-0.112
392,-0.017
393,-0.156
394,-0.227
395,-0.269
396,-0.083
397,-0.21
398,-0.232
399,-0.081
400,-0.002
401,-0.266
402,-0.183
403,0.024
404,-0.076
405,-0.154
406,-0.278
407,-0.046
408,-0.112
409,-0.073
410,-0.039
411,-0.012
412,-0.215
413,-0.071
414,0.007
415,-0.112
416,-0.164
417,-0.098
418,0.049
419,-0.081
420,-0.105
421,-0.042
422,0.032
423,-0.024
424,-0.134
425,-0.146
426,-0.154
427,-0.029
428,-0.012
429,-0.071
430,-0.212
431,-0.142
432,-0.12
433,-0.02
434,-0.12
435,-0.217
436,-0.103
437,-0.12
438,-0.02
439,-0.173
440,-0.088
441,-0.093
442,-0.144
443,-0.095
444,-0.042
445,-0.33
446,-0.266
447,0.034
448,0.1
449,-0.083
450,-0.354
451,-0.225
452,-0.154
453,-0.024
454,-0.098
455,-0.071
456,-0.156
457,-0.137
458,-0.071
459,-0.122
460,-0.186
461,0.098
462,-0.005
463,-0.215
464,-0.027
465,0.093
466,-0.134
467,-0.151
468,0.061
469,-0.032
470,-0.283
471,-0.31
472,-0.239
473,-0.261
474,-0.229
475,-0.034
476,-0.051
477,-0.164
478,-0.249
479,-0.12
480,-0.239
481,-0.305
482,-0.137
483,-0.015
484,0.015
485,-0.105
486,-0.1
487,-0.1
488,0.015
489,0.002
490,-0.173
491,-0.1
492,-0.134
493,-0.115
494,-0.151
495,-0.027
496,-0.107
497,-0.198
498,-0.112
499,-0.107
500,-0.247
501,-0.015
502,0.2
503,-0.171
504,-0.186
505,0.005
506,-0.142
507,-0.149
508,-0.154
509,-0.002
510,-0.166
511,-0.081
512,0.076
513,0.029
514,-0.42
515,-0.129
516,-0.117
517,-0.195
518,-0.269
519,-0.161
520,-0.117
521,-0.19
522,-0.217
523,-0.129
524,0.071
525,-0.142
526,-0.088
527,0.01
528,0.029
529,-0.125
530,0.005
531,0.115
532,-0.068
533,-0.11
534,-0.068
535,-0.068
536,-0.173
537,-0.164
538,-0.225
539,-0.12
540,-0.159
541,-0.103
542,-0.024
543,-0.232
544,-0.286
545,-0.281
546,-0.061
547,-0.242
548,-0.149
549,-0.083
550,-0.107
551,-0.164
552,-0.159
553,-0.137
554,-0.186
555,-0.242
556,-0.212
557,-0.195
558,-0.276
559,-0.093
560,-0.12
561,-0.085
562,0.037
563,-0.247
564,-0.249
565,-0.049
566,0.068
567,-0.012
568,-0.093
569,-0.186
570,-0.144
571,-0.166
572,-0.359
573,-0.1
574,-0.156
575,-0.1
576,-0.142
577,-0.127
578,-0.305
579,-0.059
580,-0.071
581,-0.242
582,-0.208
583,-0.266
584,-0.103
585,0.046
586,0.024
587,-0.261
588,-0.254
589,-0.193
590,-0.159
591,-0.234
592,-0.264
593,0.173
594,-0.159
595,-0.239
596,-0.291
597,0.09
598,-0.256
599,-0.256
600,-0.21
601,-0.098
602,-0.303
603,-0.444
604,-0.022
605,0.012
606,-0.427
607,-0.354
608,-0.027
609,-0.222
610,-0.127
611,-0.037
612,0.0
613,0.024
614,-0.107
615,0.037
616,0.125
617,0.037
618,-0.244
619,-0.002
620,-0.015
621,-0.212
622,-0.195
623,-0.242
624,0.01
625,-0.088
626,-0.232
627,-0.125
628,0.085
629,-0.168
630,-0.173
631,-0.186
632,-0.181
633,-0.085
634,-0.149
635,0.022
636,0.012
637,-0.115
638,-0.352
639,-0.09
640,-0.205
641,-0.195
642,-0.066
643,-0.139
644,-0.2
645,-0.132
646,-0.181
647,-0.149
648,-0.129
649,-0.171
650,-0.029
651,-0.125
652,-0.022
653,-0.125
654,-0.227
655,-0.017
656,-0.005
657,-0.134
658,-0.22
659,-0.11
660,-0.105
661,-0.115
662,-0.344
663,-0.193
664,-0.117
665,-0.166
666,-0.168
667,-0.034
668,-0.164
669,-0.166
670,-0.095
671,0.071
672,-0.083
673,-0.208
674,-0.164
675,0.076
676,-0.166
677,-0.317
678,-0.083
679,-0.015
680,-0.217
681,-0.1
682,-0.005
683,-0.154
684,-0.261
685,-0.083
686,0.054
687,-0.146
688,-0.046
689,-0.002
690,-0.056
691,-0.007
692,-0.134
693,-0.2
694,0.071
695,-0.107
696,-0.022
697,-0.078
698,-0.056
699,0.049
700,0.103
701,-0.027
702,-0.256
703,-0.1
704,-0.156
705,-0.247
706,-0.217
707,-0.076
708,-0.176
709,-0.19
710,-0.132
711,-0.037
712,-0.032
713,-0.288
714,-0.439
715,-0.068
716,0.056
717,-0.161
718,-0.081
719,-0.195
720,-0.012
721,-0.132
722,-0.239
723,-0.088
724,-0.139
725,-0.2
726,-0.278
727,-0.046
728,-0.11
729,-0.037
730,-0.146
731,-0.244
732,-0.2
733,-0.022
734,0.032
735,-0.107
736,0.015
737,-0.164
738,0.081
739,0.029
740,-0.3
741,-0.295
742,-0.173
743,-0.176
744,-0.068
745,-0.161
746,-0.234
747,-0.095
748,-0.266
749,-0.007
750,-0.01
751,-0.168
752,0.093
753,-0.146
754,-0.188
755,-0.137
756,-0.129
757,-0.249
758,0.034
759,-0.234
760,-0.183
761,-0.068
762,-0.164
763,-0.02
764,-0.066
765,0.063
766,-0.022
767,0.115
768,-0.195
769,-0.139
770,-0.078
771,-0.144
772,-0.237
773,-0.051
774,0.015
775,-0.142
776,-0.217
777,-0.049
778,0.059
779,-0.09
780,-0.044
781,-0.3
782,-0.261
783,0.005
784,-0.129
785,-0.029
786,-0.264
787,-0.227
788,-0.029
789,-0.085
790,-0.22
791,0.046
792,-0.068
793,-0.171
794,-0.095
795,-0.146
796,-0.081
797,-0.203
798,-0.132
799,-0.232
800,-0.029
801,-0.168
802,-0.01
803,-0.007
804,-0.186
805,-0.312
806,0.012
807,0.02
808,-0.083
809,0.032
810,-0.237
811,0.012
812,-0.032
813,0.005
814,-0.044
815,-0.056
816,0.051
817,-0.239
818,-0.159
819,-0.317
820,-0.054
821,-0.085
822,-0.059
823,-0.237
824,-0.239
825,-0.171
826,-0.195
827,-0.132
828,-0.276
829,-0.073
830,-0.266
831,-0.149
832,-0.295
833,-0.129
834,-0.017
835,-0.11
836,0.017
837,-0.078
838,0.034
839,0.007
840,0.063
841,-0.247
842,-0.168
843,-0.107
844,-0.251
845,-0.2
846,-0.063
847,-0.098
848,-0.251
849,-0.034
850,-0.029
851,-0.029
852,-0.132
853,-0.061
854,-0.054
855,-0.166
856,-0.012
857,-0.081
858,-0.01
859,-0.2
860,-0.022
861,-0.139
862,-0.01
863,-0.034
864,-0.037
865,-0.208
866,-0.146
867,-0.085
868,-0.22
869,-0.117
870,-0.203
871,0.12
872,-0.269
873,-0.227
874,-0.056
875,-0.181
876,-0.181
877,-0.066
878,0.01
879,-0.134
880,-0.098
881,-0.166
882,-0.093
883,-0.229
884,-0.129
885,-0.215
886,-0.317
887,-0.039
888,0.015
889,-0.063
890,-0.271
891,-0.01
892,-0.176
893,-0.1
894,-0.127
895,-0.002
896,-0.132
897,-0.149
898,-0.117
899,-0.002
900,0.042
901,-0.198
902,-0.103
903,-0.374
904,-0.212
905,-0.164
906,-0.066
907,-0.063
908,-0.127
909,-0.269
910,-0.195
911,0.012
912,0.005
913,-0.029
914,-0.161
915,-0.178
916,-0.186
917,-0.117
918,-0.132
919,0.01
920,-0.063
921,-0.293
922,-0.051
923,-0.217
924,-0.232
925,-0.168
926,-0.029
927,-0.203
928,-0.112
929,-0.19
930,-0.127
931,-0.024
932,-0.278
933,-0.127
934,-0.017
935,-0.056
936,-0.127
937,-0.032
938,-0.181
939,-0.144
940,-0.076
941,-0.068
942,-0.024
943,-0.107
944,-0.029
945,-0.112
946,-0.132
947,-0.132
948,-0.09
949,-0.2
950,-0.225
951,-0.071
952,-0.181
953,-0.129
954,-0.203
955,-0.149
956,0.002
957,-0.012
958,-0.212
959,-0.212
960,-0.068
961,-0.107
962,-0.098
963,-0.239
964,-0.166
965,-0.259
966,-0.056
967,-0.142
968,-0.122
969,-0.042
970,-0.056
971,-0.159
972,-0.107
973,0.056
974,-0.173
975,-0.002
976,0.027
977,-0.027
978,-0.137
979,-0.088
980,-0.164
981,-0.139
982,-0.137
983,-0.195
984,-0.051
985,-0.173
986,-0.061
987,-0.186
988,-0.178
989,-0.295
990,-0.271
991,-0.02
992,-0.051
993,-0.168
994,-0.159
995,-0.063
996,-0.129
997,-0.073
998,-0.125
999,-0.044
1000,-0.137
1001,-0.173
1002,-0.115
1003,-0.1
1004,-0.195
1005,-0.205
1006,0.054
1007,-0.027
1008,-0.159
1009,-0.081
1010,0.027
1011,-0.012
1012,-0.244
1013,-0.127
1014,0.002
1015,0.042
1016,-0.085
1017,-0.103
1018,-0.195
1019,-0.144
1020,-0.112
1021,-0.098
1022,-0.137
1023,-0.347
1024,-0.205
1025,-0.093
1026,-0.208
1027,-0.288
1028,-0.139
1029,-0.168
1030,-0.139
1031,-0.237
1032,0.139
1033,-0.042
1034,-0.242
1035,-0.161
1036,0.017
1037,-0.125
1038,-0.117
1039,0.046
1040,-0.115
1041,-0.244
1042,-0.173
1043,-0.151
1044,-0.142
1045,-0.21
1046,-0.051
1047,-0.181
1048,-0.229
1049,-0.349
1050,-0.054
1051,-0.063
1052,-0.093
1053,-0.059
1054,-0.107
1055,-0.051
1056,-0.078
1057,-0.039
1058,-0.151
1059,-0.042
1060,0.051
1061,0.017
1062,-0.095
1063,-0.217
1064,-0.186
1065,-0.195
1066,0.007
1067,0.09
1068,-0.129
1069,-0.276
1070,-0.308
1071,-0.171
1072,-0.029
1073,0.0
1074,-0.144
1075,-0.083
1076,-0.056
1077,-0.181
1078,-0.178
1079,-0.083
1080,-0.137
1081,-0.112
1082,-0.127
1083,-0.222
1084,-0.278
1085,-0.273
1086,-0.09
1087,-0.188
1088,-0.093
1089,0.007
1090,-0.159
1091,-0.32
1092,0.046
1093,-0.1
1094,-0.01
1095,-0.068
1096,-0.085
1097,-0.056
1098,0.066
1099,-0.266
1100,-0.093
1101,-0.032
1102,-0.054
1103,-0.171
1104,-0.049
1105,-0.115
1106,-0.105
1107,-0.283
1108,-0.146
1109,-0.11
1110,-0.198
1111,-0.183
1112,-0.188
1113,-0.125
1114,-0.005
1115,-0.017
1116,-0.208
1117,-0.149
1118,-0.144
1119,-0.178
1120,-0.173
1121,-0.059
1122,-0.244
1123,-0.176
1124,-0.044
1125,-0.144
1126,-0.291
1127,-0.203
1128,-0.161
1129,0.049
1130,-0.073
1131,-0.115
1132,-0.09
1133,-0.095
1134,-0.134
1135,-0.107
1136,-0.205
1137,0.063
1138,-0.037
1139,-0.151
1140,-0.032
1141,-0.012
1142,-0.298
1143,0.022
1144,-0.09
1145,-0.315
1146,-0.183
1147,-0.188
1148,-0.061
1149,0.122
1150,-0.259
1151,-0.032
1152,0.042
1153,-0.105
1154,-0.039
1155,-0.068
1156,-0.261
1157,-0.125
1158,-0.215
1159,-0.103
1160,0.103
1161,-0.11
1162,-0.129
1163,-0.039
1164,-0.063
1165,-0.229
1166,-0.168
1167,-0.146
1168,-0.081
1169,-0.1
1170,-0.156
1171,-0.176
1172,-0.088
1173,-0.042
1174,0.022
1175,0.083
1176,-0.232
1177,-0.063
1178,0.125
1179,-0.005
1180,0.015
1181,0.046
1182,-0.022
1183,-0.227
1184,-0.22
1185,-0.166
1186,-0.156
1187,-0.232
1188,-0.017
1189,-0.181
1190,-0.171
1191,-0.242
1192,-0.242
1193,-0.203
1194,-0.242
1195,-0.142
1196,-0.188
1197,-0.156
1198,-0.044
1199,0.059
1200,-0.073
1201,-0.103
1202,-0.059
1203,-0.132
1204,-0.198
1205,-0.161
1206,-0.154
1207,-0.156
1208,-0.21
1209,-0.193
1210,-0.078
1211,-0.269
1212,-0.278
1213,-0.005
1214,0.042
1215,-0.081
1216,-0.061
1217,-0.007
1218,-0.034
1219,-0.098
1220,-0.2
1221,0.09
1222,0.176
1223,-0.132
1224,-0.264
1225,-0.19
1226,-0.085
1227,-0.139
1228,-0.054
1229,-0.186
1230,-0.139
1231,-0.181
1232,-0.049
1233,-0.122
1234,-0.122
1235,-0.098
1236,0.005
1237,0.0
1238,-0.2
1239,-0.21
1240,-0.056
1241,0.251
1242,0.063
1243,-0.127
1244,-0.234
1245,-0.232
1246,-0.146
1247,-0.176
1248,-0.049
1249,-0.132
1250,-0.122
1251,-0.303
1252,-0.066
1253,-0.117
1254,-0.251
1255,-0.11
1256,0.095
1257,-0.029
1258,-0.269
1259,-0.081
1260,-0.02
1261,-0.005
1262,0.01
1263,-0.178
1264,0.012
1265,-0.203
1266,-0.312
1267,-0.117
1268,0.012
1269,-0.266
1270,-0.325
1271,-0.049
1272,-0.088
1273,-0.444
1274,-0.337
1275,-0.007
1276,-0.046
1277,-0.239
1278,-0.146
1279,-0.01
1280,-0.066
1281,-0.029
1282,0.051
1283,0.0
1284,-0.11
1285,-0.142
1286,-0.122
1287,-0.029
1288,-0.105
1289,-0.095
1290,-0.09
1291,-0.161
1292,-0.151
1293,-0.203
1294,-0.117
1295,-0.076
1296,-0.066
1297,-0.125
1298,-0.037
1299,0.029
1300,-0.066
1301,0.0
1302,-0.005
1303,0.083
1304,-0.183
1305,-0.254
1306,-0.105
1307,0.017
1308,-0.12
1309,-0.081
1310,-0.076
1311,-0.188
1312,-0.154
1313,-0.188
1314,-0.032
1315,-0.142
1316,-0.164
1317,-0.156
1318,0.02
1319,-0.186
1320,-0.176
1321,-0.178
1322,-0.071
1323,-0.203
1324,-0.391
1325,-0.151
1326,-0.105
1327,-0.117
1328,-0.107
1329,0.195
1330,-0.002
1331,-0.217
1332,-0.051
1333,-0.2
1334,-0.225
1335,-0.222
1336,-0.183
1337,-0.037
1338,-0.12
1339,-0.142
1340,-0.068
1341,-0.005
1342,-0.229
1343,-0.142
1344,-0.059
1345,-0.078
1346,-0.176
1347,-0.11
1348,-0.01
1349,-0.046
1350,-0.142
1351,-0.09
1352,-0.222
1353,-0.161
1354,-0.193
1355,-0.229
1356,-0.159
1357,-0.127
1358,-0.212
1359,-0.085
1360,-0.093
1361,-0.166
1362,-0.105
1363,0.146
1364,-0.005
1365,-0.234
1366,-0.344
1367,-0.105
1368,-0.049
1369,-0.193
1370,-0.195
1371,-0.012
1372,-0.125
1373,-0.393
1374,-0.168
1375,-0.039
1376,-0.029
1377,-0.227
1378,-0.103
1379,-0.061
1380,-0.105
1381,-0.085
1382,-0.093
1383,0.093
1384,-0.115
1385,-0.203
1386,-0.125
1387,-0.103
1388,-0.146
1389,-0.21
1390,-0.132
1391,-0.083
1392,-0.125
1393,-0.183
1394,-0.122
1395,-0.159
1396,-0.107
1397,-0.161
1398,-0.142
1399,-0.195
1400,-0.352
1401,-0.039
1402,0.093
1403,-0.09
1404,-0.125
1405,0.054
1406,-0.088
1407,-0.254
1408,-0.32
1409,-0.112
1410,-0.098
1411,-0.168
1412,0.017
1413,-0.125
1414,-0.151
1415,-0.149
1416,0.039
1417,-0.02
1418,-0.032
1419,-0.049
1420,-0.132
1421,0.012
1422,-0.149
1423,-0.066
1424,0.049
1425,-0.022
1426,-0.171
1427,-0.032
1428,-0.088
1429,0.005
1430,-0.076
1431,-0.166
1432,0.015
1433,-0.11
1434,-0.176
1435,-0.232
1436,-0.012
1437,-0.242
1438,-0.132
1439,-0.168
1440,-0.085
1441,-0.166
1442,-0.232
1443,-0.12
1444,-0.159
1445,-0.142
1446,-0.144
1447,-0.115
1448,-0.273
1449,-0.183
1450,-0.276
1451,-0.139
1452,-0.046
1453,-0.21
1454,-0.21
1455,-0.278
1456,-0.002
1457,-0.144
1458,-0.127
1459,0.085
1460,-0.142
1461,-0.09
1462,0.112
1463,0.117
1464,-0.049
1465,-0.037
1466,-0.078
1467,-0.098
1468,-0.264
1469,-0.09
1470,-0.105
1471,-0.166
1472,-0.022
1473,-0.066
1474,-0.208
1475,-0.078
1476,-0.081
1477,0.081
1478,-0.103
1479,-0.144
1480,0.093
1481,-0.022
1482,-0.112
1483,0.002
1484,-0.056
1485,-0.168
1486,-0.105
1487,-0.027
1488,-0.137
1489,-0.093
1490,-0.234
1491,-0.227
1492,-0.315
1493,-0.161
1494,-0.107
1495,-0.161
1496,-0.291
1497,-0.129
1498,0.032
1499,-0.186
1500,-0.098
1501,-0.081
1502,0.051
1503,-0.01
1504,-0.105
1505,-0.129
1506,-0.037
1507,-0.083
1508,-0.259
1509,-0.144
1510,-0.061
1511,-0.234
1512,-0.256
1513,-0.232
1514,-0.176
1515,-0.117
1516,-0.161
1517,-0.208
1518,-0.195
1519,-0.166
1520,-0.225
1521,-0.156
1522,-0.12
1523,-0.217
1524,-0.281
1525,0.129
1526,-0.168
1527,-0.266
1528,-0.151
1529,-0.059
1530,-0.181
1531,-0.156
1532,-0.208
1533,-0.107
1534,-0.125
1535,-0.168
1536,-0.059
1537,0.042
1538,0.024
1539,-0.012
1540,-0.081
1541,0.002
1542,-0.129
1543,-0.11
1544,-0.156
1545,0.198
1546,-0.002
1547,-0.137
1548,-0.186
1549,-0.002
1550,-0.176
1551,-0.193
1552,-0.168
1553,-0.183
1554,-0.203
1555,-0.32
1556,-0.071
1557,-0.2
1558,-0.127
1559,-0.015
1560,0.056
1561,-0.183
1562,-0.132
1563,0.034
1564,0.0
1565,-0.149
1566,-0.134
1567,-0.1
1568,-0.195
1569,-0.107
1570,-0.107
1571,-0.286
1572,-0.203
1573,-0.242
1574,-0.239
1575,-0.151
1576,0.007
1577,-0.149
1578,-0.073
1579,-0.051
1580,-0.083
1581,-0.173
1582,-0.178
1583,-0.068
1584,0.059
1585,-0.073
1586,-0.22
1587,0.049
1588,0.037
1589,-0.134
1590,-0.09
1591,-0.127
1592,-0.198
1593,-0.144
1594,-0.181
1595,-0.046
1596,-0.037
1597,-0.232
1598,-0.134
1599,0.071
1600,-0.142
1601,-0.2
1602,0.066
1603,-0.044
1604,-0.217
1605,-0.173
1606,-0.056
1607,-0.046
1608,-0.298
1609,-0.354
1610,-0.273
1611,-0.12
1612,-0.308
1613,-0.256
1614,-0.225
1615,-0.283
1616,-0.234
1617,-0.073
1618,-0.269
1619,-0.303
1620,-0.032
1621,0.012
1622,-0.203
1623,-0.154
1624,0.049
1625,-0.012
1626,-0.134
1627,0.125
1628,0.085
1629,-0.027
1630,-0.117
1631,-0.125
1632,-0.286
1633,-0.078
1634,-0.11
1635,-0.161
1636,-0.237
1637,-0.178
1638,-0.105
1639,-0.161
1640,-0.349
1641,-0.237
1642,-0.017
1643,-0.044
1644,-0.115
1645,-0.1
1646,-0.061
1647,-0.039
1648,-0.032
1649,-0.063
1650,-0.122
1651,-0.22
1652,-0.19
1653,-0.115
1654,-0.078
1655,-0.127
1656,-0.291
1657,-0.154
1658,-0.005
1659,-0.027
1660,-0.215
1661,-0.181
1662,0.037
1663,-0.073
1664,-0.222
1665,-0.071
1666,0.039
1667,-0.063
1668,-0.049
1669,-0.171
1670,-0.146
1671,-0.188
1672,-0.122
1673,-0.093
1674,-0.146
1675,-0.242
1676,-0.205
1677,-0.071
1678,-0.181
1679,-0.173
1680,-0.183
1681,-0.095
1682,-0.017
1683,-0.222
1684,-0.044
1685,-0.134
1686,-0.095
1687,0.034
1688,-0.11
1689,-0.308
1690,-0.149
1691,-0.117
1692,-0.208
1693,-0.1
1694,-0.063
1695,-0.029
1696,-0.193
1697,-0.09
1698,-0.137
1699,-0.212
1700,-0.203
1701,-0.007
1702,0.034
1703,-0.149
1704,-0.01
1705,-0.063
1706,-0.098
1707,-0.137
1708,0.0
1709,-0.002
1710,0.01
1711,-0.007
1712,-0.078
1713,-0.193
1714,-0.103
1715,-0.007
1716,-0.183
1717,-0.349
1718,0.002
1719,-0.168
1720,-0.271
1721,-0.007
1722,-0.12
1723,-0.054
1724,-0.032
1725,-0.225
1726,-0.095
1727,-0.269
1728,-0.049
1729,0.01
1730,-0.269
1731,-0.217
1732,-0.049
1733,-0.107
1734,-0.107
1735,-0.002
1736,-0.227
1737,-0.188
1738,-0.225
1739,-0.034
1740,-0.237
1741,-0.01
1742,-0.146
1743,-0.078
1744,-0.022
1745,-0.017
1746,-0.254
1747,-0.061
1748,0.129
1749,0.017
1750,-0.334
1751,-0.156
1752,0.063
1753,-0.059
1754,-0.288
1755,-0.083
1756,-0.068
1757,-0.208
1758,-0.269
1759,-0.066
1760,-0.19
1761,-0.203
1762,-0.073
1763,-0.227
1764,-0.22
1765,-0.208
1766,-0.042
1767,0.168
1768,0.098
1769,-0.132
1770,-0.073
1771,0.017
1772,0.002
1773,-0.266
1774,-0.354
1775,-0.007
1776,0.027
1777,0.029
1778,-0.244
1779,-0.134
1780,-0.227
1781,-0.137
1782,-0.083
1783,-0.137
1784,-0.22
1785,-0.166
1786,-0.081
1787,-0.103
1788,-0.029
1789,0.059
1790,-0.134
1791,-0.232
1792,-0.203
1793,-0.085
1794,-0.256
1795,-0.039
1796,-0.105
1797,-0.276
1798,-0.396
1799,-0.1
1800,0.007
1801,0.027
1802,0.051
1803,-0.029
1804,0.002
1805,-0.095
1806,-0.066
1807,-0.022
1808,-0.159
1809,-0.342
1810,-0.095
1811,-0.085
1812,-0.078
1813,-0.098
1814,-0.095
1815,-0.129
1816,-0.212
1817,-0.217
1818,-0.085
1819,-0.002
1820,-0.254
1821,-0.242
1822,-0.176
1823,-0.002
1824,0.085
1825,-0.093
1826,0.046
1827,0.081
1828,-0.071
1829,-0.261
1830,-0.19
1831,0.037
1832,-0.273
1833,-0.305
1834,-0.22
1835,-0.298
1836,0.063
1837,-0.09
1838,-0.264
1839,-0.112
1840,-0.076
1841,-0.037
1842,-0.173
1843,-0.205
1844,-0.149
1845,-0.054
1846,-0.083
1847,-0.232
1848,-0.308
1849,-0.078
1850,0.039
1851,0.037
1852,-0.02
1853,-0.21
1854,-0.022
1855,-0.063
1856,-0.4
1857,-0.32
1858,-0.039
1859,-0.151
1860,-0.142
1861,-0.173
1862,-0.269
1863,0.051
1864,-0.095
1865,-0.063
1866,0.032
1867,-0.288
1868,-0.21
1869,-0.044
1870,-0.227
1871,-0.193
1872,-0.01
1873,-0.127
1874,0.071
1875,-0.146
1876,-0.21
1877,0.161
1878,-0.242
1879,-0.315
1880,-0.222
1881,-0.039
1882,-0.168
1883,-0.049
1884,-0.3
1885,-0.178
1886,0.012
1887,-0.22
1888,-0.205
1889,-0.051
1890,0.049
1891,-0.305
1892,-0.217
1893,-0.264
1894,0.073
1895,-0.159
1896,-0.093
1897,-0.044
1898,-0.264
1899,-0.132
1900,-0.059
1901,-0.181
1902,-0.295
1903,-0.176
1904,-0.034
1905,0.022
1906,-0.208
1907,-0.015
1908,0.024
1909,-0.242
1910,-0.134
1911,-0.115
1912,-0.09
1913,-0.139
1914,-0.271
1915,-0.146
1916,-0.146
1917,-0.271
1918,-0.251
1919,0.0
1920,-0.227
1921,-0.198
1922,-0.276
1923,-0.12
1924,-0.198
1925,-0.161
1926,-0.105
1927,0.034
1928,0.042
1929,-0.12
1930,-0.02
1931,-0.154
1932,-0.183
1933,-0.139
1934,-0.146
1935,-0.178
1936,-0.339
1937,-0.139
1938,-0.208
1939,-0.266
1940,-0.161
1941,-0.1
1942,-0.242
1943,-0.269
1944,-0.161
1945,-0.107
1946,-0.022
1947,-0.049
1948,-0.183
1949,-0.032
1950,-0.076
1951,-0.205
1952,-0.105
1953,0.066
1954,0.01
1955,-0.103
1956,-0.146
1957,-0.203
1958,-0.054
1959,-0.19
1960,-0.295
1961,-0.112
1962,-0.081
1963,-0.234
1964,-0.159
1965,-0.039
1966,-0.144
1967,-0.21
1968,-0.105
1969,0.063
1970,-0.122
1971,-0.315
1972,-0.161
1973,0.015
1974,-0.027
1975,-0.2
1976,-0.239
1977,-0.132
1978,-0.049
1979,-0.239
1980,-0.151
1981,0.061
1982,-0.024
1983,-0.129
1984,-0.002
1985,-0.061
1986,-0.225
1987,0.012
1988,-0.046
1989,-0.217
1990,-0.164
1991,-0.085
1992,-0.076
1993,0.049
1994,-0.063
1995,-0.164
1996,0.039
1997,-0.046
1998,-0.176
1999,-0.159
2000,-0.066
2001,0.015
2002,-0.037
2003,-0.166
2004,-0.107
2005,0.066
2006,-0.034
2007,-0.251
2008,-0.203
2009,-0.193
2010,-0.239
2011,-0.137
2012,-0.063
2013,-0.312
2014,-0.203
2015,0.029
2016,-0.044
2017,-0.291
2018,-0.154
2019,-0.115
2020,-0.076
2021,-0.115
2022,-0.085
2023,-0.066
2024,-0.088
2025,-0.029
2026,-0.032
2027,-0.073
2028,-0.015
2029,-0.046
2030,-0.142
2031,-0.029
2032,-0.164
2033,-0.142
2034,-0.054
2035,-0.122
2036,-0.168
2037,-0.166
2038,-0.239
2039,-0.217
2040,-0.122
2041,-0.259
2042,-0.225
2043,-0.171
2044,-0.161
2045,0.007
2046,-0.132
2047,-0.264
2048,-0.12
2049,0.002
2050,-0.027
2051,0.029
2052,0.032
2053,-0.027
2054,-0.181
2055,-0.137
2056,-0.125
2057,-0.256
2058,-0.186
2059,-0.151
2060,-0.117
2061,-0.168
2062,-0.146
2063,-0.151
2064,-0.098
2065,-0.066
2066,-0.098
2067,-0.112
2068,-0.085
2069,0.002
2070,-0.159
2071,-0.037
2072,-0.039
2073,-0.012
2074,-0.027
2075,-0.107
2076,-0.244
2077,-0.103
2078,0.02
2079,-0.225
2080,-0.261
2081,-0.283
2082,-0.146
2083,-0.115
2084,-0.171
2085,-0.276
2086,-0.027
2087,-0.098
2088,-0.171
2089,-0.144
2090,-0.203
2091,-0.154
2092,-0.117
2093,-0.054
2094,0.059
2095,-0.269
2096,-0.303
2097,0.007
2098,-0.034
2099,-0.181
2100,-0.107
2101,-0.186
2102,-0.129
2103,-0.059
2104,-0.032
2105,-0.044
2106,-0.081
2107,0.046
2108,-0.012
2109,-0.269
2110,-0.222
2111,0.063
2112,0.0
2113,-0.068
2114,-0.034
2115,-0.107
2116,-0.178
2117,-0.186
2118,-0.139
2119,-0.093
2120,-0.151
2121,-0.315
2122,-0.205
2123,-0.061
2124,-0.056
2125,-0.083
2126,-0.095
2127,-0.037
2128,-0.122
2129,-0.288
2130,-0.09
2131,-0.09
2132,-0.288
2133,-0.237
2134,0.12
2135,0.085
2136,-0.337
2137,-0.269
2138,-0.039
2139,-0.117
2140,-0.222
2141,-0.132
2142,-0.061
2143,-0.222
2144,-0.256
2145,-0.117
2146,-0.115
2147,-0.051
2148,0.007
2149,-0.015
2150,0.09
2151,-0.205
2152,-0.068
2153,0.144
2154,-0.125
2155,-0.176
2156,-0.115
2157,-0.12
2158,-0.239
2159,-0.2
2160,-0.325
2161,-0.078
2162,-0.244
2163,-0.076
2164,0.017
2165,-0.237
2166,-0.215
2167,-0.007
2168,0.232
2169,0.085
2170,-0.046
2171,-0.212
2172,-0.042
2173,0.015
2174,-0.085
2175,-0.061
2176,-0.095
2177,-0.105
2178,-0.093
2179,-0.237
2180,-0.242
2181,-0.054
2182,-0.225
2183,0.024
2184,-0.095
2185,-0.291
2186,-0.032
2187,0.122
2188,-0.037
2189,-0.127
2190,0.002
2191,-0.198
2192,-0.093
2193,0.137
2194,-0.271
2195,-0.32
2196,-0.027
2197,-0.1
2198,-0.266
2199,-0.176
2200,-0.034
2201,-0.239
2202,-0.447
2203,-0.205
2204,-0.112
2205,-0.259
2206,-0.156
2207,-0.044
2208,-0.127
2209,-0.161
2210,-0.151
2211,-0.081
2212,-0.112
2213,-0.085
2214,0.042
2215,0.02
2216,-0.107
2217,-0.117
2218,-0.171
2219,-0.247
2220,-0.322
2221,-0.129
2222,-0.251
2223,-0.286
2224,-0.171
2225,-0.149
2226,-0.264
2227,-0.269
2228,-0.059
2229,0.017
2230,-0.095
2231,-0.046
2232,-0.193
2233,-0.051
2234,0.11
2235,0.024
2236,0.012
2237,-0.063
2238,-0.122
2239,-0.105
2240,-0.107
2241,-0.222
2242,-0.107
2243,-0.146
2244,-0.237
2245,-0.178
2246,-0.227
2247,-0.134
2248,-0.063
2249,-0.09
2250,-0.063
2251,-0.01
2252,-0.195
2253,0.073
2254,0.027
2255,-0.107
2256,-0.024
2257,-0.068
2258,-0.22
2259,-0.127
2260,-0.046
2261,-0.105
2262,0.044
2263,-0.234
2264,-0.232
2265,-0.22
2266,-0.371
2267,-0.151
2268,0.005
2269,-0.11
2270,-0.229
2271,-0.071
2272,-0.042
2273,-0.059
2274,-0.002
2275,0.056
2276,-0.054
2277,-0.11
2278,0.085
2279,-0.088
2280,-0.107
2281,-0.222
2282,-0.051
2283,-0.232
2284,-0.256
2285,-0.244
2286,-0.291
2287,-0.11
2288,-0.095
2289,-0.107
2290,-0.295
2291,-0.295
2292,-0.256
2293,-0.034
2294,-0.227
2295,-0.293
2296,0.103
2297,-0.037
2298,-0.154
2299,-0.125
2300,0.034
2301,-0.112
2302,-0.005
2303,-0.183
2304,-0.146
2305,-0.198
2306,-0.061
2307,-0.005
2308,-0.193
2309,-0.325
2310,-0.107
2311,0.186
2312,-0.132
2313,0.007
2314,-0.039
2315,-0.085
2316,0.024
2317,0.066
2318,-0.127
2319,-0.125
2320,-0.098
2321,-0.01
2322,-0.037
2323,-0.31
2324,-0.073
2325,0.005
2326,-0.09
2327,-0.144
2328,-0.081
2329,0.017
2330,-0.09
2331,0.049
2332,-0.251
2333,-0.151
2334,-0.212
2335,-0.027
2336,-0.066
2337,-0.242
2338,-0.056
2339,0.042
2340,-0.059
2341,-0.237
2342,-0.273
2343,-0.103
2344,-0.081
2345,-0.413
2346,-0.21
2347,-0.122
2348,-0.195
2349,-0.127
2350,-0.156
2351,-0.232
2352,-0.068
2353,-0.073
2354,0.146
2355,0.037
2356,-0.178
2357,0.022
2358,0.061
2359,-0.044
2360,-0.105
2361,-0.066
2362,-0.059
2363,-0.159
2364,-0.093
2365,-0.168
2366,-0.098
2367,-0.212
2368,-0.081
2369,-0.046
2370,-0.21
2371,-0.076
2372,-0.059
2373,-0.195
2374,0.017
2375,-0.027
2376,-0.364
2377,-0.073
2378,-0.134
2379,-0.164
2380,-0.144
2381,-0.09
2382,-0.054
2383,-0.32
2384,-0.139
2385,-0.098
2386,-0.237
2387,-0.229
2388,0.007
2389,-0.098
2390,-0.054
2391,-0.159
2392,-0.139
2393,-0.012
2394,-0.068
2395,-0.127
2396,-0.078
2397,0.129
2398,0.034
2399,-0.166
2400,-0.095
2401,0.139
2402,-0.254
2403,-0.203
2404,0.017
2405,-0.225
2406,-0.129
2407,-0.242
2408,-0.166
2409,-0.115
2410,-0.056
2411,-0.173
2412,-0.151
2413,-0.186
2414,-0.256
2415,-0.01
2416,0.1
2417,-0.159
2418,-0.193
2419,-0.178
2420,-0.078
2421,0.222
2422,-0.239
2423,-0.442
2424,0.127
2425,-0.081
2426,-0.249
2427,-0.188
2428,0.056
2429,-0.156
2430,-0.063
2431,-0.171
2432,0.0
2433,-0.022
2434,-0.076
2435,0.007
2436,-0.107
2437,-0.159
2438,0.024
2439,0.146
2440,0.0
2441,-0.088
2442,-0.142
2443,0.063
2444,0.039
2445,-0.132
2446,0.0
2447,-0.059
2448,-0.161
2449,-0.234
2450,-0.139
2451,-0.181
2452,0.054
2453,-0.088
2454,-0.178
2455,-0.229
2456,-0.166
2457,-0.063
2458,-0.032
2459,-0.11
2460,-0.21
2461,-0.212
2462,-0.166
2463,-0.142
2464,-0.181
2465,-0.349
2466,-0.181
2467,-0.01
2468,-0.137
2469,-0.276
2470,-0.151
2471,-0.061
2472,0.007
2473,-0.066
2474,-0.046
2475,-0.059
2476,-0.066
2477,-0.015
2478,0.056
2479,-0.125
2480,-0.103
2481,-0.095
2482,-0.103
2483,0.029
2484,-0.198
2485,-0.171
2486,-0.002
2487,-0.095
2488,-0.139
2489,-0.166
2490,-0.225
2491,-0.271
2492,-0.173
2493,-0.278
2494,0.012
2495,0.007
2496,-0.127
2497,-0.037
2498,-0.093
2499,-0.117
2500,-0.186
2501,-0.115
2502,0.054
2503,0.02
2504,-0.273
2505,-0.19
2506,-0.078
2507,-0.103
2508,-0.22
2509,-0.208
2510,-0.095
2511,-0.149
2512,-0.015
2513,-0.117
2514,-0.181
2515,-0.186
2516,0.017
2517,-0.146
2518,-0.068
2519,-0.017
2520,-0.144
2521,-0.063
2522,-0.046
2523,-0.125
2524,-0.117
2525,-0.005
2526,-0.081
2527,-0.349
2528,-0.291
2529,-0.188
2530,-0.142
2531,-0.208
2532,-0.234
2533,-0.269
2534,-0.176
2535,-0.159
2536,-0.195
2537,-0.193
2538,-0.085
2539,-0.244
2540,-0.178
2541,-0.09
2542,-0.2
2543,-0.046
2544,-0.129
2545,-0.161
2546,-0.164
2547,-0.261
2548,-0.19
2549,0.068
2550,-0.078
2551,-0.432
2552,-0.027
2553,0.046
2554,-0.273
2555,-0.208
2556,0.334
2557,0.044
2558,-0.198
2559,-0.117
2560,0.093
2561,-0.261
2562,-0.198
2563,0.19
2564,-0.044
2565,-0.125
2566,-0.249
2567,-0.056
2568,0.017
2569,-0.237
2570,0.02
2571,-0.115
2572,-0.325
2573,-0.103
2574,-0.149
2575,-0.205
2576,0.01
2577,-0.166
2578,-0.159
2579,-0.088
2580,-0.22
2581,-0.171
2582,-0.049
2583,-0.032
2584,-0.029
2585,-0.078
2586,-0.198
2587,-0.034
2588,-0.039
2589,-0.237
2590,-0.034
2591,0.105
2592,-0.088
2593,-0.11
2594,-0.278
2595,-0.212
2596,0.09
2597,-0.325
2598,-0.234
2599,0.02
2600,-0.125
2601,-0.325
2602,-0.125
2603,-0.154
2604,-0.076
2605,-0.098
2606,-0.049
2607,-0.081
2608,-0.217
2609,-0.161
2610,0.117
2611,0.039
2612,-0.371
2613,-0.105
2614,-0.088
2615,-0.332
2616,-0.063
2617,0.015
2618,-0.073
2619,-0.256
2620,-0.09
2621,-0.056
2622,0.054
2623,-0.383
2624,-0.232
2625,0.266
2626,-0.356
2627,-0.352
2628,-0.154
2629,0.144
2630,-0.239
2631,0.061
2632,-0.017
2633,-0.122
2634,-0.071
2635,-0.176
2636,-0.024
2637,-0.029
2638,-0.334
2639,0.005
2640,-0.11
2641,-0.234
2642,0.046
2643,-0.032
2644,-0.154
2645,-0.166
2646,-0.303
2647,-0.005
2648,-0.083
2649,-0.261
2650,-0.176
2651,-0.203
2652,-0.073
2653,-0.068
2654,-0.01
2655,-0.061
2656,-0.01
2657,-0.01
2658,-0.193
2659,-0.034
2660,0.12
2661,-0.247
2662,-0.186
2663,-0.188
2664,-0.266
2665,-0.183
2666,-0.176
2667,-0.259
2668,-0.142
2669,-0.098
2670,-0.188
2671,-0.222
2672,-0.11
2673,-0.076
2674,-0.281
2675,-0.132
2676,0.056
2677,0.066
2678,-0.042
2679,-0.276
2680,-0.107
2681,-0.132
2682,-0.115
2683,0.01
2684,0.11
2685,-0.352
2686,-0.308
2687,-0.12
2688,-0.103
2689,-0.183
2690,-0.11
2691,-0.144
2692,-0.217
2693,-0.081
2694,-0.103
2695,-0.022
2696,-0.1
2697,-0.056
2698,0.027
2699,-0.217
2700,-0.103
2701,-0.066
2702,-0.034
2703,-0.066
2704,-0.188
2705,-0.215
2706,0.024
2707,-0.193
2708,-0.283
2709,-0.071
2710,-0.247
2711,-0.269
2712,-0.208
2713,-0.149
2714,-0.12
2715,0.061
2716,-0.161
2717,-0.071
2718,0.254
2719,0.002
2720,-0.11
2721,-0.107
2722,-0.139
2723,-0.249
2724,-0.081
2725,-0.193
2726,-0.142
2727,-0.322
2728,-0.183
2729,0.017
2730,-0.21
2731,-0.1
2732,-0.071
2733,-0.283
2734,-0.051
2735,0.237
2736,-0.205
2737,-0.276
2738,-0.066
2739,0.017
2740,-0.137
2741,-0.186
2742,-0.103
2743,-0.127
2744,-0.11
2745,-0.129
2746,0.066
2747,-0.283
2748,-0.32
2749,0.015
2750,-0.037
2751,-0.269
2752,-0.559
2753,-0.063
2754,-0.005
2755,-0.312
2756,-0.164
2757,-0.051
2758,0.122
2759,0.295
2760,-0.142
2761,-0.015
2762,0.159
2763,0.049
2764,-0.078
2765,-0.029
2766,-0.132
2767,-0.276
2768,-0.122
2769,-0.183
2770,-0.029
2771,-0.159
2772,-0.161
2773,-0.002
2774,-0.134
2775,-0.247
2776,-0.034
2777,-0.046
2778,-0.193
2779,-0.088
2780,-0.02
2781,-0.059
2782,-0.078
2783,-0.061
2784,-0.046
2785,0.063
2786,0.007
2787,-0.21
2788,-0.146
2789,-0.249
2790,-0.027
2791,-0.264
2792,-0.408
2793,-0.229
2794,-0.178
2795,-0.242
2796,0.027
2797,-0.337
2798,-0.137
2799,0.33
2800,-0.144
2801,-0.186
2802,0.469
2803,0.063
2804,-0.562
2805,0.093
2806,-0.068
2807,-0.522
2808,0.229
2809,-0.1
2810,-0.312
2811,0.073
2812,-0.242
2813,-0.024
2814,0.076
2815,-0.618
2816,0.076
2817,0.129
2818,-0.542
2819,-0.098
2820,0.193
2821,-0.352
2822,-0.334
2823,-0.129
2824,-0.286
2825,-0.005
2826,-0.024
2827,-0.156
2828,-0.083
2829,-0.063
2830,-0.151
2831,0.056
2832,-0.293
2833,-0.11
2834,-0.054
2835,-0.127
2836,0.071
2837,-0.176
2838,-0.471
2839,0.369
2840,0.049
2841,-0.198
2842,0.107
2843,0.042
2844,-0.142
2845,-0.046
2846,0.046
2847,-0.11
2848,-0.051
2849,-0.283
2850,-0.273
2851,-0.039
2852,-0.186
2853,-0.154
2854,0.137
2855,-0.356
2856,-0.339
2857,0.059
2858,-0.242
2859,0.0
2860,-0.12
2861,-0.249
2862,-0.237
2863,-0.142
2864,0.007
2865,0.2
2866,-0.269
2867,-0.154
2868,0.032
2869,-0.144
2870,-0.31
2871,-0.051
2872,-0.115
2873,-0.156
2874,0.056
2875,-0.325
2876,-0.061
2877,0.137
2878,-0.144
2879,0.02
2880,-0.085
2881,-0.081
2882,0.002
2883,0.059
2884,-0.159
2885,-0.083
2886,-0.283
2887,-0.098
2888,-0.115
2889,-0.356
2890,-0.2
2891,-0.081
2892,-0.103
2893,-0.159
2894,0.024
2895,-0.347
2896,-0.22
2897,0.042
2898,-0.071
2899,-0.083
2900,0.01
2901,0.022
2902,-0.146
2903,-0.208
2904,-0.137
2905,-0.11
2906,-0.002
2907,-0.115
2908,-0.444
2909,-0.288
2910,-0.332
2911,-0.068
2912,0.032
2913,-0.342
2914,-0.166
2915,-0.024
2916,-0.251
2917,-0.303
2918,0.225
2919,0.132
2920,-0.305
2921,-0.107
2922,-0.032
2923,-0.254
2924,0.056
2925,-0.093
2926,-0.232
2927,-0.085
2928,-0.476
2929,-0.344
2930,0.095
2931,-0.171
2932,0.015
2933,-0.149
2934,-0.088
2935,-0.227
2936,0.183
2937,-0.444
2938,-0.1
2939,-0.002
2940,0.015
2941,-0.183
2942,-0.166
2943,-0.242
2944,-0.012
2945,-0.159
2946,-0.176
2947,0.088
2948,-0.232
2949,-0.085
2950,0.012
2951,-0.232
2952,-0.132
2953,-0.149
2954,-0.129
2955,-0.261
2956,-0.161
2957,-0.166
2958,0.212
2959,-0.227
2960,-0.095
2961,0.039
2962,-0.027
2963,-0.164
2964,0.007
2965,0.0
2966,-0.295
2967,-0.122
2968,-0.239
2969,-0.09
2970,-0.039
2971,-0.2
2972,-0.205
2973,-0.046
2974,-0.21
2975,-0.247
2976,-0.01
2977,-0.19
2978,0.137
2979,-0.085
2980,-0.186
2981,-0.11
2982,-0.117
2983,-0.264
2984,-0.259
2985,-0.269
2986,-0.273
2987,-0.024
2988,-0.378
2989,-0.176
2990,-0.254
2991,-0.4
2992,-0.325
2993,0.022
2994,-0.173
2995,-0.139
2996,-0.063
2997,-0.166
2998,-0.095
2999,-0.168
3000,-0.061
3001,-0.249
3002,0.01
3003,-0.115
3004,-0.046
3005,-0.02
3006,-0.139
3007,-0.024
3008,0.032
3009,-0.142
3010,-0.269
3011,0.061
3012,-0.22
3013,-0.256
3014,-0.31
3015,-0.154
3016,-0.076
3017,-0.093
3018,-0.203
3019,-0.171
3020,0.027
3021,-0.117
3022,-0.054
3023,-0.22
3024,-0.112
3025,-0.059
3026,-0.044
3027,-0.222
3028,-0.112
3029,-0.142
3030,-0.073
3031,-0.002
3032,-0.159
3033,-0.117
3034,-0.247
3035,-0.051
3036,-0.051
3037,-0.09
3038,-0.173
3039,-0.005
3040,0.068
3041,-0.156
3042,-0.015
3043,0.1
3044,0.022
3045,-0.149
3046,0.022
3047,-0.115
3048,-0.276
3049,-0.107
3050,0.095
3051,0.105
3052,-0.295
3053,-0.132
3054,-0.078
3055,-0.132
3056,-0.166
3057,-0.037
3058,-0.083
3059,-0.049
3060,-0.115
3061,-0.293
3062,-0.076
3063,0.105
3064,0.012
3065,-0.33
3066,-0.085
3067,-0.132
3068,-0.127
3069,-0.02
3070,-0.327
3071,-0.12
3072,-0.315
3073,0.164
3074,-0.146
3075,-0.376
3076,-0.234
3077,0.032
3078,-0.278
3079,-0.027
3080,-0.063
3081,-0.02
3082,0.017
3083,-0.188
3084,-0.083
3085,-0.002
3086,-0.107
3087,-0.115
3088,0.012
3089,-0.391
3090,-0.181
3091,0.125
3092,-0.437
3093,0.09
3094,0.154
3095,-0.671
3096,-0.281
3097,0.107
3098,-0.354
3099,-0.308
3100,0.144
3101,-0.11
3102,-0.127
3103,-0.234
3104,0.017
3105,-0.11
3106,-0.215
3107,-0.142
3108,0.076
3109,-0.344
3110,-0.239
3111,-0.09
3112,-0.122
3113,-0.056
3114,-0.496
3115,-0.593
3116,0.083
3117,-0.027
3118,-0.454
3119,-0.195
3120,0.137
3121,-0.02
3122,0.09
3123,-0.178
3124,0.054
3125,0.127
3126,-0.076
3127,-0.161
3128,0.093
3129,-0.154
3130,0.068
3131,-0.034
3132,-0.144
3133,-0.049
3134,0.012
3135,-0.244
3136,-0.032
3137,0.11
3138,-0.317
3139,-0.293
3140,-0.002
3141,-0.173
3142,-0.151
3143,-0.293
3144,-0.105
3145,0.002
3146,-0.164
3147,-0.256
3148,0.088
3149,-0.063
3150,-0.151
3151,-0.283
3152,-0.007
3153,-0.09
3154,-0.254
3155,-0.007
3156,-0.022
3157,-0.115
3158,-0.291
3159,-0.066
3160,0.1
3161,0.007
3162,-0.251
3163,-0.063
3164,0.027
3165,-0.127
3166,-0.068
3167,-0.232
3168,-0.173
3169,-0.112
3170,0.095
3171,-0.059
3172,0.034
3173,-0.239
3174,-0.059
3175,-0.068
3176,-0.159
3177,-0.029
3178,-0.183
3179,-0.122
3180,-0.105
3181,-0.039
3182,-0.166
3183,-0.039
3184,-0.117
3185,-0.154
3186,-0.229
3187,-0.205
3188,-0.032
3189,-0.217
3190,-0.208
3191,-0.063
3192,-0.034
3193,-0.232
3194,-0.171
3195,-0.134
3196,-0.132
3197,0.056
3198,-0.208
3199,-0.022
3200,-0.042
3201,-0.21
3202,-0.237
3203,0.134
3204,-0.112
3205,-0.068
3206,-0.156
3207,-0.002
3208,0.056
3209,-0.278
3210,-0.088
3211,0.034
3212,-0.027
3213,-0.271
3214,-0.127
3215,-0.09
3216,0.066
3217,-0.09
3218,-0.066
3219,0.054
3220,-0.139
3221,-0.139
3222,-0.21
3223,-0.068
3224,-0.217
3225,-0.007
3226,-0.103
3227,-0.134
3228,-0.105
3229,-0.029
3230,-0.103
3231,0.0
3232,-0.088
3233,-0.256
3234,-0.156
3235,-0.19
3236,-0.098
3237,-0.198
3238,-0.142
3239,-0.068
3240,-0.166
3241,-0.164
3242,-0.063
3243,0.051
3244,-0.063
3245,-0.044
3246,-0.073
3247,-0.078
3248,-0.188
3249,-0.146
3250,-0.042
3251,-0.103
3252,-0.198
3253,-0.164
3254,-0.1
3255,-0.164
3256,-0.039
3257,-0.12
3258,-0.095
3259,-0.117
3260,0.137
3261,-0.056
3262,-0.139
3263,-0.059
3264,0.022
3265,0.039
3266,-0.31
3267,-0.061
3268,-0.093
3269,-0.2
3270,-0.151
3271,-0.105
3272,-0.117
3273,-0.19
3274,-0.012
3275,-0.046
3276,-0.181
3277,-0.254
3278,0.042
3279,-0.144
3280,-0.244
3281,-0.208
3282,-0.066
3283,-0.063
3284,-0.271
3285,-0.085
3286,0.085
3287,-0.081
3288,-0.259
3289,-0.061
3290,-0.088
3291,-0.227
3292,-0.237
3293,-0.083
3294,-0.032
3295,-0.293
3296,-0.132
3297,-0.154
3298,-0.125
3299,-0.132
3300,-0.083
3301,-0.005
3302,0.024
3303,-0.034
3304,-0.164
3305,0.037
3306,-0.051
3307,-0.181
3308,-0.176
3309,-0.127
3310,-0.151
3311,-0.134
3312,-0.205
3313,-0.154
3314,-0.027
3315,-0.259
3316,-0.195
3317,-0.139
3318,-0.037
3319,-0.049
3320,-0.103
3321,-0.149
3322,-0.029
3323,-0.171
3324,-0.1
3325,0.127
3326,-0.02
3327,0.046
3328,-0.078
3329,-0.11
3330,-0.054
3331,0.024
3332,-0.161
3333,-0.161
3334,-0.215
3335,-0.09
3336,-0.171
3337,-0.159
3338,-0.015
3339,-0.217
3340,-0.173
3341,-0.278
3342,-0.139
3343,-0.239
3344,0.02
3345,0.037
3346,-0.146
3347,-0.134
3348,-0.21
3349,-0.12
3350,-0.181
3351,0.098
3352,0.063
3353,-0.105
3354,-0.183
3355,-0.012
3356,-0.085
3357,-0.168
3358,-0.168
3359,-0.232
3360,-0.244
3361,-0.256
3362,-0.105
3363,-0.129
3364,-0.09
3365,-0.339
3366,-0.149
3367,-0.076
3368,-0.251
3369,-0.09
3370,0.088
3371,0.107
3372,-0.107
3373,-0.088
3374,-0.161
3375,-0.212
3376,-0.271
3377,-0.11
3378,-0.159
3379,-0.264
3380,-0.247
3381,-0.203
3382,-0.127
3383,-0.364
3384,-0.178
3385,-0.112
3386,-0.073
3387,-0.164
3388,-0.122
3389,0.007
3390,-0.195
3391,-0.154
3392,-0.212
3393,-0.239
3394,-0.256
3395,-0.132
3396,-0.203
3397,-0.146
3398,-0.125
3399,-0.188
3400,-0.125
3401,-0.088
3402,-0.015
3403,-0.1
3404,0.068
3405,-0.054
3406,-0.093
3407,-0.103
3408,-0.068
3409,0.032
3410,-0.061
3411,-0.027
3412,0.071
3413,0.149
3414,-0.059
3415,-0.078
3416,-0.171
3417,-0.061
3418,-0.312
3419,-0.2
3420,-0.015
3421,-0.146
3422,-0.254
3423,-0.137
3424,-0.11
3425,-0.254
3426,-0.178
3427,-0.156
3428,-0.144
3429,-0.156
3430,-0.254
3431,-0.229
3432,-0.144
3433,-0.122
3434,-0.115
3435,-0.19
3436,-0.181
3437,0.017
3438,-0.066
3439,-0.183
3440,-0.237
3441,-0.237
3442,-0.059
3443,-0.027
3444,-0.049
3445,-0.176
3446,-0.078
3447,-0.176
3448,0.037
3449,-0.125
3450,-0.266
3451,-0.095
3452,-0.093
3453,-0.176
3454,-0.129
3455,-0.098
3456,-0.281
3457,-0.146
3458,-0.159
3459,-0.049
3460,-0.137
3461,-0.198
3462,-0.193
3463,-0.176
3464,-0.117
3465,-0.193
3466,0.085
3467,-0.137
3468,0.012
3469,0.11
3470,-0.022
3471,-0.137
3472,-0.073
3473,-0.134
3474,-0.142
3475,-0.134
3476,-0.171
3477,-0.044
3478,-0.151
3479,-0.229
3480,0.017
3481,-0.083
3482,-0.273
3483,-0.085
3484,-0.068
3485,-0.234
3486,-0.068
3487,-0.12
3488,-0.034
3489,-0.12
3490,-0.083
3491,-0.168
3492,-0.127
3493,-0.195
3494,-0.017
3495,-0.083
3496,-0.129
3497,-0.046
3498,-0.015
3499,-0.066
3500,-0.103
3501,-0.078
3502,-0.259
3503,-0.247
3504,-0.232
3505,-0.005
3506,-0.022
3507,-0.144
3508,-0.181
3509,-0.142
3510,-0.056
3511,-0.183
3512,-0.059
3513,-0.159
3514,-0.039
3515,-0.112
3516,-0.181
3517,-0.198
3518,-0.024
3519,-0.127
3520,-0.19
3521,-0.017
3522,-0.254
3523,-0.1
3524,-0.024
3525,-0.049
3526,-0.156
3527,-0.139
3528,-0.173
3529,-0.002
3530,-0.066
3531,-0.176
3532,-0.054
3533,-0.002
3534,-0.151
3535,-0.254
3536,0.017
3537,0.159
3538,-0.142
3539,-0.161
3540,0.007
3541,-0.159
3542,-0.31
3543,0.071
3544,0.205
3545,-0.493
3546,-0.459
3547,0.017
3548,-0.059
3549,-0.01
3550,-0.037
3551,-0.032
3552,-0.088
3553,-0.176
3554,-0.171
3555,-0.024
3556,-0.024
3557,-0.212
3558,-0.012
3559,-0.081
3560,-0.364
3561,-0.168
3562,-0.024
3563,-0.071
3564,-0.19
3565,-0.142
3566,-0.042
3567,-0.146
3568,-0.164
3569,-0.054
3570,-0.129
3571,-0.066
3572,-0.046
3573,0.061
3574,-0.146
3575,-0.12
3576,-0.2
3577,0.029
3578,-0.017
3579,-0.173
3580,-0.139
3581,-0.103
3582,-0.264
3583,-0.046
3584,-0.029
3585,-0.027
3586,-0.054
3587,-0.034
3588,-0.232
3589,-0.098
3590,-0.127
3591,-0.144
3592,-0.161
3593,-0.056
3594,-0.11
3595,-0.142
3596,-0.122
3597,-0.212
3598,-0.127
3599,-0.229
3600,-0.156
3601,-0.139
3602,-0.176
3603,-0.278
3604,-0.127
3605,-0.107
3606,-0.002
3607,-0.063
3608,-0.171
3609,-0.117
3610,0.0
3611,-0.037
3612,-0.005
3613,0.046
3614,-0.073
3615,0.01
3616,-0.166
3617,-0.168
3618,0.046
3619,-0.049
3620,-0.059
3621,0.01
3622,-0.281
3623,-0.31
3624,-0.054
3625,-0.171
3626,-0.195
3627,0.112
3628,-0.276
3629,-0.22
3630,0.017
3631,-0.137
3632,-0.2
3633,-0.049
3634,-0.085
3635,-0.122
3636,-0.137
3637,-0.305
3638,-0.098
3639,-0.171
3640,-0.078
3641,-0.078
3642,-0.2
3643,-0.293
3644,-0.171
3645,-0.149
3646,-0.212
3647,0.171
3648,0.029
3649,0.071
3650,0.027
3651,-0.034
3652,-0.098
3653,0.112
3654,-0.127
3655,-0.085
3656,0.098
3657,0.015
3658,-0.151
3659,-0.168
3660,-0.203
3661,-0.154
3662,-0.049
3663,-0.032
3664,-0.105
3665,-0.3
3666,-0.222
3667,0.012
3668,-0.168
3669,-0.264
3670,-0.125
3671,0.083
3672,-0.027
3673,-0.171
3674,-0.193
3675,-0.037
3676,-0.19
3677,-0.168
3678,-0.042
3679,-0.239
3680,-0.215
3681,-0.042
3682,-0.061
3683,-0.151
3684,-0.1
3685,-0.085
3686,0.0
3687,-0.037
3688,-0.093
3689,-0.105
3690,-0.068
3691,-0.044
3692,-0.076
3693,0.027
3694,0.012
3695,0.015
3696,-0.073
3697,-0.112
3698,-0.181
3699,-0.215
3700,-0.117
3701,-0.11
3702,-0.122
3703,-0.334
3704,-0.244
3705,-0.19
3706,-0.024
3707,-0.183
3708,-0.154
3709,-0.227
3710,-0.125
3711,-0.105
3712,-0.183
3713,-0.154
3714,-0.127
3715,-0.022
3716,-0.215
3717,-0.254
3718,-0.215
3719,-0.215
3720,-0.151
3721,-0.127
3722,-0.132
3723,-0.298
3724,-0.149
3725,-0.105
3726,-0.054
3727,-0.232
3728,-0.056
3729,-0.024
3730,0.078
3731,0.125
3732,0.076
3733,0.007
3734,0.032
3735,0.088
3736,-0.073
3737,-0.117
3738,-0.198
3739,-0.234
3740,-0.164
3741,-0.132
3742,-0.103
3743,-0.139
3744,-0.125
3745,-0.193
3746,-0.059
3747,-0.122
3748,-0.076
3749,-0.002
3750,-0.166
3751,-0.254
3752,-0.085
3753,-0.09
3754,-0.095
3755,-0.061
3756,-0.156
3757,-0.115
3758,-0.159
3759,-0.234
3760,-0.266
3761,-0.161
3762,-0.212
3763,-0.247
3764,-0.195
3765,-0.166
3766,-0.078
3767,-0.139
3768,-0.168
3769,-0.146
3770,0.02
3771,-0.09
3772,-0.09
3773,-0.154
3774,-0.115
3775,-0.149
3776,-0.095
3777,0.071
3778,-0.144
3779,-0.215
3780,-0.12
3781,-0.1
3782,-0.178
3783,-0.171
3784,-0.21
3785,-0.229
3786,-0.217
3787,-0.164
3788,-0.198
3789,-0.186
3790,-0.083
3791,-0.083
3792,-0.09
3793,-0.017
3794,-0.081
3795,-0.078
3796,-0.129
3797,-0.288
3798,-0.076
3799,0.002
3800,-0.09
3801,-0.249
3802,-0.115
3803,-0.029
3804,-0.151
3805,-0.181
3806,0.007
3807,0.01
3808,-0.11
3809,-0.198
3810,0.098
3811,-0.186
3812,-0.049
3813,0.12
3814,0.071
3815,-0.085
3816,-0.056
3817,-0.198
3818,-0.1
3819,-0.098
3820,-0.103
3821,0.066
3822,-0.225
3823,-0.388
3824,-0.203
3825,-0.259
3826,-0.342
3827,-0.215
3828,-0.144
3829,-0.19
3830,-0.103
3831,-0.051
3832,-0.054
3833,0.046
3834,0.049
3835,-0.015
3836,-0.012
3837,-0.325
3838,-0.073
3839,0.017
3840,-0.1
3841,-0.144
3842,-0.198
3843,-0.071
3844,0.083
3845,-0.19
3846,-0.344
3847,-0.225
3848,-0.115
3849,-0.02
3850,0.037
3851,-0.2
3852,-0.178
3853,-0.098
3854,0.01
3855,-0.073
3856,-0.129
3857,-0.203
3858,-0.034
3859,-0.046
3860,-0.09
3861,-0.073
3862,-0.132
3863,-0.181
3864,-0.083
3865,-0.015
3866,-0.166
3867,-0.186
3868,-0.063
3869,-0.044
3870,-0.046
3871,-0.015
3872,-0.034
3873,-0.051
3874,-0.095
3875,-0.249
3876,-0.142
3877,0.198
3878,0.032
3879,-0.208
3880,0.046
3881,-0.02
3882,-0.208
3883,-0.176
3884,-0.112
3885,-0.215
3886,-0.237
3887,-0.291
3888,-0.076
3889,-0.166
3890,-0.31
3891,0.098
3892,0.149
3893,0.051
3894,-0.134
3895,-0.066
3896,-0.02
3897,-0.054
3898,0.034
3899,0.205
3900,-0.286
3901,-0.349
3902,0.176
3903,-0.046
3904,-0.139
3905,-0.171
3906,-0.225
3907,-0.024
3908,-0.12
3909,-0.2
3910,-0.146
3911,-0.078
3912,-0.149
3913,-0.005
3914,-0.166
3915,-0.107
3916,0.105
3917,-0.044
3918,-0.43
3919,-0.188
3920,-0.178
3921,-0.388
3922,-0.034
3923,-0.129
3924,-0.176
3925,-0.166
3926,-0.488
3927,-0.127
3928,-0.103
3929,-0.315
3930,-0.154
3931,0.073
3932,-0.032
3933,0.066
3934,-0.01
3935,-0.112
3936,0.137
3937,0.049
3938,-0.02
3939,-0.144
3940,-0.168
3941,-0.122
3942,0.063
3943,-0.234
3944,-0.088
3945,-0.229
3946,-0.3
3947,-0.164
3948,-0.298
3949,-0.193
3950,-0.168
3951,-0.068
3952,-0.251
3953,-0.156
3954,-0.156
3955,0.061
3956,-0.063
3957,-0.193
3958,-0.142
3959,-0.103
3960,-0.012
3961,0.054
3962,-0.107
3963,-0.334
3964,-0.137
3965,-0.127
3966,-0.132
3967,-0.247
3968,-0.344
3969,-0.063
3970,0.037
3971,-0.083
3972,-0.125
3973,0.125
3974,0.12
3975,0.051
3976,-0.261
3977,-0.186
3978,0.027
3979,-0.02
3980,0.007
3981,-0.112
3982,-0.095
3983,-0.222
3984,-0.076
3985,-0.186
3986,0.059
3987,0.21
3988,-0.083
3989,-0.032
3990,-0.203
3991,-0.422
3992,-0.164
3993,-0.151
3994,-0.288
3995,-0.073
3996,-0.22
3997,-0.083
3998,0.049
3999,-0.156
4000,-0.149
4001,0.042
4002,-0.029
4003,-0.366
4004,-0.398
4005,-0.369
4006,-0.095
4007,-0.237
4008,-0.105
4009,-0.276
4010,-0.383
4011,-0.139
4012,0.017
4013,0.073
4014,-0.164
4015,-0.342
4016,-0.251
4017,0.063
4018,0.21
4019,0.088
4020,-0.024
4021,0.117
4022,0.012
4023,-0.203
4024,-0.095
4025,-0.027
4026,-0.081
4027,-0.21
4028,-0.227
4029,-0.181
4030,-0.293
4031,-0.183
4032,0.027
4033,-0.037
4034,-0.217
4035,-0.146
4036,-0.005
4037,-0.071
4038,-0.281
4039,-0.142
4040,-0.024
4041,-0.046
4042,-0.125
4043,-0.171
4044,-0.115
4045,-0.183
4046,-0.215
4047,-0.171
4048,-0.046
4049,-0.166
4050,-0.2
4051,-0.088
4052,0.032
4053,-0.073
4054,0.01
4055,-0.054
4056,-0.059
4057,0.103
4058,-0.098
4059,-0.076
4060,0.085
4061,0.088
4062,0.039
4063,-0.164
4064,-0.142
4065,-0.078
4066,0.007
4067,-0.007
4068,0.022
4069,-0.168
4070,-0.137
4071,-0.083
4072,-0.205
4073,-0.369
4074,-0.239
4075,-0.017
4076,-0.173
4077,-0.315
4078,-0.171
4079,-0.049
4080,-0.144
4081,-0.044
4082,-0.015
4083,-0.271
4084,-0.244
4085,-0.037
4086,0.022
4087,-0.381
4088,-0.198
4089,-0.063
4090,-0.156
4091,-0.293
4092,-0.122
4093,-0.037
4094,-0.149
4095,-0.164
4096,-0.005
4097,-0.156
4098,-0.183
4099,0.063
4100,0.002
4101,-0.078
4102,-0.088
4103,-0.002
4104,-0.066
4105,-0.103
4106,-0.129
4107,-0.027
4108,-0.054
4109,-0.168
4110,-0.168
4111,-0.21
4112,-0.095
4113,-0.139
4114,-0.151
4115,-0.208
4116,-0.188
4117,-0.095
4118,-0.024
4119,-0.188
4120,-0.21
4121,0.0
4122,0.0
4123,-0.1
4124,-0.12
4125,-0.112
4126,-0.193
4127,-0.176
4128,-0.217
4129,-0.229
4130,-0.029
4131,-0.139
4132,-0.066
4133,-0.159
4134,-0.149
4135,-0.129
4136,-0.103
4137,-0.044
4138,-0.01
4139,-0.061
4140,-0.125
4141,-0.042
4142,-0.061
4143,0.073
4144,-0.032
4145,-0.134
4146,-0.098
4147,-0.071
4148,-0.161
4149,-0.105
4150,-0.164
4151,-0.386
4152,-0.105
4153,-0.183
4154,-0.066
4155,-0.112
4156,-0.046
4157,-0.151
4158,-0.078
4159,-0.034
4160,-0.232
4161,-0.061
4162,-0.061
4163,-0.105
4164,-0.144
4165,-0.081
4166,-0.254
4167,-0.22
4168,-0.203
4169,-0.12
4170,-0.034
4171,-0.071
4172,-0.078
4173,-0.366
4174,-0.098
4175,-0.088
4176,0.061
4177,-0.315
4178,-0.081
4179,0.178
4180,-0.439
4181,-0.271
4182,0.007
4183,-0.032
4184,-0.249
4185,-0.054
4186,0.046
4187,0.034
4188,-0.239
4189,-0.088
4190,0.022
4191,-0.215
4192,-0.173
4193,-0.081
4194,-0.242
4195,-0.312
4196,0.051
4197,0.032
4198,-0.127
4199,-0.168
4200,-0.132
4201,-0.164
4202,-0.078
4203,-0.034
4204,-0.039
4205,-0.203
4206,-0.164
4207,-0.205
4208,-0.247
4209,-0.071
4210,-0.183
4211,-0.215
4212,-0.112
4213,-0.063
4214,-0.088
4215,-0.188
4216,-0.037
4217,-0.073
4218,-0.142
4219,-0.076
4220,-0.046
4221,-0.066
4222,0.037
4223,-0.085
4224,-0.015
4225,-0.024
4226,-0.212
4227,-0.076
4228,-0.139
4229,-0.034
4230,-0.337
4231,-0.288
4232,0.034
4233,0.049
4234,-0.022
4235,-0.078
4236,0.027
4237,-0.039
4238,-0.266
4239,-0.105
4240,0.078
4241,-0.09
4242,-0.146
4243,-0.142
4244,-0.083
4245,-0.242
4246,-0.305
4247,-0.012
4248,-0.107
4249,-0.076
4250,-0.2
4251,-0.088
4252,-0.105
4253,-0.093
4254,-0.159
4255,0.073
4256,-0.161
4257,-0.188
4258,-0.017
4259,-0.183
4260,-0.137
4261,-0.098
4262,0.024
4263,-0.151
4264,-0.127
4265,-0.098
4266,-0.176
4267,-0.1
4268,-0.122
4269,-0.061
4270,-0.176
4271,-0.139
4272,-0.293
4273,-0.083
4274,-0.103
4275,-0.088
4276,-0.242
4277,-0.334
4278,0.007
4279,0.054
4280,-0.09
4281,-0.198
4282,-0.024
4283,-0.076
4284,-0.159
4285,-0.261
4286,-0.051
4287,-0.2
4288,-0.178
4289,0.042
4290,-0.2
4291,-0.164
4292,-0.2
4293,-0.168
4294,-0.222
4295,-0.083
4296,-0.234
4297,-0.005
4298,0.01
4299,-0.1
4300,-0.024
4301,-0.002
4302,0.007
4303,-0.1
4304,-0.122
4305,-0.239
4306,-0.002
4307,-0.176
4308,-0.193
4309,0.002
4310,-0.247
4311,-0.312
4312,0.051
4313,-0.193
4314,-0.156
4315,0.02
4316,0.032
4317,-0.19
4318,-0.261
4319,-0.203
4320,-0.115
4321,-0.044
4322,-0.132
4323,-0.144
4324,-0.115
4325,-0.354
4326,0.051
4327,-0.09
4328,-0.093
4329,-0.112
4330,-0.276
4331,-0.225
4332,-0.112
4333,-0.146
4334,-0.039
4335,-0.017
4336,-0.083
4337,0.083
4338,-0.122
4339,-0.227
4340,-0.071
4341,0.017
4342,-0.073
4343,-0.007
4344,0.046
4345,-0.239
4346,-0.181
4347,-0.239
4348,0.081
4349,-0.029
4350,-0.288
4351,-0.271
4352,-0.059
4353,-0.183
4354,-0.205
4355,0.103
4356,-0.227
4357,-0.19
4358,-0.344
4359,-0.015
4360,0.088
4361,-0.303
4362,-0.156
4363,-0.229
4364,-0.19
4365,-0.142
4366,-0.039
4367,-0.342
4368,-0.137
4369,-0.161
4370,-0.149
4371,-0.103
4372,-0.1
4373,-0.037
4374,-0.076
4375,-0.044
4376,-0.237
4377,-0.032
4378,-0.171
4379,-0.098
4380,0.076
4381,-0.01
4382,0.107
4383,-0.049
4384,-0.083
4385,-0.103
4386,-0.088
4387,-0.281
4388,-0.054
4389,-0.137
4390,-0.034
4391,0.076
4392,-0.154
4393,-0.195
4394,-0.176
4395,-0.015
4396,0.02
4397,-0.02
4398,-0.269
4399,-0.144
4400,-0.034
4401,-0.071
4402,-0.078
4403,-0.154
4404,-0.225
4405,-0.203
4406,-0.103
4407,-0.164
4408,0.1
4409,-0.193
4410,-0.2
4411,-0.105
4412,-0.151
4413,-0.215
4414,-0.166
4415,-0.166
4416,-0.1
4417,-0.002
4418,-0.156
4419,-0.012
4420,-0.002
4421,-0.044
4422,-0.061
4423,0.005
4424,-0.103
4425,-0.078
4426,-0.051
4427,-0.105
4428,-0.146
4429,-0.217
4430,-0.144
4431,-0.09
4432,-0.217
4433,-0.303
4434,-0.029
4435,-0.125
4436,-0.195
4437,0.049
4438,0.029
4439,-0.137
4440,-0.159
4441,-0.017
4442,-0.115
4443,-0.024
4444,-0.098
4445,-0.034
4446,-0.051
4447,-0.273
4448,-0.146
4449,-0.232
4450,-0.137
4451,-0.078
4452,-0.073
4453,-0.171
4454,-0.034
4455,-0.029
4456,-0.105
4457,0.015
4458,-0.012
4459,0.032
4460,-0.247
4461,-0.1
4462,-0.134
4463,0.105
4464,0.0
4465,-0.117
4466,-0.054
4467,-0.21
4468,-0.251
4469,-0.149
4470,-0.022
4471,-0.352
4472,-0.41
4473,-0.349
4474,-0.015
4475,-0.242
4476,-0.288
4477,-0.029
4478,-0.129
4479,-0.112
4480,-0.181
4481,0.071
4482,0.12
4483,-0.046
4484,-0.156
4485,0.176
4486,0.098
4487,-0.154
4488,-0.112
4489,-0.154
4490,-0.227
4491,-0.247
4492,-0.208
4493,-0.078
4494,-0.193
4495,-0.278
4496,0.01
4497,0.19
4498,-0.068
4499,-0.056
4500,0.022
4501,0.098
4502,-0.029
4503,-0.005
4504,0.059
4505,-0.22
4506,-0.183
4507,-0.034
4508,-0.083
4509,-0.281
4510,-0.276
4511,-0.151
4512,-0.073
4513,-0.139
4514,-0.247
4515,-0.266
4516,-0.095
4517,-0.112
4518,-0.151
4519,-0.034
4520,-0.01
4521,0.037
4522,-0.178
4523,0.044
4524,-0.1
4525,0.02
4526,-0.195
4527,-0.222
4528,-0.154
4529,-0.176
4530,-0.195
4531,-0.071
4532,-0.264
4533,-0.4
4534,-0.061
4535,-0.215
4536,-0.095
4537,-0.09
4538,-0.149
4539,-0.105
4540,-0.093
4541,-0.068
4542,0.042
4543,-0.015
4544,-0.044
4545,-0.059
4546,-0.027
4547,0.081
4548,-0.176
4549,-0.234
4550,-0.012
4551,-0.032
4552,-0.049
4553,-0.129
4554,-0.249
4555,-0.195
4556,-0.154
4557,-0.11
4558,0.059
4559,0.032
4560,-0.334
4561,-0.308
4562,-0.156
4563,-0.088
4564,-0.129
4565,-0.005
4566,-0.151
4567,0.032
4568,-0.125
4569,-0.278
4570,-0.105
4571,-0.029
4572,-0.144
4573,-0.251
4574,-0.269
4575,-0.259
4576,-0.151
4577,0.0
4578,-0.005
4579,-0.19
4580,-0.151
4581,-0.007
4582,-0.017
4583,0.103
4584,-0.085
4585,-0.19
4586,-0.115
4587,-0.042
4588,0.024
4589,-0.352
4590,0.386
4591,0.249
4592,-0.327
4593,-0.22
4594,-0.19
4595,-0.149
4596,0.007
4597,-0.247
4598,-0.051
4599,-0.137
4600,-0.266
4601,-0.247
4602,-0.085
4603,0.039
4604,-0.007
4605,-0.12
4606,-0.073
4607,-0.005
4608,-0.288
4609,0.005
4610,0.11
4611,-0.227
4612,-0.251
4613,-0.195
4614,-0.227
4615,-0.098
4616,-0.159
4617,-0.264
4618,-0.002
4619,-0.232
4620,-0.156
4621,0.061
4622,-0.12
4623,-0.117
4624,0.024
4625,-0.005
4626,-0.181
4627,0.037
4628,-0.127
4629,-0.068
4630,-0.144
4631,-0.015
4632,0.054
4633,-0.171
4634,-0.159
4635,-0.112
4636,-0.039
4637,-0.273
4638,0.056
4639,-0.188
4640,-0.12
4641,-0.139
4642,-0.088
4643,-0.076
4644,-0.11
4645,-0.125
4646,-0.137
4647,-0.063
4648,-0.139
4649,-0.132
4650,-0.215
4651,-0.347
4652,-0.205
4653,-0.078
4654,-0.122
4655,-0.33
4656,-0.066
4657,-0.193
4658,-0.088
4659,-0.156
4660,-0.051
4661,-0.112
4662,-0.149
4663,-0.103
4664,-0.129
4665,-0.093
4666,-0.183
4667,-0.09
4668,0.015
4669,0.066
4670,-0.085
4671,-0.139
4672,-0.19
4673,-0.217
4674,-0.154
4675,-0.017
4676,-0.137
4677,-0.227
4678,-0.029
4679,-0.132
4680,-0.159
4681,-0.222
4682,0.024
4683,-0.098
4684,-0.212
4685,-0.068
4686,0.024
4687,-0.078
4688,-0.325
4689,-0.024
4690,-0.085
4691,-0.176
4692,-0.339
4693,-0.068
4694,-0.22
4695,-0.161
4696,-0.234
4697,-0.107
4698,0.0
4699,-0.09
4700,-0.151
4701,-0.149
4702,0.032
4703,-0.063
4704,-0.059
4705,0.012
4706,0.005
4707,-0.083
4708,-0.193
4709,-0.151
4710,-0.278
4711,-0.078
4712,-0.237
4713,-0.176
4714,-0.229
4715,-0.134
4716,-0.259
4717,-0.312
4718,-0.22
4719,-0.198
4720,-0.146
4721,-0.149
4722,0.042
4723,-0.132
4724,-0.159
4725,-0.115
4726,0.105
4727,-0.132
4728,-0.173
4729,0.046
4730,-0.098
4731,0.076
4732,-0.254
4733,-0.066
4734,-0.037
4735,-0.127
4736,-0.332
4737,-0.005
4738,-0.061
4739,-0.286
4740,-0.142
4741,-0.269
4742,-0.015
4743,-0.173
4744,-0.129
4745,0.022
4746,0.066
4747,-0.229
4748,-0.027
4749,0.1
4750,-0.137
4751,-0.249
4752,-0.21
4753,-0.007
4754,-0.134
4755,-0.071
4756,-0.129
4757,-0.01
4758,-0.244
4759,-0.183
4760,-0.249
4761,-0.276
4762,-0.044
4763,-0.137
4764,-0.051
4765,-0.103
4766,-0.227
4767,-0.078
4768,-0.071
4769,-0.261
4770,-0.156
4771,-0.137
4772,-0.088
4773,0.068
4774,-0.146
4775,-0.073
4776,-0.029
4777,0.037
4778,-0.134
4779,-0.115
4780,-0.117
4781,0.02
4782,-0.071
4783,-0.161
4784,-0.049
4785,-0.115
4786,-0.061
4787,-0.198
4788,0.0
4789,0.071
4790,-0.054
4791,-0.249
4792,0.01
4793,-0.088
4794,-0.305
4795,-0.015
4796,-0.088
4797,-0.051
4798,-0.178
4799,-0.132
4800,-0.242
4801,-0.212
4802,-0.161
4803,0.015
4804,-0.066
4805,-0.247
4806,-0.081
4807,0.015
4808,-0.039
4809,-0.198
4810,-0.105
4811,-0.164
4812,-0.21
4813,-0.198
4814,-0.2
4815,-0.146
4816,-0.066
4817,-0.115
4818,-0.171
4819,-0.093
4820,-0.09
4821,-0.076
4822,-0.059
4823,-0.12
4824,-0.083
4825,0.0
4826,-0.076
4827,0.034
4828,-0.015
4829,-0.19
4830,-0.149
4831,0.024
4832,-0.142
4833,-0.208
4834,-0.251
4835,-0.149
4836,-0.051
4837,-0.081
4838,-0.251
4839,0.02
4840,-0.1
4841,-0.21
4842,-0.161
4843,-0.076
4844,-0.183
4845,-0.256
4846,-0.154
4847,0.088
4848,0.029
4849,-0.093
4850,-0.007
4851,-0.276
4852,-0.149
4853,0.12
4854,-0.046
4855,-0.154
4856,-0.198
4857,-0.173
4858,-0.115
4859,-0.073
4860,-0.132
4861,-0.073
4862,-0.117
4863,-0.222
4864,-0.151
4865,-0.046
4866,-0.015
4867,-0.032
4868,0.012
4869,-0.222
4870,-0.183
4871,-0.205
4872,-0.083
4873,-0.156
4874,-0.239
4875,-0.132
4876,-0.024
4877,-0.166
4878,-0.186
4879,-0.044
4880,-0.059
4881,-0.078
4882,-0.117
4883,-0.149
4884,-0.161
4885,-0.237
4886,-0.085
4887,0.056
4888,-0.044
4889,-0.071
4890,-0.088
4891,-0.132
4892,0.088
4893,0.09
4894,-0.19
4895,-0.154
4896,-0.259
4897,-0.159
4898,-0.12
4899,-0.11
4900,-0.247
4901,-0.027
4902,-0.166
4903,-0.139
4904,-0.125
4905,0.007
4906,-0.005
4907,0.024
4908,-0.208
4909,-0.156
4910,0.137
4911,-0.005
4912,-0.076
4913,-0.149
4914,-0.298
4915,-0.181
4916,-0.039
4917,-0.09
4918,-0.21
4919,-0.293
4920,-0.129
4921,-0.144
4922,-0.286
4923,-0.093
4924,-0.032
4925,-0.171
4926,-0.071
4927,-0.002
4928,-0.146
4929,-0.015
4930,-0.081
4931,-0.193
4932,-0.085
4933,-0.1
4934,-0.251
4935,-0.073
4936,-0.156
4937,-0.454
4938,-0.098
4939,-0.154
4940,-0.388
4941,-0.178
4942,-0.09
4943,-0.122
4944,-0.139
4945,-0.103
4946,-0.042
4947,0.022
4948,-0.193
4949,-0.164
4950,0.059
4951,0.144
4952,-0.037
4953,-0.261
4954,-0.098
4955,-0.142
4956,-0.205
4957,-0.195
4958,-0.127
4959,-0.232
4960,-0.369
4961,-0.198
4962,0.09
4963,-0.127
4964,-0.21
4965,-0.1
4966,-0.015
4967,-0.09
4968,-0.198
4969,-0.186
4970,-0.132
4971,-0.1
4972,-0.029
4973,-0.112
4974,-0.208
4975,-0.098
4976,-0.159
4977,-0.173
4978,-0.171
4979,-0.229
4980,-0.19
4981,-0.193
4982,-0.198
4983,-0.132
4984,-0.105
4985,-0.137
4986,-0.098
4987,0.054
4988,-0.017
4989,-0.159
4990,-0.066
4991,0.037
4992,-0.125
4993,-0.249
4994,-0.01
4995,-0.029
4996,-0.212
4997,-0.21
4998,0.024
4999,-0.205
5000,-0.19
5001,-0.098
5002,0.066
5003,-0.183
5004,-0.164
5005,0.0
5006,0.061
5007,-0.081
5008,-0.042
5009,-0.049
5010,-0.2
5011,-0.369
5012,-0.085
5013,0.19
5014,-0.137
5015,-0.232
5016,-0.149
5017,-0.173
5018,-0.259
5019,-0.344
5020,0.005
5021,-0.222
5022,-0.261
5023,-0.129
5024,0.095
5025,-0.081
5026,-0.2
5027,-0.054
5028,-0.022
5029,-0.11
5030,-0.083
5031,-0.007
5032,-0.005
5033,-0.21
5034,-0.107
5035,-0.139
5036,-0.125
5037,-0.049
5038,0.088
5039,-0.149
5040,-0.105
5041,0.007
5042,-0.081
5043,-0.19
5044,-0.117
5045,-0.225
5046,-0.122
5047,-0.02
5048,-0.125
5049,-0.027
5050,0.017
5051,-0.046
5052,-0.098
5053,-0.161
5054,-0.21
5055,-0.054
5056,-0.046
5057,-0.176
5058,-0.186
5059,0.042
5060,0.029
5061,-0.105
5062,-0.129
5063,-0.11
5064,-0.232
5065,-0.195
5066,-0.11
5067,-0.01
5068,-0.144
5069,-0.212
5070,0.117
5071,-0.027
5072,0.012
5073,-0.061
5074,-0.122
5075,-0.176
5076,-0.178
5077,-0.146
5078,-0.037
5079,-0.171
5080,-0.039
5081,-0.142
5082,-0.183
5083,-0.159
5084,0.205
5085,-0.193
5086,-0.3
5087,-0.171
5088,-0.154
5089,0.012
5090,0.0
5091,-0.066
5092,0.059
5093,-0.051
5094,-0.115
5095,-0.044
5096,-0.122
5097,-0.217
5098,-0.142
5099,-0.225
5100,-0.168
5101,-0.239
5102,-0.09
5103,-0.039
5104,-0.132
5105,-0.044
5106,-0.059
5107,-0.056
5108,-0.139
5109,-0.042
5110,-0.1
5111,0.015
5112,-0.156
5113,-0.144
5114,-0.193
5115,-0.203
5116,-0.059
5117,0.0
5118,0.061
5119,-0.024
5120,-0.117
5121,-0.02
5122,-0.032
5123,-0.308
5124,-0.195
5125,-0.056
5126,-0.215
5127,-0.3
5128,-0.105
5129,0.015
5130,-0.029
5131,-0.071
5132,-0.015
5133,0.068
5134,0.19
5135,-0.144
5136,-0.188
5137,-0.066
5138,0.117
5139,-0.081
5140,-0.154
5141,-0.168
5142,0.024
5143,-0.144
5144,-0.247
5145,-0.22
5146,-0.205
5147,0.056
5148,0.032
5149,-0.129
5150,-0.215
5151,-0.085
5152,0.088
5153,-0.005
5154,-0.256
5155,-0.085
5156,0.029
5157,-0.237
5158,-0.11
5159,-0.056
5160,-0.21
5161,-0.212
5162,0.063
5163,-0.188
5164,-0.337
5165,-0.129
5166,-0.137
5167,-0.251
5168,-0.037
5169,-0.103
5170,-0.076
5171,-0.027
5172,0.042
5173,0.029
5174,-0.085
5175,-0.19
5176,-0.005
5177,-0.115
5178,-0.293
5179,-0.132
5180,0.02
5181,-0.083
5182,-0.1
5183,-0.237
5184,-0.049
5185,-0.032
5186,-0.044
5187,0.078
5188,0.076
5189,-0.171
5190,-0.071
5191,0.0
5192,-0.12
5193,-0.134
5194,-0.01
5195,0.056
5196,0.005
5197,-0.107
5198,-0.198
5199,-0.032
5200,-0.164
5201,-0.176
5202,-0.703
5203,-0.234
5204,0.222
5205,-0.227
5206,-0.137
5207,-0.271
5208,-0.024
5209,0.0
5210,-0.098
5211,0.078
5212,-0.076
5213,-0.015
5214,-0.259
5215,-0.061
5216,0.002
5217,-0.139
5218,-0.171
5219,-0.078
5220,-0.146
5221,-0.283
5222,-0.188
5223,-0.227
5224,-0.193
5225,-0.149
5226,-0.034
5227,-0.02
5228,-0.046
5229,-0.198
5230,-0.02
5231,0.042
5232,-0.012
5233,-0.015
5234,0.051
5235,-0.015
5236,-0.149
5237,-0.176
5238,-0.059
5239,-0.076
5240,-0.039
5241,-0.11
5242,-0.105
5243,-0.068
5244,-0.12
5245,-0.249
5246,-0.034
5247,-0.017
5248,-0.315
5249,-0.288
5250,-0.159
5251,-0.071
5252,-0.12
5253,-0.024
5254,-0.078
5255,-0.142
5256,-0.273
5257,0.012
5258,0.059
5259,-0.154
5260,-0.303
5261,-0.063
5262,-0.061
5263,-0.244
5264,-0.293
5265,-0.364
5266,0.144
5267,-0.1
5268,-0.149
5269,0.144
5270,-0.112
5271,-0.027
5272,0.051
5273,0.02
5274,-0.1
5275,0.156
5276,-0.054
5277,0.002
5278,0.051
5279,-0.059
5280,-0.103
5281,0.034
5282,-0.234
5283,-0.332
5284,-0.142
5285,-0.259
5286,-0.137
5287,-0.264
5288,-0.217
5289,-0.164
5290,-0.046
5291,0.125
5292,-0.054
5293,-0.161
5294,-0.242
5295,-0.107
5296,-0.186
5297,-0.186
5298,-0.244
5299,-0.215
5300,-0.117
5301,-0.034
5302,-0.242
5303,-0.212
5304,-0.178
5305,-0.376
5306,-0.171
5307,-0.347
5308,-0.071
5309,0.107
5310,-0.312
5311,-0.461
5312,-0.054
5313,-0.073
5314,-0.024
5315,-0.007
5316,-0.032
5317,-0.056
5318,-0.095
5319,-0.137
5320,-0.183
5321,-0.168
5322,-0.215
5323,-0.088
5324,-0.237
5325,-0.259
5326,-0.02
5327,-0.11
5328,-0.029
5329,-0.161
5330,-0.088
5331,-0.178
5332,-0.203
5333,-0.09
5334,-0.1
5335,-0.125
5336,-0.117
5337,-0.032
5338,-0.056
5339,-0.137
5340,-0.173
5341,-0.156
5342,-0.288
5343,-0.239
5344,-0.149
5345,-0.212
5346,-0.261
5347,-0.188
5348,-0.039
5349,-0.198
5350,-0.146
5351,-0.044
5352,-0.215
5353,0.037
5354,0.139
5355,-0.029
5356,-0.159
5357,0.02
5358,-0.164
5359,0.159
5360,-0.059
5361,-0.312
5362,0.068
5363,-0.168
5364,-0.254
5365,-0.239
5366,-0.271
5367,-0.261
5368,-0.21
5369,-0.234
5370,0.103
5371,-0.315
5372,-0.308
5373,-0.034
5374,-0.002
5375,-0.237
5376,-0.161
5377,-0.215
5378,-0.002
5379,-0.115
5380,-0.369
5381,-0.19
5382,0.056
5383,-0.308
5384,-0.225
5385,-0.032
5386,-0.071
5387,0.049
5388,-0.134
5389,-0.229
5390,0.063
5391,-0.171
5392,-0.017
5393,0.083
5394,-0.115
5395,-0.249
5396,-0.073
5397,-0.068
5398,-0.049
5399,-0.073
5400,-0.146
5401,-0.093
5402,-0.249
5403,-0.195
5404,-0.193
5405,-0.208
5406,-0.225
5407,-0.259
5408,-0.164
5409,-0.193
5410,-0.203
5411,-0.2
5412,0.02
5413,-0.115
5414,-0.117
5415,-0.032
5416,-0.115
5417,-0.115
5418,-0.007
5419,-0.01
5420,0.032
5421,0.0
5422,-0.212
5423,-0.137
5424,-0.132
5425,-0.117
5426,-0.22
5427,-0.217
5428,-0.122
5429,-0.095
5430,0.005
5431,-0.083
5432,-0.117
5433,-0.039
5434,-0.107
5435,-0.051
5436,0.046
5437,0.02
5438,-0.227
5439,-0.063
5440,-0.122
5441,-0.229
5442,-0.2
5443,-0.125
5444,-0.369
5445,-0.176
5446,-0.349
5447,-0.281
5448,-0.129
5449,-0.056
5450,-0.203
5451,0.042
5452,0.164
5453,0.017
5454,-0.19
5455,-0.352
5456,-0.005
5457,0.132
5458,-0.181
5459,-0.183
5460,-0.09
5461,-0.261
5462,-0.215
5463,-0.015
5464,-0.381
5465,-0.059
5466,-0.281
5467,-0.325
5468,-0.088
5469,-0.098
5470,-0.498
5471,-0.002
5472,-0.115
5473,-0.186
5474,0.015
5475,0.002
5476,-0.217
5477,0.024
5478,-0.044
5479,0.173
5480,-0.029
5481,-0.491
5482,0.007
5483,-0.02
5484,-0.244
5485,-0.027
5486,-0.01
5487,-0.098
5488,-0.115
5489,-0.181
5490,-0.149
5491,0.056
5492,-0.288
5493,-0.076
5494,0.127
5495,-0.188
5496,-0.21
5497,-0.029
5498,-0.2
5499,-0.063
5500,-0.056
5501,-0.247
5502,-0.144
5503,-0.212
5504,-0.144
5505,0.029
5506,-0.142
5507,-0.271
5508,-0.193
5509,-0.168
5510,-0.2
5511,-0.061
5512,-0.198
5513,-0.073
5514,-0.049
5515,-0.278
5516,-0.022
5517,-0.068
5518,-0.144
5519,-0.066
5520,0.156
5521,-0.11
5522,-0.005
5523,-0.276
5524,-0.076
5525,0.137
5526,-0.142
5527,-0.051
5528,-0.227
5529,0.156
5530,0.2
5531,-0.015
5532,-0.322
5533,0.117
5534,-0.183
5535,-0.105
5536,0.034
5537,-0.269
5538,-0.088
5539,-0.068
5540,-0.215
5541,-0.144
5542,-0.383
5543,-0.146
5544,-0.115
5545,-0.54
5546,-0.417
5547,0.081
5548,-0.288
5549,0.09
5550,-0.342
5551,-0.498
5552,-0.264
5553,0.054
5554,-0.256
5555,-0.073
5556,-0.068
5557,-0.212
5558,0.278
5559,0.078
5560,-0.103
5561,0.144
5562,0.061
5563,-0.11
5564,-0.059
5565,0.0
5566,-0.144
5567,0.002
5568,-0.117
5569,0.061
5570,-0.042
5571,-0.073
5572,-0.249
5573,-0.005
5574,-0.132
5575,-0.271
5576,-0.303
5577,-0.059
5578,-0.056
5579,-0.144
5580,0.015
5581,-0.254
5582,-0.151
5583,-0.051
5584,-0.039
5585,-0.044
5586,-0.083
5587,-0.012
5588,-0.127
5589,-0.22
5590,-0.315
5591,-0.129
5592,-0.178
5593,-0.107
5594,-0.259
5595,-0.007
5596,0.005
5597,-0.088
5598,-0.205
5599,-0.044
5600,-0.059
5601,-0.088
5602,0.161
5603,-0.071
5604,-0.212
5605,-0.046
5606,0.107
5607,-0.012
5608,-0.132
5609,-0.103
5610,-0.059
5611,-0.017
5612,-0.215
5613,-0.12
5614,-0.024
5615,-0.061
5616,-0.032
5617,-0.017
5618,-0.205
5619,-0.19
5620,0.037
5621,0.103
5622,-0.156
5623,-0.364
5624,-0.173
5625,-0.022
5626,-0.044
5627,-0.203
5628,-0.154
5629,-0.12
5630,-0.151
5631,-0.159
5632,-0.1
5633,0.059
5634,-0.134
5635,-0.144
5636,0.044
5637,0.056
5638,-0.122
5639,-0.146
5640,-0.066
5641,-0.02
5642,-0.049
5643,0.034
5644,-0.032
5645,-0.139
5646,-0.115
5647,-0.115
5648,-0.103
5649,-0.149
5650,-0.271
5651,-0.19
5652,0.017
5653,-0.076
5654,-0.112
5655,-0.203
5656,-0.134
5657,-0.061
5658,-0.208
5659,-0.154
5660,-0.105
5661,-0.12
5662,-0.288
5663,-0.249
5664,-0.178
5665,-0.215
5666,-0.039
5667,-0.107
5668,-0.066
5669,-0.095
5670,-0.278
5671,-0.139
5672,0.095
5673,-0.183
5674,-0.144
5675,0.198
5676,-0.056
5677,0.01
5678,-0.022
5679,-0.002
5680,-0.085
5681,-0.193
5682,-0.134
5683,0.286
5684,-0.325
5685,-0.388
5686,0.066
5687,-0.339
5688,-0.415
5689,-0.042
5690,-0.173
5691,-0.261
5692,-0.144
5693,-0.271
5694,0.071
5695,-0.088
5696,-0.183
5697,-0.1
5698,-0.193
5699,-0.134
5700,0.0
5701,0.002
5702,-0.134
5703,0.046
5704,-0.261
5705,-0.281
5706,0.044
5707,-0.188
5708,-0.227
5709,-0.146
5710,-0.181
5711,-0.056
5712,0.059
5713,-0.061
5714,0.09
5715,-0.11
5716,0.095
5717,0.083
5718,-0.161
5719,-0.017
5720,0.232
5721,-0.234
5722,-0.222
5723,-0.054
5724,-0.3
5725,-0.125
5726,0.007
5727,-0.195
5728,-0.088
5729,-0.269
5730,-0.017
5731,-0.093
5732,-0.105
5733,-0.1
5734,0.11
5735,-0.43
5736,-0.034
5737,0.022
5738,-0.249
5739,-0.261
5740,0.1
5741,-0.19
5742,-0.325
5743,-0.217
5744,-0.122
5745,-0.107
5746,-0.481
5747,-0.168
5748,0.022
5749,-0.259
5750,-0.183
5751,0.085
5752,-0.112
5753,-0.391
5754,-0.156
5755,-0.217
5756,-0.063
5757,-0.027
5758,-0.212
5759,-0.134
5760,0.029
5761,-0.2
5762,-0.037
5763,-0.046
5764,-0.303
5765,-0.098
5766,-0.083
5767,-0.044
5768,-0.151
5769,-0.144
5770,-0.229
5771,0.015
5772,-0.002
5773,-0.337
5774,-0.171
5775,-0.068
5776,-0.227
5777,-0.129
5778,0.129
5779,-0.11
5780,-0.103
5781,-0.212
5782,-0.032
5783,-0.037
5784,-0.43
5785,-0.156
5786,-0.129
5787,-0.159
5788,-0.234
5789,-0.22
5790,-0.225
5791,-0.127
5792,-0.161
5793,-0.193
5794,-0.166
5795,-0.32
5796,-0.1
5797,-0.146
5798,-0.117
5799,-0.105
5800,-0.09
5801,-0.09
5802,-0.151
5803,-0.01
5804,-0.322
5805,-0.093
5806,0.117
5807,-0.01
5808,-0.208
5809,0.037
5810,-0.178
5811,0.088
5812,-0.21
5813,0.02
5814,0.293
5815,-0.073
5816,-0.369
5817,-0.239
5818,-0.039
5819,-0.195
5820,-0.183
5821,-0.183
5822,-0.173
5823,-0.261
5824,-0.244
5825,-0.059
5826,-0.012
5827,-0.31
5828,-0.176
5829,-0.054
5830,-0.183
5831,-0.112
5832,-0.154
5833,-0.3
5834,-0.132
5835,0.066
5836,-0.264
5837,0.032
5838,0.154
5839,0.027
5840,-0.083
5841,0.327
5842,-0.024
5843,-0.183
5844,-0.034
5845,0.01
5846,-0.271
5847,-0.029
5848,-0.173
5849,-0.142
5850,0.198
5851,-0.229
5852,-0.208
5853,0.137
5854,-0.276
5855,-0.173
5856,-0.09
5857,-0.356
5858,-0.264
5859,0.044
5860,-0.447
5861,-0.149
5862,0.024
5863,-0.281
5864,-0.002
5865,0.015
5866,-0.227
5867,-0.183
5868,-0.042
5869,-0.354
5870,-0.044
5871,-0.312
5872,-0.146
5873,0.005
5874,-0.21
5875,-0.276
5876,-0.012
5877,-0.154
5878,0.01
5879,0.046
5880,0.017
5881,0.039
5882,-0.078
5883,-0.063
5884,-0.142
5885,-0.3
5886,0.02
5887,-0.083
5888,-0.085
5889,-0.312
5890,-0.125
5891,-0.164
5892,-0.146
5893,-0.212
5894,-0.156
5895,-0.239
5896,0.01
5897,-0.085
5898,0.032
5899,-0.232
5900,-0.112
5901,-0.073
5902,-0.112
5903,-0.168
5904,-0.171
5905,-0.203
5906,-0.044
5907,-0.161
5908,-0.186
5909,-0.151
5910,-0.042
5911,-0.273
5912,-0.173
5913,-0.127
5914,0.015
5915,-0.134
5916,-0.115
5917,0.01
5918,0.002
5919,-0.059
5920,-0.068
5921,0.103
5922,-0.029
5923,-0.156
5924,-0.076
5925,0.056
5926,-0.063
5927,-0.286
5928,0.017
5929,0.034
5930,-0.142
5931,-0.251
5932,-0.12
5933,-0.042
5934,-0.129
5935,-0.149
5936,-0.022
5937,-0.054
5938,-0.208
5939,-0.156
5940,-0.032
5941,0.002
5942,-0.149
5943,-0.034
5944,-0.012
5945,-0.122
5946,-0.054
5947,-0.078
5948,0.0
5949,-0.176
5950,-0.171
5951,-0.237
5952,0.068
5953,-0.151
5954,-0.264
5955,0.156
5956,0.115
5957,-0.305
5958,-0.256
5959,0.037
5960,0.037
5961,-0.093
5962,-0.12
5963,0.247
5964,-0.056
5965,-0.432
5966,-0.168
5967,0.054
5968,-0.085
5969,-0.212
5970,0.076
5971,-0.103
5972,-0.017
5973,-0.076
5974,0.029
5975,-0.122
5976,-0.098
5977,-0.178
5978,-0.183
5979,-0.183
5980,-0.181
5981,-0.229
5982,-0.132
5983,-0.049
5984,-0.088
5985,-0.146
5986,-0.103
5987,-0.09
5988,-0.154
5989,-0.117
5990,-0.071
5991,-0.061
5992,-0.027
5993,-0.334
5994,-0.3
5995,-0.063
5996,-0.039
5997,-0.132
5998,-0.144
5999,-0.095
6000,-0.095
6001,-0.054
6002,-0.037
6003,-0.051
6004,-0.076
6005,0.007
6006,0.059
6007,-0.054
6008,-0.159
6009,-0.056
6010,-0.012
6011,-0.073
6012,-0.181
6013,-0.139
6014,-0.071
6015,-0.015
6016,-0.242
6017,-0.232
6018,-0.051
6019,0.005
6020,-0.117
6021,-0.012
6022,-0.085
6023,-0.039
6024,-0.132
6025,0.037
6026,-0.063
6027,-0.112
6028,-0.039
6029,0.146
6030,-0.122
6031,-0.266
6032,-0.166
6033,-0.181
6034,-0.107
6035,-0.181
6036,-0.088
6037,-0.264
6038,-0.332
6039,-0.137
6040,-0.081
6041,-0.056
6042,-0.234
6043,-0.088
6044,-0.054
6045,-0.193
6046,-0.095
6047,-0.005
6048,-0.195
6049,-0.051
6050,0.017
6051,-0.105
6052,-0.042
6053,-0.12
6054,-0.186
6055,-0.071
6056,0.032
6057,-0.269
6058,-0.195
6059,0.066
6060,-0.137
6061,-0.293
6062,-0.146
6063,-0.085
6064,-0.09
6065,-0.154
6066,-0.247
6067,-0.139
6068,0.01
6069,-0.046
6070,-0.122
6071,-0.237
6072,-0.156
6073,-0.159
6074,-0.198
6075,-0.264
6076,-0.144
6077,-0.125
6078,-0.049
6079,-0.056
6080,-0.046
6081,-0.168
6082,-0.129
6083,-0.095
6084,0.015
6085,-0.071
6086,-0.029
6087,-0.098
6088,-0.039
6089,-0.127
6090,-0.2
6091,-0.154
6092,-0.073
6093,-0.139
6094,-0.247
6095,-0.217
6096,-0.122
6097,-0.203
6098,-0.217
6099,-0.059
6100,-0.171
6101,-0.134
6102,-0.051
6103,-0.203
6104,-0.112
6105,-0.049
6106,-0.237
6107,-0.188
6108,-0.076
6109,-0.144
6110,0.02
6111,-0.127
6112,-0.291
6113,-0.237
6114,-0.237
6115,-0.093
6116,-0.183
6117,-0.217
6118,-0.278
6119,-0.2
6120,-0.081
6121,-0.005
6122,-0.105
6123,-0.044
6124,0.098
6125,0.032
6126,-0.002
6127,-0.134
6128,-0.281
6129,-0.125
6130,-0.144
6131,-0.068
6132,-0.293
6133,-0.415
6134,-0.222
6135,-0.12
6136,-0.02
6137,-0.2
6138,0.02
6139,0.198
6140,-0.09
6141,-0.188
6142,-0.081
6143,-0.195
6144,-0.278
6145,-0.117
6146,-0.073
6147,-0.22
6148,-0.161
6149,0.024
6150,-0.015
6151,-0.173
6152,0.017
6153,0.112
6154,0.066
6155,-0.127
6156,-0.408
6157,-0.327
6158,-0.005
6159,-0.166
6160,0.076
6161,-0.049
6162,-0.19
6163,-0.073
6164,0.085
6165,-0.088
6166,0.054
6167,-0.298
6168,-0.396
6169,-0.117
6170,-0.137
6171,-0.127
6172,-0.073
6173,-0.071
6174,-0.1
6175,-0.088
6176,-0.22
6177,-0.078
6178,-0.061
6179,-0.317
6180,-0.261
6181,-0.122
6182,-0.088
6183,-0.19
6184,-0.342
6185,-0.198
6186,-0.039
6187,-0.161
6188,-0.178
6189,-0.081
6190,-0.149
6191,-0.217
6192,-0.11
6193,-0.088
6194,-0.107
6195,-0.171
6196,-0.198
6197,-0.095
6198,-0.156
6199,-0.188
6200,0.007
6201,-0.151
6202,-0.232
6203,-0.129
6204,-0.176
6205,-0.059
6206,0.002
6207,-0.12
6208,-0.076
6209,-0.076
6210,-0.1
6211,0.098
6212,-0.081
6213,-0.068
6214,-0.115
6215,-0.195
6216,-0.1
6217,-0.083
6218,-0.227
6219,-0.222
6220,-0.083
6221,-0.073
6222,-0.181
6223,-0.1
6224,-0.059
6225,-0.103
6226,-0.134
6227,-0.129
6228,-0.068
6229,-0.168
6230,-0.266
6231,-0.073
6232,-0.107
6233,-0.291
6234,-0.2
6235,-0.1
6236,-0.178
6237,-0.229
6238,-0.156
6239,-0.103
6240,-0.027
6241,-0.154
6242,-0.242
6243,-0.098
6244,0.061
6245,-0.132
6246,-0.066
6247,-0.002
6248,-0.032
6249,-0.193
6250,-0.3
6251,0.056
6252,-0.039
6253,-0.208
6254,-0.225
6255,-0.088
6256,-0.144
6257,-0.212
6258,-0.09
6259,-0.054
6260,-0.159
6261,-0.181
6262,-0.242
6263,-0.002
6264,-0.105
6265,-0.188
6266,0.083
6267,-0.012
6268,-0.244
6269,-0.234
6270,-0.078
6271,-0.1
6272,-0.09
6273,0.027
6274,-0.063
6275,-0.112
6276,-0.205
6277,-0.095
6278,-0.159
6279,-0.073
6280,-0.054
6281,0.098
6282,-0.029
6283,-0.149
6284,-0.144
6285,-0.022
6286,-0.054
6287,-0.056
6288,-0.134
6289,-0.073
6290,0.037
6291,-0.168
6292,-0.2
6293,-0.037
6294,0.139
6295,-0.083
6296,-0.244
6297,-0.21
6298,0.054
6299,-0.024
6300,-0.217
6301,-0.088
6302,-0.098
6303,-0.017
6304,-0.051
6305,-0.12
6306,0.027
6307,0.017
6308,-0.083
6309,-0.149
6310,0.044
6311,-0.264
6312,-0.198
6313,0.012
6314,0.107
6315,-0.271
6316,-0.371
6317,-0.222
6318,0.01
6319,-0.178
6320,-0.117
6321,0.022
6322,-0.076
6323,-0.212
6324,-0.183
6325,0.205
6326,0.068
6327,-0.056
6328,-0.002
6329,-0.115
6330,-0.049
6331,-0.107
6332,-0.164
6333,-0.007
6334,0.039
6335,-0.21
6336,-0.212
6337,-0.132
6338,-0.188
6339,-0.044
6340,-0.122
6341,-0.129
6342,-0.215
6343,-0.095
6344,-0.291
6345,-0.071
6346,-0.085
6347,-0.107
6348,-0.122
6349,-0.002
6350,-0.178
6351,-0.315
6352,-0.21
6353,-0.083
6354,-0.217
6355,-0.356
6356,-0.071
6357,-0.017
6358,-0.188
6359,-0.21
6360,-0.137
6361,0.027
6362,-0.068
6363,-0.129
6364,-0.159
6365,0.012
6366,-0.107
6367,0.0
6368,-0.005
6369,-0.183
6370,-0.176
6371,-0.022
6372,-0.054
6373,-0.085
6374,-0.039
6375,-0.159
6376,-0.208
6377,-0.078
6378,-0.095
6379,-0.164
6380,-0.234
6381,-0.022
6382,-0.085
6383,-0.146
6384,-0.144
6385,-0.044
6386,-0.017
6387,-0.007
6388,-0.054
6389,-0.134
6390,-0.212
6391,-0.081
6392,-0.103
6393,-0.293
6394,-0.237
6395,-0.032
6396,-0.078
6397,-0.232
6398,-0.168
6399,-0.107
6400,0.037
6401,-0.076
6402,-0.044
6403,0.037
6404,-0.081
6405,-0.032
6406,0.103
6407,-0.234
6408,-0.078
6409,0.122
6410,-0.125
6411,-0.295
6412,0.007
6413,-0.149
6414,-0.173
6415,-0.054
6416,-0.2
6417,-0.21
6418,-0.215
6419,-0.139
6420,-0.076
6421,0.037
6422,-0.2
6423,-0.042
6424,-0.232
6425,-0.244
6426,0.015
6427,-0.11
6428,-0.139
6429,-0.022
6430,-0.073
6431,-0.122
6432,-0.127
6433,-0.2
6434,-0.042
6435,0.002
6436,-0.259
6437,-0.066
6438,-0.002
6439,-0.115
6440,-0.142
6441,0.037
6442,-0.212
6443,-0.059
6444,-0.271
6445,-0.093
6446,0.005
6447,0.076
6448,-0.032
6449,-0.144
6450,-0.208
6451,-0.22
6452,0.088
6453,-0.107
6454,-0.22
6455,-0.164
6456,-0.098
6457,-0.159
6458,-0.024
6459,-0.161
6460,-0.11
6461,-0.042
6462,-0.247
6463,0.017
6464,0.066
6465,-0.12
6466,-0.186
6467,-0.046
6468,-0.1
6469,-0.139
6470,-0.071
6471,-0.176
6472,-0.193
6473,-0.369
6474,-0.122
6475,-0.115
6476,-0.022
6477,-0.029
6478,-0.139
6479,-0.186
6480,-0.129
6481,0.005
6482,-0.156
6483,-0.085
6484,-0.168
6485,-0.007
6486,0.034
6487,-0.1
6488,-0.183
6489,-0.056
6490,-0.063
6491,-0.125
6492,0.115
6493,-0.181
6494,-0.264
6495,-0.039
6496,-0.11
6497,-0.146
6498,-0.137
6499,-0.154
6500,-0.042
6501,-0.127
6502,-0.146
6503,0.046
6504,-0.222
6505,-0.051
6506,0.029
6507,-0.007
6508,-0.203
6509,-0.1
6510,-0.066
6511,-0.049
6512,-0.115
6513,-0.352
6514,-0.1
6515,-0.198
6516,-0.208
6517,-0.198
6518,-0.11
6519,-0.156
6520,-0.105
6521,-0.139
6522,-0.256
6523,-0.068
6524,-0.095
6525,0.063
6526,-0.046
6527,-0.034
6528,-0.212
6529,-0.21
6530,0.022
6531,-0.042
6532,-0.09
6533,-0.151
6534,-0.083
6535,-0.061
6536,-0.144
6537,-0.317
6538,-0.051
6539,0.002
6540,-0.181
6541,-0.198
6542,0.005
6543,-0.037
6544,-0.269
6545,-0.164
6546,-0.149
6547,-0.186
6548,-0.134
6549,-0.078
6550,-0.088
6551,-0.149
6552,-0.19
6553,-0.063
6554,-0.005
6555,-0.249
6556,-0.19
6557,-0.186
6558,-0.107
6559,-0.161
6560,-0.161
6561,-0.027
6562,-0.054
6563,-0.188
6564,-0.198
6565,-0.012
6566,-0.156
6567,0.02
6568,-0.137
6569,0.125
6570,-0.01
6571,-0.154
6572,-0.132
6573,0.12
6574,-0.046
6575,-0.156
6576,-0.049
6577,-0.137
6578,-0.366
6579,-0.144
6580,-0.061
6581,-0.254
6582,-0.01
6583,-0.02
6584,-0.132
6585,-0.293
6586,-0.339
6587,-0.154
6588,-0.022
6589,0.056
6590,-0.168
6591,-0.239
6592,-0.032
6593,-0.015
6594,-0.308
6595,0.0
6596,0.181
6597,0.0
6598,-0.166
6599,-0.188
6600,-0.159
6601,-0.22
6602,-0.139
6603,-0.183
6604,-0.232
6605,-0.203
6606,-0.198
6607,-0.037
6608,0.022
6609,0.046
6610,-0.198
6611,-0.134
6612,0.027
6613,-0.088
6614,-0.12
6615,0.0
6616,-0.051
6617,-0.161
6618,-0.103
6619,-0.093
6620,0.083
6621,-0.298
6622,-0.232
6623,-0.134
6624,-0.039
6625,-0.251
6626,-0.186
6627,-0.024
6628,-0.098
6629,-0.132
6630,-0.19
6631,-0.071
6632,-0.027
6633,0.095
6634,-0.215
6635,-0.088
6636,-0.078
6637,-0.256
6638,-0.125
6639,-0.212
6640,-0.203
6641,-0.242
6642,-0.098
6643,-0.071
6644,-0.225
6645,-0.334
6646,-0.161
6647,0.081
6648,-0.002
6649,0.059
6650,-0.051
6651,-0.098
6652,-0.144
6653,0.105
6654,0.039
6655,0.01
6656,-0.137
6657,-0.181
6658,-0.066
6659,-0.037
6660,-0.134
6661,-0.054
6662,-0.022
6663,-0.244
6664,-0.139
6665,-0.046
6666,0.017
6667,-0.146
6668,-0.278
6669,-0.125
6670,-0.056
6671,-0.073
6672,-0.232
6673,-0.017
6674,-0.051
6675,-0.032
6676,-0.046
6677,-0.012
6678,-0.112
6679,-0.342
6680,-0.137
6681,-0.029
6682,-0.12
6683,-0.305
6684,-0.073
6685,-0.105
6686,-0.029
6687,-0.071
6688,-0.015
6689,-0.002
6690,-0.059
6691,-0.083
6692,-0.059
6693,0.078
6694,-0.229
6695,-0.059
6696,-0.093
6697,-0.029
6698,-0.017
6699,-0.2
6700,-0.261
6701,-0.149
6702,-0.244
6703,-0.193
6704,0.002
6705,-0.134
6706,-0.115
6707,-0.234
6708,-0.042
6709,-0.022
6710,-0.073
6711,0.044
6712,0.042
6713,-0.288
6714,-0.19
6715,-0.049
6716,-0.151
6717,-0.107
6718,-0.168
6719,-0.156
6720,-0.237
6721,-0.354
6722,-0.107
6723,0.073
6724,-0.105
6725,-0.3
6726,-0.127
6727,-0.081
6728,-0.093
6729,0.029
6730,-0.024
6731,0.017
6732,-0.1
6733,-0.042
6734,0.042
6735,0.071
6736,-0.134
6737,0.012
6738,-0.154
6739,-0.146
6740,-0.151
6741,0.005
6742,-0.02
6743,-0.159
6744,-0.222
6745,-0.188
6746,-0.12
6747,-0.161
6748,-0.042
6749,-0.181
6750,-0.151
6751,0.005
6752,-0.078
6753,-0.085
6754,-0.034
6755,0.068
6756,-0.181
6757,-0.178
6758,-0.083
6759,0.063
6760,-0.159
6761,-0.081
6762,-0.154
6763,-0.361
6764,-0.168
6765,-0.188
6766,-0.01
6767,-0.237
6768,-0.024
6769,0.076
6770,0.012
6771,-0.181
6772,0.027
6773,0.11
6774,-0.09
6775,-0.208
6776,-0.225
6777,-0.002
6778,-0.168
6779,-0.029
6780,-0.251
6781,-0.098
6782,-0.276
6783,-0.186
6784,-0.178
6785,-0.112
6786,0.059
6787,-0.146
6788,-0.007
6789,-0.229
6790,-0.051
6791,-0.088
6792,-0.063
6793,-0.283
6794,-0.122
6795,-0.178
6796,-0.144
6797,-0.066
6798,-0.1
6799,-0.027
6800,-0.3
6801,-0.303
6802,-0.115
6803,-0.1
6804,-0.166
6805,-0.278
6806,-0.122
6807,-0.134
6808,-0.034
6809,-0.312
6810,-0.259
6811,0.01
6812,0.071
6813,-0.212
6814,-0.11
6815,-0.068
6816,-0.125
6817,0.022
6818,0.002
6819,0.054
6820,-0.125
6821,-0.127
6822,-0.237
6823,-0.161
6824,-0.347
6825,-0.017
6826,-0.105
6827,-0.393
6828,-0.19
6829,-0.229
6830,-0.293
6831,-0.078
6832,-0.088
6833,-0.19
6834,-0.039
6835,-0.139
6836,-0.095
6837,0.09
6838,-0.195
6839,-0.142
6840,-0.044
6841,-0.181
6842,-0.264
6843,-0.081
6844,-0.051
6845,-0.005
6846,-0.237
6847,-0.21
6848,-0.068
6849,-0.142
6850,-0.164
6851,-0.142
6852,-0.051
6853,-0.225
6854,0.02
6855,-0.073
6856,-0.105
6857,-0.208
6858,-0.193
6859,-0.015
6860,-0.117
6861,-0.193
6862,-0.039
6863,-0.234
6864,-0.281
6865,-0.032
6866,-0.056
6867,-0.391
6868,-0.239
6869,-0.103
6870,-0.061
6871,-0.183
6872,-0.088
6873,-0.168
6874,-0.081
6875,-0.129
6876,0.0
6877,-0.122
6878,-0.142
6879,0.088
6880,-0.046
6881,-0.208
6882,-0.176
6883,0.051
6884,-0.039
6885,-0.01
6886,-0.239
6887,-0.083
6888,0.034
6889,-0.186
6890,-0.137
6891,0.039
6892,-0.039
6893,-0.049
6894,-0.085
6895,-0.212
6896,-0.19
6897,-0.034
6898,0.037
6899,0.024
6900,-0.017
6901,-0.19
6902,-0.1
6903,-0.059
6904,-0.242
6905,-0.295
6906,-0.085
6907,0.012
6908,-0.198
6909,-0.171
6910,-0.059
6911,0.032
6912,0.037
6913,-0.046
6914,-0.251
6915,-0.247
6916,-0.083
6917,-0.178
6918,-0.066
6919,0.103
6920,-0.129
6921,-0.205
6922,0.129
6923,-0.032
6924,-0.259
6925,-0.11
6926,0.0
6927,-0.01
6928,-0.142
6929,-0.068
6930,0.171
6931,-0.076
6932,-0.261
6933,0.049
6934,-0.029
6935,-0.063
6936,-0.12
6937,-0.068
6938,0.027
6939,-0.305
6940,-0.208
6941,-0.024
6942,-0.103
6943,-0.168
6944,-0.022
6945,-0.181
6946,-0.295
6947,-0.168
6948,-0.164
6949,-0.049
6950,-0.054
6951,-0.266
6952,-0.21
6953,0.071
6954,-0.02
6955,-0.208
6956,-0.049
6957,-0.085
6958,-0.217
6959,-0.342
6960,-0.168
6961,-0.098
6962,-0.049
6963,-0.164
6964,-0.083
6965,-0.076
6966,-0.217
6967,-0.266
6968,-0.161
6969,-0.083
6970,-0.166
6971,-0.12
6972,0.034
6973,0.056
6974,-0.21
6975,-0.193
6976,-0.032
6977,-0.039
6978,-0.161
6979,-0.134
6980,0.044
6981,-0.139
6982,-0.183
6983,-0.181
6984,0.139
6985,0.037
6986,-0.146
6987,-0.239
6988,-0.081
6989,-0.112
6990,-0.11
6991,-0.054
6992,-0.173
6993,-0.217
6994,-0.334
6995,-0.107
6996,-0.105
6997,-0.222
6998,-0.056
6999,-0.078
7000,0.034
7001,-0.173
7002,-0.205
7003,-0.122
7004,-0.093
7005,-0.2
7006,-0.181
7007,-0.229
7008,-0.227
7009,0.007
7010,-0.181
7011,-0.012
7012,0.007
7013,0.068
7014,-0.078
7015,-0.046
7016,0.015
7017,-0.093
7018,-0.024
7019,-0.068
7020,0.002
7021,-0.171
7022,-0.168
7023,-0.249
7024,-0.161
7025,-0.132
7026,-0.11
7027,-0.168
7028,-0.237
7029,-0.156
7030,-0.337
7031,-0.122
7032,-0.044
7033,-0.195
7034,-0.085
7035,0.076
7036,-0.078
7037,-0.12
7038,-0.137
7039,-0.168
7040,0.117
7041,-0.127
7042,-0.22
7043,-0.046
7044,-0.085
7045,-0.254
7046,-0.186
7047,-0.093
7048,-0.051
7049,-0.039
7050,-0.095
7051,-0.085
7052,-0.176
7053,0.002
7054,0.142
7055,-0.051
7056,-0.132
7057,-0.039
7058,-0.007
7059,-0.076
7060,-0.049
7061,-0.054
7062,0.027
7063,-0.242
7064,-0.232
7065,0.022
7066,-0.061
7067,-0.234
7068,-0.178
7069,-0.168
7070,-0.159
7071,-0.281
7072,-0.195
7073,-0.017
7074,-0.151
7075,-0.159
7076,-0.09
7077,-0.061
7078,-0.129
7079,-0.103
7080,-0.063
7081,-0.142
7082,-0.151
7083,-0.098
7084,-0.037
7085,-0.1
7086,-0.293
7087,-0.225
7088,-0.059
7089,-0.41
7090,-0.454
7091,0.027
7092,-0.034
7093,-0.081
7094,0.029
7095,0.034
7096,0.0
7097,0.02
7098,-0.068
7099,0.156
7100,-0.044
7101,-0.215
7102,-0.049
7103,-0.093
7104,-0.229
7105,-0.244
7106,-0.117
7107,-0.085
7108,-0.232
7109,-0.305
7110,-0.09
7111,-0.198
7112,-0.183
7113,-0.002
7114,-0.178
7115,-0.161
7116,-0.024
7117,-0.012
7118,-0.164
7119,0.071
7120,-0.098
7121,-0.171
7122,-0.044
7123,-0.2
7124,-0.093
7125,-0.054
7126,-0.093
7127,-0.083
7128,-0.205
7129,-0.256
7130,-0.061
7131,-0.027
7132,-0.183
7133,-0.093
7134,-0.103
7135,-0.073
7136,-0.059
7137,-0.02
7138,-0.002
7139,-0.085
7140,-0.11
7141,-0.132
7142,-0.081
7143,-0.249
7144,-0.098
7145,-0.142
7146,-0.059
7147,-0.264
7148,-0.278
7149,-0.22
7150,-0.032
7151,0.063
7152,-0.273
7153,-0.244
7154,-0.122
7155,-0.205
7156,-0.11
7157,-0.01
7158,-0.127
7159,-0.249
7160,-0.186
7161,-0.154
7162,-0.125
7163,-0.071
7164,-0.046
7165,0.0
7166,-0.225
7167,-0.322
7168,-0.107
7169,0.002
7170,0.007
7171,-0.066
7172,0.007
7173,-0.112
7174,-0.151
7175,0.1
7176,0.042
7177,0.051
7178,-0.107
7179,-0.005
7180,-0.093
7181,-0.032
7182,-0.054
7183,-0.042
7184,-0.156
7185,-0.039
7186,-0.024
7187,-0.122
7188,-0.22
7189,-0.154
7190,-0.022
7191,-0.012
7192,-0.007
7193,-0.081
7194,-0.251
7195,-0.085
7196,-0.154
7197,-0.159
7198,-0.098
7199,-0.066
7200,-0.066
7201,0.046
7202,-0.269
7203,-0.271
7204,-0.176
7205,-0.115
7206,-0.02
7207,-0.264
7208,-0.305
7209,-0.334
7210,-0.11
7211,-0.056
7212,-0.078
7213,-0.071
7214,0.056
7215,-0.117
7216,-0.12
7217,-0.112
7218,-0.1
7219,-0.076
7220,-0.029
7221,-0.217
7222,-0.281
7223,-0.032
7224,0.005
7225,-0.09
7226,-0.11
7227,-0.073
7228,0.105
7229,-0.176
7230,-0.273
7231,-0.371
7232,-0.037
7233,-0.161
7234,0.071
7235,-0.234
7236,-0.112
7237,0.005
7238,-0.037
7239,-0.073
7240,0.203
7241,-0.247
7242,-0.295
7243,-0.12
7244,-0.081
7245,-0.21
7246,-0.386
7247,-0.12
7248,0.01
7249,-0.156
7250,-0.066
7251,-0.007
7252,0.066
7253,-0.142
7254,-0.225
7255,-0.039
7256,0.032
7257,-0.11
7258,-0.156
7259,-0.027
7260,-0.02
7261,0.017
7262,-0.059
7263,-0.044
7264,-0.1
7265,-0.298
7266,-0.264
7267,-0.039
7268,0.024
7269,-0.173
7270,-0.134
7271,-0.222
7272,-0.178
7273,-0.281
7274,0.105
7275,0.076
7276,-0.225
7277,-0.142
7278,-0.232
7279,-0.298
7280,-0.251
7281,-0.027
7282,-0.112
7283,-0.007
7284,-0.095
7285,0.01
7286,-0.146
7287,-0.002
7288,-0.09
7289,-0.015
7290,-0.107
7291,-0.129
7292,-0.095
7293,-0.154
7294,-0.027
7295,-0.222
7296,-0.098
7297,-0.154
7298,-0.029
7299,-0.11
7300,0.007
7301,0.093
7302,-0.054
7303,-0.217
7304,-0.227
7305,-0.024
7306,-0.134
7307,0.083
7308,-0.034
7309,-0.002
7310,-0.027
7311,-0.132
7312,-0.3
7313,0.017
7314,-0.042
7315,-0.312
7316,-0.168
7317,0.0
7318,-0.146
7319,-0.247
7320,0.19
7321,0.251
7322,-0.271
7323,-0.234
7324,-0.085
7325,0.034
7326,-0.166
7327,-0.115
7328,-0.125
7329,-0.015
7330,-0.3
7331,-0.107
7332,0.005
7333,-0.103
7334,-0.327
7335,-0.12
7336,-0.081
7337,-0.242
7338,0.024
7339,-0.334
7340,-0.078
7341,0.063
7342,-0.178
7343,-0.054
7344,0.085
7345,-0.054
7346,-0.308
7347,-0.088
7348,-0.059
7349,-0.103
7350,-0.283
7351,-0.308
7352,-0.02
7353,0.027
7354,-0.327
7355,-0.137
7356,-0.044
7357,-0.132
7358,-0.02
7359,0.027
7360,-0.117
7361,0.051
7362,0.012
7363,-0.198
7364,-0.005
7365,0.017
7366,-0.303
7367,-0.132
7368,-0.142
7369,-0.005
7370,-0.137
7371,-0.271
7372,-0.151
7373,-0.183
7374,-0.198
7375,-0.002
7376,-0.032
7377,-0.344
7378,-0.044
7379,-0.107
7380,-0.168
7381,-0.122
7382,-0.083
7383,-0.002
7384,0.139
7385,-0.144
7386,-0.315
7387,-0.105
7388,-0.166
7389,-0.122
7390,-0.137
7391,-0.02
7392,-0.09
7393,-0.132
7394,-0.159
7395,0.012
7396,0.022
7397,-0.195
7398,0.01
7399,-0.251
7400,0.017
7401,-0.176
7402,-0.024
7403,-0.015
7404,-0.127
7405,-0.076
7406,-0.046
7407,-0.103
7408,-0.276
7409,-0.022
7410,-0.076
7411,-0.115
7412,-0.156
7413,-0.198
7414,-0.234
7415,-0.054
7416,-0.159
7417,-0.156
7418,-0.012
7419,-0.056
7420,-0.024
7421,-0.107
7422,-0.005
7423,0.005
7424,0.042
7425,-0.132
7426,-0.151
7427,0.095
7428,-0.073
7429,-0.063
7430,-0.137
7431,-0.151
7432,-0.3
7433,-0.298
7434,-0.046
7435,-0.015
7436,-0.181
7437,-0.151
7438,-0.071
7439,-0.208
7440,-0.046
7441,-0.022
7442,0.015
7443,-0.146
7444,-0.188
7445,-0.232
7446,-0.2
7447,-0.066
7448,-0.105
7449,-0.134
7450,-0.244
7451,-0.322
7452,-0.188
7453,0.073
7454,0.046
7455,-0.266
7456,-0.22
7457,-0.059
7458,-0.149
7459,-0.254
7460,-0.095
7461,0.01
7462,-0.029
7463,-0.317
7464,-0.093
7465,-0.037
7466,-0.195
7467,-0.122
7468,-0.042
7469,-0.225
7470,-0.227
7471,-0.171
7472,-0.181
7473,-0.029
7474,-0.186
7475,-0.093
7476,-0.044
7477,-0.049
7478,-0.071
7479,-0.066
7480,-0.107
7481,-0.002
7482,-0.007
7483,-0.261
7484,-0.129
7485,-0.144
7486,-0.093
7487,-0.098
7488,-0.122
7489,-0.212
7490,-0.156
7491,-0.085
7492,-0.09
7493,0.034
7494,-0.151
7495,-0.151
7496,-0.098
7497,-0.107
7498,-0.115
7499,-0.247
7500,-0.017
7501,-0.022
7502,-0.085
7503,-0.151
7504,-0.024
7505,-0.044
7506,-0.142
7507,-0.371
7508,-0.061
7509,-0.061
7510,-0.122
7511,-0.098
7512,-0.227
7513,-0.183
7514,-0.149
7515,-0.166
7516,-0.186
7517,-0.33
7518,-0.193
7519,0.095
7520,-0.024
7521,-0.183
7522,-0.144
7523,-0.137
7524,-0.11
7525,-0.085
7526,-0.017
7527,-0.31
7528,-0.264
7529,-0.056
7530,-0.159
7531,-0.273
7532,0.203
7533,-0.127
7534,-0.303
7535,-0.071
7536,0.039
7537,-0.129
7538,-0.208
7539,-0.078
7540,-0.078
7541,-0.273
7542,-0.232
7543,0.168
7544,0.125
7545,-0.315
7546,-0.027
7547,-0.02
7548,-0.085
7549,-0.283
7550,-0.134
7551,0.027
7552,-0.081
7553,-0.337
7554,-0.037
7555,-0.027
7556,-0.32
7557,-0.188
7558,-0.115
7559,-0.132
7560,-0.308
7561,-0.171
7562,0.044
7563,0.017
7564,-0.081
7565,-0.122
7566,0.051
7567,0.046
7568,-0.085
7569,-0.398
7570,-0.09
7571,-0.093
7572,-0.068
7573,-0.159
7574,-0.168
7575,-0.095
7576,-0.115
7577,-0.073
7578,-0.215
7579,-0.022
7580,-0.322
7581,0.198
7582,0.154
7583,-0.2
7584,-0.095
7585,0.02
7586,-0.017
7587,-0.037
7588,-0.117
7589,-0.264
7590,-0.11
7591,-0.125
7592,-0.09
7593,-0.278
7594,-0.227
7595,-0.156
7596,-0.061
7597,0.042
7598,-0.215
7599,-0.156
7600,0.012
7601,-0.229
7602,-0.361
7603,-0.193
7604,-0.237
7605,-0.09
7606,-0.078
7607,-0.066
7608,-0.212
7609,-0.059
7610,-0.061
7611,-0.151
7612,-0.09
7613,-0.132
7614,0.056
7615,-0.154
7616,-0.173
7617,-0.098
7618,-0.151
7619,-0.181
7620,0.242
7621,-0.059
7622,-0.251
7623,0.11
7624,0.139
7625,-0.034
7626,-0.081
7627,-0.088
7628,-0.137
7629,-0.247
7630,-0.278
7631,0.022
7632,-0.042
7633,-0.398
7634,0.012
7635,-0.022
7636,-0.239
7637,-0.107
7638,0.09
7639,-0.137
7640,-0.037
7641,-0.144
7642,-0.198
7643,0.01
7644,-0.117
7645,-0.107
7646,-0.132
7647,-0.159
7648,-0.242
7649,-0.159
7650,-0.312
7651,-0.164
7652,-0.195
7653,-0.09
7654,0.034
7655,-0.139
7656,-0.249
7657,-0.159
7658,-0.068
7659,-0.125
7660,-0.09
7661,-0.117
7662,0.015
7663,0.195
7664,-0.061
7665,0.063
7666,0.066
7667,-0.098
7668,-0.239
7669,-0.19
7670,-0.156
7671,-0.188
7672,-0.042
7673,-0.496
7674,-0.291
7675,0.049
7676,0.151
7677,-0.205
7678,-0.037
7679,-0.146
7680,-0.112
7681,-0.081
7682,0.034
7683,-0.156
7684,-0.237
7685,0.059
7686,-0.061
7687,-0.208
7688,-0.222
7689,-0.208
7690,-0.273
7691,-0.11
7692,-0.181
7693,-0.3
7694,-0.125
7695,0.032
7696,0.056
7697,-0.142
7698,-0.029
7699,-0.276
7700,0.022
7701,-0.142
7702,-0.22
7703,0.068
7704,-0.225
7705,-0.105
7706,-0.002
7707,-0.063
7708,-0.225
7709,-0.193
7710,0.2
7711,0.015
7712,-0.371
7713,-0.195
7714,0.01
7715,-0.034
7716,-0.095
7717,-0.254
7718,-0.242
7719,-0.09
7720,0.046
7721,-0.056
7722,-0.21
7723,-0.059
7724,-0.056
7725,-0.068
7726,-0.01
7727,-0.142
7728,-0.164
7729,0.132
7730,-0.088
7731,-0.173
7732,-0.339
7733,-0.186
7734,-0.127
7735,-0.112
7736,-0.139
7737,-0.229
7738,-0.2
7739,-0.369
7740,-0.22
7741,-0.12
7742,0.073
7743,-0.134
7744,0.034
7745,-0.09
7746,-0.227
7747,-0.117
7748,0.022
7749,0.046
7750,-0.151
7751,-0.144
7752,-0.137
7753,-0.027
7754,-0.2
7755,-0.205
7756,-0.203
7757,-0.142
7758,-0.149
7759,-0.281
7760,-0.237
7761,-0.061
7762,0.054
7763,-0.178
7764,0.007
7765,-0.2
7766,-0.193
7767,-0.024
7768,0.017
7769,-0.215
7770,-0.33
7771,0.032
7772,0.083
7773,-0.068
7774,-0.3
7775,-0.078
7776,-0.159
7777,-0.293
7778,-0.198
7779,-0.132
7780,-0.093
7781,-0.093
7782,-0.115
7783,-0.105
7784,-0.049
7785,-0.098
7786,0.083
7787,-0.149
7788,-0.193
7789,0.027
7790,-0.088
7791,0.029
7792,0.017
7793,-0.129
7794,-0.259
7795,-0.222
7796,0.024
7797,-0.134
7798,-0.31
7799,-0.31
7800,-0.107
7801,-0.222
7802,-0.254
7803,-0.151
7804,-0.059
7805,-0.024
7806,-0.151
7807,-0.137
7808,-0.21
7809,-0.032
7810,0.024
7811,-0.022
7812,-0.217
7813,-0.017
7814,-0.068
7815,-0.098
7816,-0.237
7817,-0.225
7818,-0.217
7819,-0.149
7820,-0.176
7821,-0.237
7822,-0.225
7823,-0.105
7824,-0.012
7825,-0.042
7826,-0.071
7827,-0.063
7828,0.012
7829,0.081
7830,0.012
7831,0.093
7832,0.085
7833,-0.034
7834,-0.046
7835,-0.112
7836,-0.239
7837,-0.198
7838,-0.239
7839,-0.193
7840,-0.254
7841,-0.19
7842,-0.049
7843,-0.156
7844,-0.017
7845,-0.112
7846,-0.188
7847,-0.054
7848,-0.034
7849,-0.244
7850,-0.181
7851,0.059
7852,-0.12
7853,-0.178
7854,-0.083
7855,0.034
7856,-0.237
7857,-0.154
7858,-0.137
7859,-0.083
7860,-0.212
7861,-0.098
7862,-0.042
7863,-0.1
7864,-0.085
7865,-0.198
7866,0.022
7867,0.115
7868,-0.164
7869,-0.232
7870,0.034
7871,-0.01
7872,-0.022
7873,-0.105
7874,-0.181
7875,-0.151
7876,-0.156
7877,-0.31
7878,-0.237
7879,-0.059
7880,-0.227
7881,-0.427
7882,-0.173
7883,-0.183
7884,-0.239
7885,-0.244
7886,0.034
7887,0.042
7888,-0.188
7889,-0.095
7890,0.051
7891,-0.21
7892,-0.105
7893,0.166
7894,-0.046
7895,-0.088
7896,-0.186
7897,-0.176
7898,-0.217
7899,-0.056
7900,-0.081
7901,-0.093
7902,-0.11
7903,-0.117
7904,-0.164
7905,-0.178
7906,0.083
7907,-0.078
7908,-0.029
7909,-0.051
7910,-0.01
7911,-0.144
7912,-0.09
7913,-0.085
7914,-0.083
7915,-0.005
7916,-0.134
7917,-0.286
7918,-0.217
7919,0.01
7920,-0.076
7921,-0.144
7922,-0.027
7923,0.059
7924,-0.02
7925,-0.378
7926,-0.071
7927,0.085
7928,-0.239
7929,-0.205
7930,0.156
7931,-0.369
7932,-0.288
7933,-0.022
7934,-0.166
7935,-0.349
7936,-0.317
7937,-0.134
7938,-0.205
7939,-0.259
7940,-0.339
7941,0.107
7942,0.071
7943,-0.227
7944,-0.195
7945,0.007
7946,0.081
7947,0.11
7948,-0.007
7949,0.068
7950,0.085
7951,-0.078
7952,-0.046
7953,-0.017
7954,-0.007
7955,-0.093
7956,-0.146
7957,0.056
7958,-0.09
7959,-0.129
7960,-0.139
7961,-0.056
7962,-0.205
7963,-0.254
7964,-0.276
7965,0.0
7966,-0.051
7967,-0.129
7968,-0.088
7969,-0.081
7970,0.059
7971,-0.171
7972,-0.129
7973,-0.063
7974,-0.227
7975,-0.237
7976,-0.22
7977,-0.01
7978,-0.264
7979,-0.222
7980,-0.161
7981,-0.103
7982,-0.168
7983,-0.061
7984,0.056
7985,-0.088
7986,-0.063
7987,-0.132
7988,-0.073
7989,-0.154
7990,-0.09
7991,-0.103
7992,0.051
7993,-0.159
7994,-0.19
7995,-0.2
7996,-0.215
7997,0.042
7998,-0.049
7999,-0.093
8000,-0.154
8001,-0.024
8002,-0.105
8003,-0.049
8004,-0.078
8005,-0.144
8006,-0.256
8007,-0.205
8008,-0.032
8009,-0.085
8010,0.02
8011,-0.139
8012,-0.286
8013,-0.12
8014,-0.063
8015,0.02
8016,-0.117
8017,0.129
8018,-0.125
8019,-0.073
8020,-0.173
8021,-0.239
8022,-0.276
8023,-0.061
8024,-0.039
8025,-0.247
8026,-0.266
8027,-0.054
8028,-0.027
8029,-0.032
8030,-0.11
8031,-0.142
8032,-0.198
8033,-0.212
8034,0.066
8035,-0.088
8036,-0.286
8037,0.129
8038,0.034
8039,-0.146
8040,0.02
8041,-0.1
8042,-0.234
8043,0.088
8044,0.002
8045,-0.032
8046,-0.31
8047,-0.227
8048,-0.027
8049,-0.159
8050,-0.156
8051,-0.112
8052,-0.054
8053,-0.115
8054,0.012
8055,-0.222
8056,-0.164
8057,-0.068
8058,-0.095
8059,-0.193
8060,-0.095
8061,-0.139
8062,-0.161
8063,-0.247
8064,-0.105
8065,-0.005
8066,-0.051
8067,-0.298
8068,-0.212
8069,-0.039
8070,-0.012
8071,-0.071
8072,0.032
8073,-0.095
8074,-0.186
8075,-0.076
8076,-0.103
8077,-0.059
8078,-0.146
8079,-0.193
8080,-0.188
8081,-0.225
8082,-0.137
8083,0.024
8084,-0.171
8085,-0.186
8086,-0.11
8087,-0.081
8088,-0.254
8089,-0.2
8090,-0.078
8091,0.081
8092,-0.078
8093,-0.176
8094,-0.129
8095,-0.139
8096,-0.068
8097,-0.176
8098,-0.112
8099,-0.232
8100,-0.107
8101,-0.176
8102,-0.298
8103,-0.173
8104,-0.156
8105,-0.027
8106,-0.073
8107,-0.063
8108,-0.32
8109,-0.22
8110,0.142
8111,-0.19
8112,-0.256
8113,-0.1
8114,-0.037
8115,-0.159
8116,-0.193
8117,-0.002
8118,-0.002
8119,-0.295
8120,-0.352
8121,-0.063
8122,-0.09
8123,-0.054
8124,0.051
8125,-0.088
8126,-0.337
8127,-0.115
8128,0.049
8129,-0.107
8130,-0.059
8131,-0.195
8132,-0.159
8133,-0.122
8134,-0.117
8135,-0.205
8136,-0.198
8137,-0.083
8138,-0.039
8139,-0.334
8140,-0.295
8141,0.01
8142,-0.251
8143,-0.161
8144,-0.051
8145,-0.078
8146,-0.173
8147,-0.21
8148,-0.095
8149,-0.112
8150,-0.232
8151,-0.154
8152,0.098
8153,-0.059
8154,-0.273
8155,-0.19
8156,0.029
8157,-0.073
8158,-0.173
8159,-0.142
8160,-0.098
8161,-0.005
8162,-0.015
8163,-0.037
8164,-0.161
8165,-0.073
8166,-0.149
8167,-0.166
8168,-0.21
8169,-0.217
8170,-0.154
8171,-0.117
8172,-0.081
8173,-0.208
8174,-0.22
8175,-0.132
8176,-0.007
8177,-0.115
8178,-0.12
8179,-0.149
8180,-0.3
8181,-0.344
8182,-0.127
8183,-0.005
8184,-0.1
8185,-0.325
8186,-0.127
8187,0.188
8188,-0.002
8189,-0.393
8190,0.188
8191,0.083
8192,-0.093
8193,-0.054
8194,0.002
8195,-0.139
8196,0.022
8197,-0.032
8198,-0.164
8199,-0.21
8200,-0.264
8201,-0.098
8202,-0.271
8203,-0.542
8204,-0.176
8205,0.044
8206,-0.203
8207,0.0
8208,-0.007
8209,-0.444
8210,-0.005
8211,0.059
8212,-0.09
8213,-0.005
8214,-0.076
8215,-0.195
8216,-0.02
8217,-0.31
8218,-0.232
8219,-0.081
8220,-0.347
8221,-0.154
8222,-0.002
8223,-0.332
8224,-0.159
8225,0.151
8226,-0.364
8227,-0.317
8228,-0.215
8229,-0.437
8230,-0.139
8231,0.063
8232,-0.11
8233,-0.024
8234,-0.12
8235,-0.295
8236,-0.115
8237,0.071
8238,-0.02
8239,-0.059
8240,-0.129
8241,-0.024
8242,0.002
8243,-0.3
8244,-0.039
8245,0.012
8246,-0.21
8247,-0.081
8248,-0.068
8249,-0.193
8250,0.076
8251,0.222
8252,0.024
8253,-0.154
8254,-0.244
8255,-0.1
8256,-0.071
8257,-0.103
8258,-0.254
8259,-0.312
8260,-0.137
8261,-0.237
8262,0.051
8263,-0.073
8264,-0.19
8265,-0.117
8266,-0.044
8267,-0.212
8268,-0.073
8269,0.051
8270,-0.193
8271,-0.156
8272,0.073
8273,0.042
8274,-0.161
8275,-0.122
8276,-0.144
8277,-0.029
8278,-0.249
8279,-0.115
8280,-0.059
8281,-0.293
8282,-0.125
8283,-0.217
8284,-0.498
8285,-0.081
8286,0.022
8287,-0.12
8288,0.024
8289,-0.103
8290,-0.186
8291,-0.032
8292,-0.134
8293,0.117
8294,-0.056
8295,-0.264
8296,-0.107
8297,-0.139
8298,-0.339
8299,-0.151
8300,0.125
8301,-0.063
8302,-0.205
8303,-0.198
8304,0.085
8305,-0.337
8306,-0.173
8307,-0.027
8308,-0.01
8309,-0.164
8310,-0.176
8311,-0.527
8312,-0.186
8313,0.31
8314,0.515
8315,-0.098
8316,-0.029
8317,-0.107
8318,0.066
8319,-0.095
8320,-0.212
8321,-0.132
8322,-0.1
8323,-0.503
8324,0.1
8325,-0.288
8326,-0.193
8327,-0.166
8328,-0.249
8329,-0.139
8330,-0.198
8331,-0.171
8332,-0.068
8333,0.005
8334,-0.227
8335,-0.005
8336,0.071
8337,-0.164
8338,-0.161
8339,-0.32
8340,-0.459
8341,-0.059
8342,-0.007
8343,-0.266
8344,0.146
8345,-0.178
8346,-0.261
8347,-0.012
8348,0.056
8349,-0.276
8350,-0.11
8351,-0.022
8352,-0.056
8353,0.015
8354,-0.168
8355,-0.005
8356,-0.059
8357,-0.051
8358,-0.117
8359,-0.02
8360,-0.044
8361,-0.017
8362,-0.105
8363,-0.366
8364,-0.037
8365,-0.144
8366,-0.063
8367,-0.056
8368,0.027
8369,-0.339
8370,-0.317
8371,-0.12
8372,0.039
8373,-0.046
8374,-0.195
8375,0.02
8376,-0.027
8377,-0.149
8378,-0.19
8379,0.032
8380,0.068
8381,-0.146
8382,-0.076
8383,-0.112
8384,0.01
8385,-0.095
8386,-0.217
8387,-0.134
8388,0.044
8389,-0.278
8390,-0.234
8391,-0.19
8392,-0.127
8393,0.012
8394,0.076
8395,0.01
8396,-0.115
8397,-0.173
8398,-0.129
8399,-0.154
8400,-0.059
8401,0.024
8402,-0.115
8403,-0.183
8404,-0.073
8405,-0.095
8406,-0.276
8407,-0.12
8408,0.054
8409,-0.193
8410,-0.244
8411,-0.093
8412,0.093
8413,-0.232
8414,-0.095
8415,-0.085
8416,-0.051
8417,-0.046
8418,-0.095
8419,0.107
8420,-0.093
8421,-0.205
8422,-0.024
8423,0.12
8424,-0.168
8425,-0.068
8426,-0.007
8427,-0.115
8428,-0.315
8429,-0.1
8430,-0.208
8431,-0.127
8432,-0.193
8433,0.024
8434,-0.063
8435,-0.005
8436,0.024
8437,-0.137
8438,-0.254
8439,0.0
8440,-0.227
8441,-0.195
8442,0.012
8443,0.032
8444,-0.261
8445,-0.208
8446,-0.215
8447,-0.032
8448,-0.007
8449,-0.161
8450,0.068
8451,0.159
8452,-0.227
8453,-0.146
8454,0.046
8455,0.007
8456,0.037
8457,-0.044
8458,-0.037
8459,0.066
8460,-0.164
8461,-0.02
8462,0.005
8463,-0.149
8464,-0.386
8465,0.027
8466,-0.139
8467,-0.073
8468,-0.413
8469,-0.115
8470,0.022
8471,-0.173
8472,-0.212
8473,0.125
8474,-0.151
8475,-0.315
8476,-0.105
8477,-0.122
8478,-0.024
8479,-0.149
8480,-0.193
8481,-0.081
8482,-0.132
8483,-0.271
8484,0.051
8485,-0.088
8486,-0.33
8487,-0.046
8488,-0.042
8489,-0.146
8490,-0.21
8491,-0.049
8492,-0.051
8493,-0.093
8494,-0.134
8495,0.0
8496,-0.051
8497,-0.474
8498,-0.083
8499,0.164
8500,-0.078
8501,-0.273
8502,-0.022
8503,-0.2
8504,-0.203
8505,-0.044
8506,-0.137
8507,-0.139
8508,-0.151
8509,-0.032
8510,-0.146
8511,0.0
8512,-0.278
8513,-0.112
8514,-0.073
8515,-0.071
8516,-0.151
8517,-0.164
8518,-0.005
8519,-0.022
8520,-0.073
8521,-0.129
8522,0.017
8523,0.034
8524,-0.264
8525,-0.237
8526,-0.071
8527,0.007
8528,-0.12
8529,-0.044
8530,-0.208
8531,-0.156
8532,-0.2
8533,-0.071
8534,-0.103
8535,-0.083
8536,-0.037
8537,0.017
8538,-0.149
8539,-0.3
8540,-0.046
8541,-0.303
8542,-0.215
8543,-0.105
8544,-0.242
8545,-0.4
8546,0.276
8547,-0.027
8548,-0.544
8549,0.076
8550,-0.032
8551,-0.093
8552,-0.293
8553,-0.212
8554,-0.159
8555,-0.095
8556,-0.308
8557,0.173
8558,-0.129
8559,-0.505
8560,-0.178
8561,-0.061
8562,-0.325
8563,-0.349
8564,0.122
8565,-0.308
8566,-0.1
8567,-0.007
8568,-0.183
8569,-0.034
8570,-0.176
8571,0.02
8572,0.107
8573,-0.161
8574,-0.166
8575,0.1
8576,0.0
8577,0.024
8578,0.046
8579,-0.303
8580,-0.098
8581,-0.181
8582,-0.139
8583,-0.266
8584,-0.225
8585,-0.288
8586,-0.073
8587,-0.139
8588,-0.3
8589,-0.054
8590,-0.203
8591,-0.093
8592,-0.142
8593,-0.154
8594,-0.093
8595,0.144
8596,-0.22
8597,-0.19
8598,-0.127
8599,-0.164
8600,-0.144
8601,-0.281
8602,0.012
8603,-0.142
8604,-0.12
8605,-0.325
8606,-0.154
8607,-0.164
8608,-0.195
8609,-0.261
8610,-0.276
8611,-0.225
8612,-0.273
8613,-0.117
8614,-0.103
8615,0.032
8616,-0.286
8617,-0.208
8618,-0.005
8619,-0.039
8620,-0.171
8621,-0.178
8622,-0.037
8623,-0.154
8624,-0.154
8625,-0.237
8626,-0.039
8627,-0.154
8628,-0.183
8629,-0.171
8630,-0.137
8631,-0.225
8632,-0.239
8633,0.024
8634,-0.19
8635,-0.09
8636,-0.186
8637,-0.039
8638,0.068
8639,0.037
8640,-0.073
8641,-0.071
8642,-0.088
8643,-0.151
8644,0.022
8645,-0.042
8646,0.022
8647,0.034
8648,0.059
8649,-0.132
8650,0.024
8651,0.037
8652,-0.139
8653,-0.244
8654,-0.256
8655,0.046
8656,-0.166
8657,0.022
8658,-0.073
8659,-0.098
8660,-0.195
8661,-0.061
8662,-0.085
8663,0.012
8664,-0.107
8665,-0.215
8666,-0.073
8667,-0.347
8668,-0.166
8669,-0.073
8670,0.081
8671,-0.266
8672,-0.354
8673,-0.198
8674,-0.01
8675,0.022
8676,-0.007
8677,0.112
8678,-0.022
8679,-0.042
8680,-0.137
8681,-0.081
8682,-0.144
8683,-0.22
8684,-0.107
8685,-0.146
8686,-0.176
8687,-0.234
8688,-0.061
8689,-0.237
8690,-0.078
8691,-0.203
8692,-0.217
8693,-0.22
8694,-0.208
8695,-0.037
8696,0.005
8697,-0.105
8698,-0.168
8699,-0.139
8700,-0.166
8701,-0.061
8702,-0.212
8703,-0.139
8704,-0.151
8705,-0.134
8706,-0.076
8707,-0.19
8708,-0.166
8709,-0.212
8710,-0.183
8711,-0.125
8712,-0.11
8713,-0.173
8714,-0.225
8715,0.017
8716,-0.105
8717,-0.024
8718,0.017
8719,0.061
8720,-0.203
8721,-0.171
8722,0.049
8723,0.076
8724,-0.173
8725,-0.034
8726,0.137
8727,-0.076
8728,-0.117
8729,-0.239
8730,-0.254
8731,-0.154
8732,-0.076
8733,-0.132
8734,-0.107
8735,-0.154
8736,-0.171
8737,-0.085
8738,-0.186
8739,-0.037
8740,-0.054
8741,-0.029
8742,-0.161
8743,-0.178
8744,-0.2
8745,-0.093
8746,-0.046
8747,0.027
8748,-0.129
8749,-0.298
8750,-0.193
8751,-0.005
8752,0.063
8753,-0.032
8754,-0.01
8755,-0.088
8756,-0.068
8757,-0.103
8758,-0.061
8759,0.022
8760,-0.159
8761,-0.073
8762,-0.168
8763,0.071
8764,-0.176
8765,-0.129
8766,-0.068
8767,-0.161
8768,-0.293
8769,-0.056
8770,0.022
8771,-0.22
8772,-0.129
8773,-0.127
8774,0.005
8775,-0.205
8776,-0.203
8777,-0.022
8778,-0.061
8779,-0.11
8780,-0.098
8781,0.046
8782,0.042
8783,0.056
8784,-0.144
8785,-0.049
8786,-0.002
8787,-0.161
8788,-0.129
8789,-0.012
8790,-0.022
8791,-0.178
8792,-0.01
8793,-0.171
8794,-0.156
8795,-0.212
8796,-0.151
8797,-0.266
8798,-0.095
8799,-0.017
8800,-0.051
8801,-0.02
8802,-0.063
8803,-0.039
8804,-0.127
8805,0.068
8806,-0.193
8807,-0.198
8808,-0.095
8809,-0.11
8810,-0.144
8811,-0.2
8812,-0.112
8813,-0.107
8814,-0.146
8815,-0.208
8816,-0.051
8817,-0.068
8818,-0.154
8819,-0.083
8820,0.017
8821,-0.161
8822,-0.398
8823,-0.085
8824,-0.078
8825,-0.134
8826,-0.032
8827,-0.022
8828,-0.005
8829,-0.066
8830,-0.144
8831,-0.1
8832,-0.024
8833,-0.237
8834,-0.156
8835,-0.076
8836,-0.02
8837,-0.093
8838,0.09
8839,-0.024
8840,-0.073
8841,0.049
8842,-0.073
8843,0.056
8844,0.024
8845,-0.005
8846,-0.107
8847,-0.002
8848,-0.183
8849,-0.237
8850,-0.178
8851,-0.137
8852,-0.127
8853,-0.188
8854,-0.159
8855,-0.173
8856,-0.049
8857,-0.083
8858,-0.281
8859,-0.012
8860,-0.11
8861,-0.312
8862,-0.212
8863,-0.2
8864,-0.107
8865,-0.049
8866,-0.178
8867,-0.034
8868,-0.09
8869,-0.164
8870,-0.266
8871,-0.098
8872,0.007
8873,-0.029
8874,-0.171
8875,-0.271
8876,-0.139
8877,-0.11
8878,-0.061
8879,-0.198
8880,0.063
8881,0.032
8882,-0.066
8883,-0.005
8884,-0.21
8885,-0.247
8886,-0.159
8887,-0.09
8888,-0.176
8889,-0.188
8890,-0.168
8891,0.076
8892,-0.146
8893,-0.173
8894,-0.054
8895,-0.12
8896,-0.159
8897,-0.2
8898,0.085
8899,-0.151
8900,-0.076
8901,-0.056
8902,0.061
8903,-0.051
8904,-0.166
8905,-0.049
8906,-0.198
8907,-0.212
8908,-0.295
8909,-0.059
8910,-0.215
8911,-0.273
8912,-0.195
8913,-0.2
8914,-0.286
8915,-0.117
8916,0.054
8917,-0.039
8918,-0.037
8919,-0.222
8920,-0.054
8921,-0.034
8922,-0.071
8923,0.027
8924,0.095
8925,-0.127
8926,-0.149
8927,-0.076
8928,-0.139
8929,0.017
8930,-0.305
8931,-0.19
8932,-0.127
8933,-0.237
8934,-0.193
8935,0.073
8936,-0.151
8937,-0.159
8938,-0.015
8939,-0.12
8940,0.017
8941,-0.261
8942,-0.115
8943,-0.01
8944,-0.063
8945,-0.107
8946,-0.151
8947,-0.237
8948,-0.242
8949,0.066
8950,-0.227
8951,-0.166
8952,-0.146
8953,-0.21
8954,-0.234
8955,-0.1
8956,-0.283
8957,-0.103
8958,0.0
8959,-0.225
8960,-0.002
8961,-0.137
8962,-0.088
8963,-0.017
8964,0.042
8965,-0.222
8966,0.0
8967,-0.173
8968,-0.281
8969,-0.095
8970,-0.215
8971,-0.159
8972,-0.254
8973,-0.193
8974,-0.317
8975,-0.068
8976,-0.234
8977,-0.027
8978,-0.132
8979,-0.059
8980,-0.22
8981,-0.261
8982,-0.012
8983,0.032
8984,-0.054
8985,-0.154
8986,-0.166
8987,-0.181
8988,0.039
8989,-0.227
8990,-0.186
8991,0.007
8992,-0.264
8993,-0.234
8994,-0.281
8995,-0.256
8996,-0.078
8997,-0.071
8998,-0.21
8999,-0.193
9000,-0.149
9001,-0.181
9002,0.027
9003,-0.078
9004,-0.144
9005,-0.19
9006,-0.164
9007,-0.076
9008,0.0
9009,-0.166
9010,-0.261
9011,-0.042
9012,-0.186
9013,-0.295
9014,-0.168
9015,-0.034
9016,-0.3
9017,-0.144
9018,-0.166
9019,0.022
9020,-0.156
9021,-0.166
9022,-0.01
9023,-0.176
9024,-0.083
9025,-0.159
9026,-0.022
9027,-0.112
9028,-0.1
9029,-0.237
9030,-0.117
9031,-0.176
9032,-0.066
9033,0.012
9034,-0.193
9035,-0.132
9036,-0.322
9037,0.002
9038,0.032
9039,-0.083
9040,-0.205
9041,0.193
9042,0.142
9043,-0.322
9044,-0.1
9045,-0.039
9046,0.042
9047,-0.225
9048,-0.144
9049,-0.117
9050,-0.073
9051,-0.339
9052,-0.193
9053,0.022
9054,-0.085
9055,-0.232
9056,-0.327
9057,-0.007
9058,-0.146
9059,0.007
9060,-0.151
9061,-0.049
9062,-0.178
9063,-0.127
9064,-0.129
9065,-0.396
9066,-0.212
9067,-0.076
9068,-0.095
9069,-0.227
9070,0.059
9071,-0.105
9072,-0.215
9073,-0.139
9074,-0.107
9075,-0.171
9076,-0.176
9077,-0.061
9078,-0.239
9079,-0.166
9080,-0.278
9081,-0.071
9082,-0.046
9083,-0.103
9084,-0.032
9085,-0.015
9086,-0.051
9087,-0.249
9088,-0.005
9089,-0.164
9090,0.015
9091,-0.239
9092,-0.173
9093,-0.166
9094,-0.281
9095,-0.286
9096,-0.085
9097,0.095
9098,-0.281
9099,-0.159
9100,-0.078
9101,-0.017
9102,-0.051
9103,0.095
9104,-0.015
9105,-0.095
9106,0.037
9107,-0.015
9108,0.186
9109,-0.195
9110,-0.088
9111,-0.081
9112,-0.017
9113,-0.288
9114,-0.154
9115,-0.078
9116,-0.183
9117,0.142
9118,-0.122
9119,-0.061
9120,-0.225
9121,-0.076
9122,-0.154
9123,0.078
9124,-0.208
9125,0.103
9126,0.164
9127,-0.139
9128,-0.112
9129,-0.137
9130,0.164
9131,-0.083
9132,-0.144
9133,-0.225
9134,0.164
9135,-0.186
9136,-0.161
9137,-0.02
9138,-0.073
9139,0.051
9140,-0.354
9141,0.039
9142,-0.232
9143,-0.137
9144,-0.068
9145,-0.051
9146,-0.11
9147,-0.002
9148,-0.032
9149,-0.271
9150,-0.005
9151,-0.317
9152,-0.146
9153,-0.21
9154,-0.171
9155,-0.271
9156,-0.061
9157,-0.168
9158,-0.134
9159,-0.12
9160,-0.237
9161,0.027
9162,-0.281
9163,0.015
9164,-0.127
9165,-0.054
9166,-0.088
9167,0.083
9168,0.005
9169,-0.076
9170,0.146
9171,-0.232
9172,-0.073
9173,-0.076
9174,0.115
9175,-0.049
9176,-0.061
9177,-0.076
9178,-0.034
9179,-0.129
9180,-0.278
9181,-0.085
9182,-0.19
9183,0.007
9184,-0.151
9185,-0.029
9186,-0.144
9187,-0.117
9188,-0.1
9189,-0.044
9190,-0.227
9191,-0.295
9192,0.22
9193,-0.183
9194,-0.173
9195,-0.337
9196,-0.049
9197,-0.073
9198,-0.127
9199,-0.181
9200,-0.134
9201,-0.129
9202,-0.125
9203,0.259
9204,-0.2
9205,-0.09
9206,-0.015
9207,0.166
9208,-0.09
9209,-0.105
9210,0.0
9211,-0.042
9212,-0.068
9213,-0.159
9214,0.042
9215,-0.2
9216,0.024
9217,0.012
9218,-0.027
9219,-0.42
9220,-0.203
9221,0.042
9222,-0.095
9223,-0.105
9224,-0.308
9225,0.081
9226,-0.046
9227,-0.078
9228,-0.112
9229,-0.01
9230,-0.11
9231,-0.137
9232,0.029
9233,-0.239
9234,-0.181
9235,-0.195
9236,0.039
9237,-0.212
9238,-0.281
9239,-0.212
9240,-0.024
9241,-0.042
9242,-0.017
9243,0.034
9244,-0.085
9245,0.107
9246,-0.056
9247,0.005
9248,-0.056
9249,-0.09
9250,-0.073
9251,-0.002
9252,-0.181
9253,-0.181
9254,0.093
9255,-0.247
9256,-0.215
9257,-0.203
9258,-0.095
9259,-0.073
9260,-0.078
9261,-0.178
9262,-0.146
9263,-0.027
9264,-0.188
9265,-0.071
9266,-0.347
9267,-0.059
9268,-0.137
9269,-0.007
9270,-0.269
9271,-0.237
9272,-0.298
9273,0.166
9274,0.139
9275,-0.293
9276,-0.146
9277,-0.173
9278,-0.217
9279,-0.132
9280,-0.078
9281,-0.168
9282,-0.029
9283,-0.103
9284,0.071
9285,0.125
9286,-0.266
9287,-0.073
9288,-0.205
9289,0.015
9290,-0.017
9291,-0.1
9292,-0.21
9293,0.005
9294,-0.046
9295,-0.227
9296,-0.161
9297,-0.125
9298,-0.015
9299,-0.139
9300,0.002
9301,-0.378
9302,-0.217
9303,-0.142
9304,-0.115
9305,-0.054
9306,0.085
9307,0.034
9308,-0.327
9309,-0.2
9310,-0.005
9311,0.039
9312,-0.139
9313,0.081
9314,0.066
9315,-0.312
9316,-0.308
9317,-0.078
9318,-0.095
9319,-0.132
9320,0.022
9321,-0.095
9322,-0.068
9323,-0.413
9324,-0.066
9325,0.171
9326,0.039
9327,0.029
9328,0.01
9329,-0.254
9330,-0.312
9331,-0.178
9332,-0.159
9333,0.12
9334,-0.193
9335,-0.215
9336,-0.229
9337,-0.195
9338,-0.095
9339,-0.073
9340,-0.137
9341,-0.115
9342,-0.073
9343,-0.435
9344,-0.442
9345,-0.012
9346,-0.046
9347,-0.01
9348,0.181
9349,0.044
9350,-0.425
9351,-0.095
9352,-0.283
9353,-0.173
9354,-0.32
9355,-0.125
9356,-0.029
9357,-0.002
9358,-0.217
9359,-0.076
9360,-0.19
9361,-0.139
9362,0.09
9363,-0.134
9364,0.09
9365,-0.068
9366,-0.254
9367,-0.173
9368,-0.127
9369,0.12
9370,-0.093
9371,-0.105
9372,-0.125
9373,0.083
9374,-0.325
9375,-0.288
9376,-0.254
9377,-0.046
9378,-0.178
9379,-0.281
9380,-0.178
9381,-0.164
9382,-0.22
9383,-0.042
9384,-0.039
9385,0.115
9386,0.112
9387,0.01
9388,-0.132
9389,-0.269
9390,-0.137
9391,0.122
9392,-0.308
9393,-0.132
9394,-0.291
9395,-0.09
9396,-0.291
9397,-0.029
9398,-0.232
9399,-0.242
9400,-0.308
9401,-0.269
9402,-0.027
9403,-0.244
9404,-0.166
9405,-0.11
9406,0.078
9407,-0.151
9408,0.046
9409,0.005
9410,-0.173
9411,0.037
9412,-0.227
9413,-0.063
9414,-0.159
9415,-0.078
9416,-0.225
9417,0.178
9418,-0.122
9419,-0.09
9420,-0.193
9421,-0.298
9422,-0.042
9423,-0.059
9424,-0.049
9425,-0.132
9426,0.11
9427,-0.068
9428,-0.078
9429,-0.222
9430,-0.2
9431,-0.098
9432,-0.217
9433,-0.093
9434,-0.276
9435,-0.034
9436,-0.239
9437,-0.085
9438,-0.078
9439,-0.068
9440,-0.208
9441,-0.063
9442,0.0
9443,-0.166
9444,-0.264
9445,-0.171
9446,0.071
9447,-0.085
9448,0.115
9449,-0.146
9450,-0.02
9451,-0.083
9452,-0.083
9453,0.005
9454,-0.02
9455,-0.225
9456,-0.366
9457,-0.042
9458,-0.244
9459,-0.212
9460,-0.281
9461,-0.039
9462,-0.146
9463,-0.234
9464,-0.129
9465,-0.125
9466,-0.112
9467,-0.303
9468,-0.032
9469,0.007
9470,-0.002
9471,-0.1
9472,-0.044
9473,-0.166
9474,-0.103
9475,-0.054
9476,-0.315
9477,-0.061
9478,-0.188
9479,-0.105
9480,-0.249
9481,-0.139
9482,-0.054
9483,0.034
9484,-0.254
9485,-0.049
9486,0.122
9487,-0.027
9488,0.266
9489,-0.027
9490,-0.012
9491,0.054
9492,0.044
9493,-0.154
9494,0.022
9495,0.105
9496,-0.205
9497,-0.288
9498,-0.266
9499,-0.027
9500,-0.21
9501,-0.403
9502,-0.234
9503,-0.251
9504,-0.129
9505,-0.046
9506,0.022
9507,-0.137
9508,0.122
9509,-0.259
9510,-0.088
9511,-0.093
9512,-0.049
9513,-0.19
9514,-0.154
9515,-0.149
9516,-0.227
9517,-0.229
9518,-0.371
9519,-0.034
9520,-0.278
9521,-0.254
9522,-0.12
9523,0.071
9524,-0.317
9525,-0.173
9526,0.085
9527,0.034
9528,-0.034
9529,-0.117
9530,0.142
9531,-0.032
9532,-0.005
9533,-0.151
9534,0.015
9535,-0.137
9536,-0.088
9537,-0.09
9538,-0.198
9539,-0.015
9540,-0.168
9541,-0.239
9542,-0.269
9543,0.037
9544,-0.032
9545,-0.059
9546,-0.046
9547,-0.09
9548,-0.076
9549,-0.281
9550,0.083
9551,-0.078
9552,-0.154
9553,-0.378
9554,-0.039
9555,-0.054
9556,-0.081
9557,-0.115
9558,-0.154
9559,-0.061
9560,-0.222
9561,-0.142
9562,-0.208
9563,-0.176
9564,-0.244
9565,-0.046
9566,-0.159
9567,-0.098
9568,-0.154
9569,-0.098
9570,0.1
9571,0.017
9572,-0.007
9573,-0.142
9574,-0.034
9575,-0.085
9576,-0.059
9577,-0.083
9578,-0.115
9579,-0.229
9580,-0.339
9581,-0.278
9582,-0.337
9583,-0.171
9584,-0.3
9585,0.005
9586,-0.156
9587,-0.186
9588,-0.283
9589,-0.063
9590,-0.068
9591,-0.002
9592,-0.044
9593,-0.154
9594,-0.059
9595,-0.059
9596,-0.11
9597,-0.249
9598,-0.149
9599,-0.103
9600,-0.171
9601,-0.225
9602,-0.312
9603,0.005
9604,-0.156
9605,-0.183
9606,-0.151
9607,0.105
9608,-0.139
9609,-0.042
9610,-0.017
9611,-0.063
9612,-0.085
9613,-0.159
9614,-0.149
9615,-0.027
9616,0.105
9617,-0.117
9618,-0.115
9619,-0.127
9620,0.044
9621,-0.225
9622,-0.19
9623,-0.073
9624,-0.225
9625,-0.229
9626,-0.212
9627,-0.081
9628,-0.264
9629,-0.222
9630,-0.151
9631,0.088
9632,-0.115
9633,-0.312
9634,-0.042
9635,-0.005
9636,-0.112
9637,-0.264
9638,-0.042
9639,-0.151
9640,-0.071
9641,-0.159
9642,-0.217
9643,-0.1
9644,-0.249
9645,-0.227
9646,-0.134
9647,-0.027
9648,-0.19
9649,-0.11
9650,-0.244
9651,-0.085
9652,0.115
9653,0.073
9654,0.012
9655,0.015
9656,-0.156
9657,-0.264
9658,0.232
9659,0.005
9660,-0.286
9661,-0.029
9662,0.068
9663,-0.183
9664,-0.139
9665,-0.071
9666,-0.115
9667,-0.229
9668,-0.364
9669,-0.122
9670,-0.049
9671,-0.264
9672,-0.188
9673,-0.034
9674,-0.12
9675,-0.193
9676,-0.173
9677,-0.071
9678,0.027
9679,-0.154
9680,-0.173
9681,-0.09
9682,-0.176
9683,-0.222
9684,-0.139
9685,-0.166
9686,-0.093
9687,-0.19
9688,-0.19
9689,0.039
9690,-0.027
9691,-0.12
9692,-0.078
9693,-0.085
9694,-0.142
9695,-0.073
9696,-0.117
9697,-0.083
9698,-0.032
9699,-0.239
9700,-0.02
9701,-0.107
9702,-0.2
9703,-0.161
9704,-0.027
9705,-0.195
9706,-0.076
9707,-0.146
9708,-0.193
9709,-0.11
9710,-0.098
9711,0.002
9712,-0.149
9713,-0.276
9714,-0.129
9715,0.002
9716,-0.01
9717,-0.039
9718,-0.137
9719,-0.181
9720,-0.11
9721,-0.129
9722,-0.059
9723,-0.076
9724,-0.073
9725,-0.269
9726,-0.264
9727,-0.068
9728,-0.295
9729,-0.195
9730,-0.205
9731,-0.037
9732,-0.127
9733,-0.059
9734,-0.195
9735,0.127
9736,-0.154
9737,-0.024
9738,0.056
9739,-0.071
9740,-0.276
9741,-0.312
9742,-0.076
9743,-0.005
9744,-0.117
9745,-0.298
9746,0.037
9747,0.01
9748,-0.254
9749,-0.449
9750,-0.095
9751,0.068
9752,-0.09
9753,0.051
9754,-0.112
9755,-0.063
9756,-0.344
9757,-0.181
9758,-0.21
9759,-0.1
9760,-0.183
9761,-0.166
9762,0.039
9763,-0.078
9764,-0.212
9765,-0.168
9766,0.007
9767,-0.139
9768,-0.09
9769,-0.029
9770,-0.09
9771,-0.042
9772,-0.242
9773,-0.222
9774,-0.085
9775,0.032
9776,-0.278
9777,-0.176
9778,-0.002
9779,-0.144
9780,-0.3
9781,-0.093
9782,-0.171
9783,-0.149
9784,-0.103
9785,-0.215
9786,0.112
9787,-0.044
9788,-0.227
9789,-0.117
9790,0.027
9791,-0.007
9792,-0.176
9793,-0.09
9794,-0.103
9795,-0.032
9796,-0.232
9797,-0.09
9798,-0.071
9799,-0.161
9800,-0.222
9801,-0.071
9802,-0.132
9803,-0.242
9804,-0.12
9805,-0.034
9806,0.007
9807,-0.317
9808,-0.059
9809,0.015
9810,-0.237
9811,-0.183
9812,0.059
9813,0.151
9814,-0.095
9815,-0.007
9816,-0.222
9817,0.01
9818,-0.002
9819,-0.061
9820,-0.183
9821,-0.098
9822,-0.029
9823,-0.085
9824,-0.1
9825,-0.088
9826,-0.015
9827,-0.1
9828,-0.098
9829,-0.193
9830,-0.139
9831,-0.298
9832,-0.09
9833,0.093
9834,0.037
9835,-0.039
9836,-0.273
9837,-0.1
9838,-0.034
9839,-0.081
9840,-0.132
9841,-0.068
9842,-0.264
9843,-0.095
9844,-0.107
9845,-0.173
9846,-0.134
9847,-0.22
9848,-0.215
9849,-0.142
9850,-0.132
9851,-0.098
9852,0.017
9853,-0.007
9854,-0.183
9855,-0.11
9856,-0.156
9857,-0.024
9858,-0.122
9859,-0.059
9860,-0.005
9861,0.127
9862,-0.125
9863,-0.176
9864,-0.139
9865,-0.027
9866,0.024
9867,-0.193
9868,-0.125
9869,-0.112
9870,-0.071
9871,-0.127
9872,-0.093
9873,-0.244
9874,-0.122
9875,0.029
9876,-0.078
9877,-0.095
9878,-0.054
9879,-0.12
9880,-0.19
9881,-0.083
9882,-0.151
9883,-0.225
9884,-0.237
9885,-0.132
9886,0.022
9887,-0.151
9888,-0.168
9889,-0.269
9890,-0.188
9891,-0.139
9892,-0.029
9893,-0.127
9894,0.073
9895,-0.017
9896,0.061
9897,0.037
9898,-0.186
9899,-0.203
9900,-0.129
9901,0.0
9902,-0.005
9903,-0.032
9904,-0.139
9905,-0.095
9906,-0.024
9907,-0.061
9908,-0.098
9909,-0.095
9910,0.146
9911,-0.022
9912,-0.09
9913,-0.188
9914,0.1
9915,-0.078
9916,-0.208
9917,-0.144
9918,-0.212
9919,-0.171
9920,-0.146
9921,-0.044
9922,-0.11
9923,-0.164
9924,-0.142
9925,-0.098
9926,-0.256
9927,-0.361
9928,-0.046
9929,-0.002
9930,-0.178
9931,-0.125
9932,-0.024
9933,-0.188
9934,-0.012
9935,-0.11
9936,-0.198
9937,-0.181
9938,-0.142
9939,-0.088
9940,-0.056
9941,-0.071
9942,-0.034
9943,-0.056
9944,-0.249
9945,-0.005
9946,-0.112
9947,-0.212
9948,-0.017
9949,-0.039
9950,-0.103
9951,-0.151
9952,-0.066
9953,-0.088
9954,0.046
9955,-0.195
9956,-0.061
9957,-0.137
9958,-0.159
9959,-0.098
9960,-0.09
9961,-0.242
9962,-0.261
9963,-0.095
9964,-0.205
9965,-0.19
9966,-0.21
9967,0.01
9968,-0.149
9969,-0.183
9970,-0.068
9971,-0.071
9972,-0.146
9973,-0.286
9974,-0.071
9975,-0.02
9976,0.044
9977,-0.09
9978,0.015
9979,0.022
9980,-0.146
9981,-0.22
9982,0.061
9983,0.022
9984,-0.146
9985,-0.127
9986,-0.076
9987,-0.183
9988,-0.269
9989,-0.068
9990,-0.012
9991,-0.2
9992,-0.178
9993,-0.029
9994,-0.073
9995,-0.146
9996,-0.146
9997,-0.208
9998,-0.09
9999,-0.146
10000,-0.125
10001,-0.232
10002,-0.071
10003,-0.21
10004,-0.142
10005,-0.137
10006,-0.098
10007,-0.039
10008,-0.039
10009,-0.071
10010,-0.276
10011,0.044
10012,0.027
10013,-0.049
10014,0.044
10015,0.117
10016,0.044
10017,-0.142
10018,-0.127
10019,0.051
10020,0.059
10021,-0.266
10022,-0.032
10023,0.0
10024,-0.247
10025,-0.205
10026,-0.181
10027,-0.212
10028,-0.315
10029,-0.217
10030,-0.056
10031,0.168
10032,-0.21
10033,-0.19
10034,0.146
10035,0.107
10036,-0.327
10037,-0.247
10038,0.215
10039,-0.398
10040,-0.391
10041,-0.088
10042,-0.051
10043,-0.071
10044,-0.093
10045,0.051
10046,0.046
10047,-0.144
10048,-0.142
10049,0.122
10050,-0.112
10051,-0.178
10052,0.134
10053,0.068
10054,-0.103
10055,-0.188
10056,-0.137
10057,-0.012
10058,-0.137
10059,-0.3
10060,0.134
10061,0.076
10062,-0.19
10063,-0.159
10064,-0.176
10065,-0.225
10066,-0.288
10067,-0.02
10068,-0.256
10069,-0.305
10070,-0.205
10071,-0.117
10072,-0.188
10073,-0.164
10074,-0.298
10075,-0.129
10076,-0.061
10077,-0.085
10078,-0.125
10079,-0.254
10080,-0.164
10081,-0.105
10082,-0.042
10083,-0.203
10084,-0.242
10085,0.081
10086,-0.222
10087,-0.261
10088,-0.073
10089,-0.159
10090,-0.371
10091,0.029
10092,-0.017
10093,-0.095
10094,-0.127
10095,0.061
10096,0.007
10097,-0.098
10098,0.044
10099,0.078
10100,0.012
10101,-0.154
10102,-0.093
10103,-0.178
10104,-0.139
10105,-0.171
10106,0.012
10107,-0.081
10108,-0.173
10109,-0.232
10110,-0.229
10111,-0.1
10112,-0.178
10113,-0.127
10114,-0.264
10115,-0.032
10116,0.024
10117,-0.027
10118,-0.132
10119,-0.217
10120,-0.049
10121,-0.222
10122,-0.061
10123,-0.181
10124,-0.242
10125,-0.149
10126,-0.044
10127,-0.122
10128,-0.125
10129,-0.161
10130,-0.183
10131,-0.02
10132,-0.188
10133,-0.081
10134,0.095
10135,0.007
10136,-0.049
10137,-0.078
10138,-0.088
10139,-0.027
10140,0.12
10141,-0.127
10142,-0.103
10143,-0.095
10144,-0.098
10145,-0.076
10146,-0.151
10147,-0.354
10148,-0.081
10149,-0.154
10150,-0.386
10151,0.015
10152,-0.146
10153,-0.232
10154,-0.09
10155,-0.083
10156,-0.076
10157,-0.195
10158,-0.195
10159,-0.032
10160,-0.1
10161,-0.186
10162,-0.09
10163,-0.149
10164,-0.164
10165,-0.032
10166,-0.063
10167,-0.215
10168,0.061
10169,-0.125
10170,-0.234
10171,-0.105
10172,-0.103
10173,-0.039
10174,-0.142
10175,-0.09
10176,-0.156
10177,-0.391
10178,-0.144
10179,0.029
10180,0.059
10181,-0.166
10182,-0.054
10183,-0.098
10184,0.02
10185,-0.115
10186,-0.139
10187,-0.112
10188,-0.195
10189,-0.264
10190,-0.054
10191,-0.178
10192,-0.078
10193,-0.042
10194,-0.122
10195,-0.166
10196,-0.129
10197,-0.181
10198,-0.002
10199,-0.088
10200,-0.159
10201,-0.034
10202,0.022
10203,-0.188
10204,-0.063
10205,-0.254
10206,-0.117
10207,-0.046
10208,-0.171
10209,-0.21
10210,-0.171
10211,-0.232
10212,-0.107
10213,-0.085
10214,-0.161
10215,-0.066
10216,-0.134
10217,-0.073
10218,0.098
10219,-0.149
10220,-0.144
10221,-0.02
10222,-0.132
10223,-0.242
10224,0.01
10225,-0.208
10226,-0.227
10227,-0.183
10228,-0.249
10229,-0.159
10230,-0.098
10231,-0.066
10232,-0.049
10233,-0.149
10234,-0.273
10235,-0.217
10236,-0.09
10237,-0.076
10238,-0.225
10239,-0.244
10240,-0.002
10241,-0.12
10242,-0.11
10243,0.144
10244,0.027
10245,-0.254
10246,-0.112
10247,-0.21
10248,-0.151
10249,-0.12
10250,-0.063
10251,-0.12
10252,-0.054
10253,-0.22
10254,-0.142
10255,-0.173
10256,-0.222
10257,-0.085
10258,-0.132
10259,-0.166
10260,-0.002
10261,-0.005
10262,-0.212
10263,-0.122
10264,-0.024
10265,-0.088
10266,-0.186
10267,-0.171
10268,-0.095
10269,-0.146
10270,-0.166
10271,-0.151
10272,-0.046
10273,-0.2
10274,-0.139
10275,-0.042
10276,-0.095
10277,-0.269
10278,-0.203
10279,0.017
10280,0.049
10281,-0.227
10282,-0.293
10283,-0.032
10284,-0.061
10285,-0.247
10286,-0.234
10287,-0.195
10288,-0.298
10289,-0.269
10290,-0.2
10291,-0.044
10292,-0.066
10293,-0.2
10294,-0.042
10295,-0.071
10296,-0.078
10297,0.017
10298,-0.02
10299,-0.093
10300,-0.168
10301,-0.007
10302,-0.212
10303,-0.105
10304,-0.295
10305,-0.117
10306,-0.061
10307,-0.144
10308,-0.154
10309,-0.122
10310,-0.149
10311,-0.166
10312,-0.105
10313,-0.166
10314,-0.098
10315,-0.156
10316,-0.188
10317,-0.027
10318,-0.044
10319,-0.244
10320,-0.142
10321,-0.12
10322,-0.078
10323,-0.12
10324,-0.134
10325,-0.117
10326,-0.061
10327,-0.09
10328,-0.178
10329,-0.181
10330,-0.129
10331,-0.061
10332,-0.171
10333,-0.171
10334,-0.247
10335,-0.276
10336,-0.154
10337,-0.132
10338,-0.156
10339,-0.071
10340,-0.117
10341,-0.137
10342,-0.083
10343,-0.049
10344,-0.054
10345,0.042
10346,0.037
10347,-0.042
10348,-0.063
10349,-0.168
10350,-0.166
10351,-0.115
10352,-0.161
10353,-0.178
10354,-0.222
10355,-0.142
10356,0.061
10357,-0.144
10358,-0.374
10359,-0.129
10360,-0.022
10361,-0.164
10362,-0.176
10363,-0.193
10364,-0.122
10365,-0.029
10366,-0.134
10367,-0.083
10368,0.0
10369,-0.161
10370,-0.217
10371,-0.054
10372,0.056
10373,-0.127
10374,-0.347
10375,-0.21
10376,-0.171
10377,-0.081
10378,-0.144
10379,-0.027
10380,-0.051
10381,-0.098
10382,-0.012
10383,-0.09
10384,-0.107
10385,-0.134
10386,-0.286
10387,-0.188
10388,0.005
10389,-0.2
10390,-0.215
10391,-0.103
10392,-0.078
10393,-0.098
10394,-0.413
10395,-0.137
10396,-0.029
10397,-0.193
10398,-0.283
10399,-0.132
10400,-0.095
10401,-0.244
10402,-0.017
10403,0.146
10404,-0.027
10405,-0.173
10406,-0.122
10407,-0.129
10408,-0.132
10409,-0.12
10410,-0.071
10411,0.0
10412,-0.066
10413,-0.112
10414,0.005
10415,-0.222
10416,-0.168
10417,-0.093
10418,-0.029
10419,-0.203
10420,-0.12
10421,0.034
10422,-0.012
10423,-0.188
10424,-0.283
10425,0.002
10426,0.085
10427,-0.159
10428,-0.156
10429,0.098
10430,-0.112
10431,-0.237
10432,-0.186
10433,-0.095
10434,-0.12
10435,-0.183
10436,-0.212
10437,-0.312
10438,-0.054
10439,0.232
10440,-0.11
10441,-0.237
10442,0.027
10443,-0.071
10444,-0.115
10445,-0.007
10446,-0.105
10447,0.044
10448,-0.159
10449,-0.168
10450,-0.088
10451,-0.239
10452,-0.215
10453,-0.12
10454,-0.01
10455,-0.225
10456,-0.208
10457,-0.168
10458,-0.066
10459,-0.063
10460,-0.149
10461,-0.039
10462,-0.32
10463,-0.093
10464,-0.042
10465,-0.151
10466,-0.142
10467,-0.093
10468,-0.21
10469,-0.181
10470,-0.078
10471,-0.132
10472,-0.161
10473,-0.054
10474,-0.232
10475,-0.21
10476,-0.269
10477,-0.122
10478,-0.222
10479,-0.122
10480,-0.061
10481,-0.027
10482,-0.073
10483,0.039
10484,0.032
10485,0.056
10486,0.144
10487,-0.193
10488,-0.107
10489,-0.081
10490,-0.183
10491,-0.203
10492,-0.122
10493,-0.266
10494,0.046
10495,0.005
10496,-0.203
10497,-0.093
10498,-0.022
10499,-0.149
10500,-0.171
10501,-0.137
10502,-0.164
10503,-0.068
10504,-0.254
10505,-0.027
10506,0.139
10507,-0.059
10508,-0.161
10509,-0.249
10510,-0.154
10511,-0.198
10512,-0.112
10513,-0.159
10514,-0.068
10515,-0.195
10516,-0.203
10517,-0.12
10518,-0.122
10519,-0.156
10520,-0.159
10521,-0.117
10522,-0.132
10523,-0.078
10524,0.054
10525,0.037
10526,-0.173
10527,-0.227
10528,-0.059
10529,0.005
10530,-0.112
10531,-0.217
10532,-0.168
10533,-0.195
10534,-0.303
10535,-0.117
10536,-0.088
10537,-0.286
10538,-0.308
10539,-0.278
10540,-0.073
10541,-0.044
10542,-0.168
10543,-0.049
10544,-0.022
10545,-0.088
10546,-0.12
10547,-0.085
10548,-0.156
10549,-0.208
10550,-0.166
10551,-0.178
10552,-0.142
10553,-0.178
10554,-0.156
10555,-0.212
10556,-0.1
10557,-0.117
10558,-0.249
10559,-0.049
10560,-0.137
10561,-0.117
10562,-0.061
10563,0.01
10564,-0.244
10565,-0.098
10566,-0.208
10567,-0.166
10568,-0.117
10569,0.005
10570,-0.193
10571,-0.273
10572,-0.337
10573,-0.205
10574,-0.081
10575,-0.22
10576,-0.085
10577,-0.129
10578,0.032
10579,-0.037
10580,-0.132
10581,-0.063
10582,0.051
10583,0.017
10584,-0.034
10585,-0.034
10586,-0.088
10587,-0.161
10588,-0.242
10589,-0.19
10590,-0.073
10591,-0.01
10592,-0.151
10593,-0.173
10594,-0.208
10595,-0.308
10596,-0.298
10597,0.002
10598,0.051
10599,-0.125
10600,-0.186
10601,-0.061
10602,0.173
10603,0.037
10604,-0.081
10605,-0.127
10606,-0.103
10607,0.037
10608,-0.054
10609,-0.012
10610,-0.125
10611,-0.261
10612,-0.181
10613,-0.105
10614,-0.278
10615,-0.105
10616,-0.186
10617,-0.317
10618,-0.181
10619,-0.132
10620,-0.178
10621,-0.029
10622,-0.042
10623,-0.186
10624,-0.037
10625,0.032
10626,-0.032
10627,-0.105
10628,0.044
10629,0.007
10630,0.056
10631,-0.085
10632,-0.122
10633,-0.098
10634,-0.054
10635,-0.151
10636,-0.051
10637,-0.024
10638,-0.31
10639,-0.151
10640,-0.093
10641,-0.171
10642,-0.242
10643,-0.063
10644,-0.042
10645,0.051
10646,-0.12
10647,-0.083
10648,-0.005
10649,0.02
10650,-0.149
10651,-0.007
10652,-0.039
10653,-0.188
10654,-0.225
10655,-0.151
10656,-0.237
10657,-0.122
10658,-0.171
10659,-0.242
10660,0.022
10661,-0.22
10662,-0.32
10663,-0.134
10664,-0.042
10665,-0.149
10666,0.002
10667,0.112
10668,0.0
10669,-0.137
10670,-0.276
10671,-0.068
10672,0.012
10673,-0.144
10674,-0.068
10675,-0.005
10676,-0.347
10677,-0.288
10678,-0.149
10679,-0.198
10680,-0.107
10681,-0.139
10682,-0.051
10683,-0.159
10684,-0.095
10685,-0.193
10686,-0.1
10687,-0.068
10688,-0.115
10689,-0.051
10690,-0.105
10691,-0.02
10692,-0.01
10693,0.029
10694,-0.068
10695,-0.095
10696,-0.205
10697,-0.232
10698,-0.063
10699,-0.217
10700,-0.259
10701,0.095
10702,0.015
10703,-0.283
10704,-0.288
10705,-0.066
10706,-0.09
10707,-0.271
10708,-0.095
10709,0.073
10710,-0.044
10711,-0.139
10712,0.122
10713,0.034
10714,-0.178
10715,-0.198
10716,-0.085
10717,0.11
10718,-0.059
10719,-0.173
10720,-0.2
10721,-0.037
10722,-0.107
10723,-0.024
10724,0.056
10725,-0.059
10726,-0.237
10727,-0.264
10728,0.103
10729,0.154
10730,0.0
10731,-0.203
10732,-0.11
10733,-0.195
10734,-0.303
10735,-0.237
10736,-0.159
10737,-0.21
10738,-0.269
10739,-0.19
10740,-0.181
10741,-0.11
10742,-0.112
10743,-0.278
10744,-0.154
10745,0.024
10746,-0.247
10747,-0.054
10748,0.037
10749,-0.093
10750,0.022
10751,-0.144
10752,-0.066
10753,-0.156
10754,-0.164
10755,0.063
10756,-0.046
10757,-0.242
10758,-0.051
10759,-0.059
10760,-0.181
10761,-0.032
10762,-0.166
10763,-0.139
10764,-0.059
10765,-0.122
10766,-0.134
10767,0.215
10768,-0.225
10769,-0.122
10770,0.11
10771,-0.149
10772,-0.149
10773,-0.117
10774,-0.117
10775,-0.212
10776,-0.186
10777,-0.061
10778,-0.085
10779,-0.181
10780,-0.408
10781,-0.132
10782,-0.012
10783,-0.112
10784,-0.19
10785,-0.142
10786,-0.027
10787,-0.007
10788,0.115
10789,-0.098
10790,-0.19
10791,-0.125
10792,-0.098
10793,-0.042
10794,-0.11
10795,-0.181
10796,-0.168
10797,-0.063
10798,-0.212
10799,-0.146
10800,-0.115
10801,-0.105
10802,-0.244
10803,-0.129
10804,-0.208
10805,-0.149
10806,-0.205
10807,-0.1
10808,0.02
10809,-0.244
10810,-0.349
10811,-0.115
10812,-0.012
10813,-0.273
10814,-0.188
10815,-0.112
10816,-0.168
10817,-0.085
10818,-0.291
10819,-0.166
10820,-0.081
10821,-0.225
10822,-0.034
10823,-0.039
10824,-0.391
10825,-0.073
10826,-0.061
10827,-0.229
10828,-0.01
10829,0.051
10830,-0.071
10831,-0.132
10832,-0.09
10833,-0.149
10834,-0.139
10835,0.068
10836,-0.105
10837,-0.117
10838,-0.076
10839,-0.203
10840,-0.166
10841,-0.046
10842,-0.193
10843,-0.083
10844,-0.19
10845,-0.029
10846,-0.164
10847,-0.261
10848,-0.264
10849,-0.154
10850,-0.051
10851,-0.107
10852,-0.183
10853,-0.334
10854,-0.139
10855,-0.332
10856,0.007
10857,-0.039
10858,-0.31
10859,-0.403
10860,0.017
10861,-0.015
10862,-0.061
10863,0.01
10864,-0.161
10865,-0.095
10866,0.066
10867,-0.2
10868,-0.078
10869,0.188
10870,-0.176
10871,-0.229
10872,-0.164
10873,-0.056
10874,-0.032
10875,-0.164
10876,-0.205
10877,-0.151
10878,-0.21
10879,-0.203
10880,-0.154
10881,-0.251
10882,-0.273
10883,-0.049
10884,-0.039
10885,-0.259
10886,-0.208
10887,-0.068
10888,-0.176
10889,-0.137
10890,-0.076
10891,0.063
10892,-0.054
10893,-0.242
10894,-0.244
10895,-0.076
10896,-0.039
10897,-0.2
10898,-0.215
10899,-0.254
10900,-0.078
10901,-0.41
10902,-0.161
10903,0.063
10904,-0.015
10905,-0.151
10906,-0.146
10907,-0.078
10908,-0.054
10909,-0.029
10910,-0.146
10911,0.022
10912,-0.081
10913,-0.217
10914,-0.061
10915,-0.005
10916,-0.076
10917,-0.061
10918,-0.054
10919,-0.176
10920,-0.09
10921,-0.242
10922,-0.078
10923,-0.056
10924,-0.19
10925,0.188
10926,0.19
10927,-0.164
10928,-0.435
10929,-0.02
10930,-0.076
10931,-0.034
10932,-0.293
10933,-0.269
10934,-0.171
10935,-0.112
10936,-0.208
10937,-0.364
10938,-0.281
10939,-0.193
10940,-0.151
10941,-0.154
10942,-0.22
10943,-0.022
10944,-0.125
10945,-0.063
10946,-0.156
10947,-0.193
10948,-0.259
10949,0.19
10950,-0.107
10951,-0.051
10952,-0.198
10953,-0.022
10954,-0.288
10955,-0.073
10956,0.029
10957,-0.2
10958,-0.217
10959,-0.161
10960,-0.127
10961,-0.322
10962,-0.132
10963,-0.081
10964,-0.154
10965,-0.208
10966,-0.117
10967,-0.051
10968,-0.19
10969,-0.09
10970,-0.266
10971,0.161
10972,-0.273
10973,-0.215
10974,-0.173
10975,-0.015
10976,-0.129
10977,-0.081
10978,-0.295
10979,-0.105
10980,-0.129
10981,-0.083
10982,-0.125
10983,-0.237
10984,-0.02
10985,-0.095
10986,-0.161
10987,-0.171
10988,-0.076
10989,-0.122
10990,-0.173
10991,-0.276
10992,-0.11
10993,0.0
10994,-0.144
10995,-0.002
10996,-0.11
10997,-0.256
10998,-0.283
10999,-0.005
11000,-0.139
11001,-0.21
11002,-0.073
11003,-0.161
11004,-0.076
11005,-0.234
11006,-0.015
11007,0.024
11008,-0.159
11009,-0.049
11010,-0.015
11011,-0.107
11012,-0.398
11013,0.056
11014,-0.254
11015,-0.156
11016,-0.171
11017,-0.249
11018,-0.22
11019,-0.071
11020,-0.491
11021,-0.137
11022,-0.264
11023,-0.134
11024,-0.081
11025,-0.178
11026,-0.129
11027,-0.085
11028,-0.208
11029,0.103
11030,-0.078
11031,-0.181
11032,0.032
11033,-0.078
11034,-0.229
11035,-0.105
11036,-0.208
11037,-0.164
11038,-0.137
11039,0.012
11040,-0.085
11041,0.171
11042,-0.347
11043,-0.208
11044,-0.059
11045,-0.112
11046,-0.039
11047,-0.063
11048,-0.083
11049,-0.261
11050,0.005
11051,-0.32
11052,-0.049
11053,-0.103
11054,-0.129
11055,0.01
11056,-0.2
11057,-0.198
11058,-0.127
11059,0.002
11060,-0.376
11061,-0.188
11062,-0.095
11063,-0.027
11064,-0.286
11065,-0.222
11066,-0.073
11067,-0.208
11068,-0.076
11069,-0.151
11070,-0.229
11071,-0.327
11072,-0.02
11073,-0.059
11074,-0.051
11075,-0.083
11076,-0.044
11077,-0.125
11078,-0.146
11079,-0.225
11080,-0.142
11081,-0.215
11082,-0.298
11083,-0.156
11084,-0.176
11085,-0.144
11086,-0.085
11087,-0.159
11088,-0.19
11089,-0.286
11090,-0.105
11091,-0.103
11092,0.061
11093,-0.193
11094,-0.298
11095,-0.195
11096,-0.156
11097,0.032
11098,-0.098
11099,-0.254
11100,-0.198
11101,0.022
11102,-0.11
11103,-0.242
11104,-0.176
11105,-0.183
11106,-0.122
11107,-0.098
11108,-0.071
11109,-0.122
11110,0.093
11111,-0.081
11112,-0.061
11113,0.007
11114,-0.024
11115,-0.195
11116,-0.168
11117,-0.129
11118,-0.237
11119,-0.012
11120,-0.063
11121,-0.144
11122,-0.393
11123,-0.088
11124,-0.076
11125,0.032
11126,-0.09
11127,-0.129
11128,-0.059
11129,-0.154
11130,-0.112
11131,-0.161
11132,0.11
11133,-0.134
11134,-0.212
11135,-0.134
11136,-0.127
11137,-0.176
11138,-0.325
11139,-0.234
11140,-0.063
11141,-0.059
11142,-0.391
11143,-0.056
11144,-0.259
11145,-0.325
11146,-0.273
11147,-0.083
11148,-0.012
11149,-0.125
11150,0.105
11151,0.051
11152,0.005
11153,-0.107
11154,0.115
11155,0.071
11156,-0.039
11157,-0.044
11158,-0.212
11159,-0.295
11160,-0.251
11161,-0.095
11162,-0.151
11163,-0.066
11164,-0.181
11165,-0.171
11166,-0.156
11167,-0.149
11168,-0.139
11169,-0.208
11170,-0.1
11171,-0.107
11172,-0.022
11173,-0.212
11174,-0.09
11175,-0.032
11176,-0.132
11177,-0.283
11178,-0.046
11179,-0.12
11180,-0.21
11181,-0.098
11182,-0.098
11183,-0.151
11184,-0.32
11185,-0.186
11186,-0.061
11187,-0.056
11188,-0.256
11189,-0.107
11190,0.017
11191,-0.129
11192,0.027
11193,0.046
11194,-0.007
11195,-0.134
11196,0.283
11197,-0.063
11198,-0.171
11199,-0.132
11200,-0.051
11201,-0.002
11202,-0.032
11203,-0.002
11204,-0.183
11205,-0.139
11206,-0.305
11207,0.029
11208,-0.037
11209,-0.208
11210,-0.034
11211,0.017
11212,-0.361
11213,-0.168
11214,0.154
11215,-0.259
11216,-0.181
11217,-0.212
11218,0.066
11219,-0.066
11220,-0.029
11221,-0.095
11222,-0.176
11223,-0.098
11224,-0.029
11225,-0.012
11226,-0.398
11227,-0.083
11228,-0.034
11229,-0.183
11230,-0.115
11231,-0.151
11232,-0.212
11233,-0.134
11234,-0.078
11235,-0.247
11236,-0.076
11237,-0.276
11238,0.027
11239,0.063
11240,-0.129
11241,-0.159
11242,-0.01
11243,-0.117
11244,-0.117
11245,-0.017
11246,-0.188
11247,0.037
11248,-0.071
11249,-0.032
11250,-0.125
11251,-0.054
11252,-0.239
11253,-0.271
11254,-0.178
11255,-0.105
11256,-0.073
11257,-0.337
11258,-0.098
11259,-0.002
11260,-0.134
11261,-0.225
11262,-0.161
11263,-0.315
11264,-0.166
11265,-0.156
11266,-0.139
11267,-0.044
11268,-0.159
11269,-0.039
11270,-0.027
11271,-0.168
11272,-0.132
11273,0.0
11274,-0.066
11275,-0.154
11276,-0.037
11277,-0.183
11278,-0.168
11279,-0.081
11280,0.044
11281,-0.005
11282,-0.181
11283,-0.237
11284,0.046
11285,-0.081
11286,-0.149
11287,-0.059
11288,-0.193
11289,-0.083
11290,-0.027
11291,-0.325
11292,-0.076
11293,0.015
11294,-0.234
11295,-0.156
11296,-0.085
11297,-0.369
11298,0.034
11299,-0.037
11300,-0.261
11301,-0.361
11302,-0.193
11303,-0.09
11304,0.093
11305,-0.295
11306,-0.237
11307,0.259
11308,-0.378
11309,-0.154
11310,0.029
11311,-0.1
11312,0.171
11313,0.33
11314,-0.383
11315,-0.188
11316,0.034
11317,-0.01
11318,-0.071
11319,-0.068
11320,-0.222
11321,-0.095
11322,-0.027
11323,-0.105
11324,0.051
11325,-0.088
11326,-0.11
11327,0.056
11328,-0.071
11329,-0.186
11330,-0.088
11331,-0.066
11332,-0.217
11333,-0.112
11334,-0.178
11335,-0.178
11336,-0.139
11337,-0.278
11338,-0.225
11339,-0.176
11340,-0.291
11341,-0.19
11342,-0.081
11343,-0.225
11344,-0.312
11345,-0.127
11346,-0.076
11347,-0.151
11348,-0.117
11349,-0.093
11350,-0.115
11351,0.063
11352,-0.044
11353,-0.112
11354,-0.222
11355,0.022
11356,-0.037
11357,-0.085
11358,-0.237
11359,-0.095
11360,-0.164
11361,-0.139
11362,-0.361
11363,-0.352
11364,-0.012
11365,-0.02
11366,-0.215
11367,-0.269
11368,-0.071
11369,-0.02
11370,0.022
11371,-0.063
11372,-0.12
11373,-0.259
11374,-0.359
11375,0.146
11376,-0.061
11377,-0.205
11378,-0.078
11379,0.254
11380,-0.405
11381,-0.479
11382,-0.3
11383,-0.308
11384,-0.125
11385,0.015
11386,-0.029
11387,-0.203
11388,-0.061
11389,-0.073
11390,-0.051
11391,0.115
11392,-0.215
11393,-0.073
11394,0.088
11395,0.044
11396,-0.186
11397,-0.042
11398,0.024
11399,0.054
11400,-0.1
11401,-0.154
11402,-0.063
11403,-0.09
11404,-0.076
11405,-0.139
11406,-0.361
11407,-0.386
11408,-0.112
11409,-0.129
11410,-0.227
11411,-0.212
11412,-0.149
11413,-0.029
11414,-0.051
11415,-0.073
11416,-0.166
11417,-0.037
11418,0.0
11419,0.017
11420,-0.137
11421,-0.156
11422,-0.115
11423,-0.068
11424,-0.156
11425,-0.229
11426,-0.017
11427,-0.239
11428,-0.239
11429,-0.081
11430,-0.171
11431,-0.137
11432,0.034
11433,0.027
11434,-0.149
11435,0.0
11436,0.042
11437,0.09
11438,-0.098
11439,-0.154
11440,-0.137
11441,-0.032
11442,-0.093
11443,-0.22
11444,-0.21
11445,-0.066
11446,-0.161
11447,-0.403
11448,-0.044
11449,-0.032
11450,-0.095
11451,-0.193
11452,-0.095
11453,-0.225
11454,-0.225
11455,0.061
11456,-0.063
11457,0.046
11458,-0.208
11459,-0.369
11460,-0.286
11461,0.034
11462,-0.103
11463,-0.164
11464,0.032
11465,-0.159
11466,-0.146
11467,-0.107
11468,-0.237
11469,-0.259
11470,-0.156
11471,0.002
11472,-0.078
11473,-0.188
11474,-0.122
11475,-0.02
11476,0.154
11477,-0.034
11478,-0.227
11479,-0.146
11480,-0.159
11481,-0.054
11482,0.005
11483,-0.164
11484,-0.139
11485,-0.132
11486,-0.117
11487,-0.159
11488,-0.156
11489,-0.151
11490,-0.032
11491,-0.105
11492,-0.215
11493,-0.415
11494,-0.308
11495,-0.142
11496,-0.02
11497,-0.068
11498,-0.237
11499,-0.032
11500,-0.078
11501,-0.156
11502,-0.261
11503,-0.242
11504,-0.205
11505,-0.12
11506,-0.22
11507,-0.098
11508,0.078
11509,-0.176
11510,-0.076
11511,-0.105
11512,-0.247
11513,-0.073
11514,0.085
11515,0.005
11516,-0.007
11517,-0.005
11518,-0.085
11519,0.007
11520,-0.098
11521,-0.103
11522,-0.049
11523,0.073
11524,-0.088
11525,-0.11
11526,-0.039
11527,-0.107
11528,-0.166
11529,-0.132
11530,-0.071
11531,-0.237
11532,-0.117
11533,-0.027
11534,0.151
11535,-0.022
11536,-0.078
11537,-0.071
11538,-0.066
11539,0.095
11540,-0.034
11541,-0.068
11542,-0.173
11543,-0.046
11544,-0.093
11545,-0.186
11546,-0.159
11547,-0.232
11548,-0.002
11549,-0.173
11550,-0.232
11551,-0.227
11552,-0.098
11553,0.056
11554,-0.122
11555,-0.281
11556,-0.154
11557,-0.095
11558,-0.325
11559,-0.227
11560,-0.01
11561,-0.195
11562,0.129
11563,-0.056
11564,-0.261
11565,-0.127
11566,0.051
11567,-0.371
11568,-0.107
11569,-0.1
11570,-0.295
11571,-0.1
11572,-0.137
11573,0.015
11574,-0.027
11575,-0.161
11576,-0.137
11577,-0.059
11578,-0.278
11579,-0.186
11580,0.044
11581,-0.242
11582,-0.33
11583,0.037
11584,0.022
11585,0.005
11586,-0.232
11587,0.059
11588,-0.007
11589,-0.09
11590,-0.154
11591,-0.115
11592,-0.078
11593,-0.154
11594,-0.178
11595,-0.203
11596,-0.168
11597,-0.054
11598,-0.076
11599,-0.205
11600,-0.066
11601,-0.032
11602,-0.188
11603,-0.103
11604,-0.117
11605,-0.078
11606,-0.154
11607,-0.151
11608,-0.027
11609,-0.129
11610,-0.151
11611,-0.078
11612,0.007
11613,-0.164
11614,-0.12
11615,-0.171
11616,-0.037
11617,-0.146
11618,-0.117
11619,-0.308
11620,-0.19
11621,-0.088
11622,-0.161
11623,0.02
11624,-0.229
11625,-0.066
11626,-0.183
11627,-0.2
11628,-0.09
11629,0.054
11630,-0.2
11631,-0.12
11632,-0.005
11633,-0.208
11634,-0.078
11635,-0.229
11636,-0.117
11637,0.027
11638,-0.081
11639,-0.242
11640,0.017
11641,-0.015
11642,-0.2
11643,0.098
11644,-0.12
11645,-0.149
11646,-0.161
11647,-0.032
11648,-0.286
11649,-0.125
11650,-0.156
11651,-0.105
11652,-0.181
11653,-0.193
11654,-0.059
11655,-0.02
11656,-0.095
11657,-0.183
11658,0.027
11659,-0.112
11660,-0.156
11661,-0.168
11662,-0.09
11663,-0.088
11664,-0.132
11665,-0.083
11666,-0.093
11667,0.022
11668,-0.215
11669,-0.144
11670,-0.222
11671,-0.112
11672,-0.093
11673,-0.017
11674,0.002
11675,-0.054
11676,-0.098
11677,-0.107
11678,0.066
11679,-0.095
11680,0.02
11681,-0.229
11682,-0.122
11683,-0.161
11684,-0.166
11685,-0.229
11686,-0.19
11687,-0.198
11688,-0.259
11689,-0.315
11690,-0.273
11691,-0.208
11692,-0.195
11693,-0.056
11694,-0.076
11695,-0.164
11696,-0.12
11697,-0.051
11698,-0.095
11699,-0.234
11700,-0.151
11701,-0.105
11702,-0.01
11703,-0.012
11704,-0.12
11705,-0.103
11706,-0.059
11707,-0.029
11708,-0.112
11709,-0.137
11710,-0.171
11711,-0.027
11712,-0.134
11713,-0.176
11714,-0.105
11715,-0.122
11716,0.012
11717,-0.054
11718,-0.127
11719,-0.127
11720,0.012
11721,-0.015
11722,0.144
11723,-0.005
11724,-0.164
11725,-0.234
11726,-0.183
11727,-0.183
11728,-0.203
11729,-0.171
11730,-0.2
11731,-0.139
11732,-0.288
11733,-0.264
11734,-0.103
11735,-0.127
11736,-0.083
11737,-0.178
11738,-0.273
11739,-0.127
11740,-0.02
11741,-0.054
11742,-0.107
11743,-0.154
11744,-0.107
11745,-0.103
11746,-0.251
11747,-0.132
11748,-0.122
11749,-0.076
11750,-0.271
11751,-0.059
11752,-0.005
11753,-0.078
11754,-0.137
11755,-0.107
11756,-0.178
11757,-0.12
11758,-0.186
11759,-0.149
11760,-0.122
11761,-0.242
11762,-0.139
11763,-0.183
11764,-0.027
11765,-0.239
11766,-0.332
11767,-0.103
11768,-0.222
11769,-0.266
11770,-0.244
11771,-0.242
11772,-0.125
11773,-0.095
11774,-0.21
11775,-0.073
11776,-0.071
11777,-0.215
11778,-0.256
11779,-0.044
11780,0.0
11781,-0.125
11782,0.007
11783,-0.164
11784,-0.068
11785,-0.159
11786,-0.146
11787,-0.217
11788,-0.168
11789,0.005
11790,-0.051
11791,-0.073
11792,-0.063
11793,0.146
11794,-0.186
11795,-0.183
11796,-0.103
11797,0.081
11798,0.046
11799,-0.134
11800,-0.012
11801,-0.076
11802,-0.178
11803,-0.176
11804,-0.059
11805,-0.073
11806,-0.02
11807,-0.164
11808,-0.2
11809,-0.342
11810,-0.212
11811,-0.022
11812,-0.168
11813,-0.237
11814,-0.276
11815,-0.215
11816,-0.171
11817,-0.049
11818,-0.159
11819,-0.229
11820,-0.063
11821,-0.049
11822,-0.178
11823,-0.242
11824,-0.073
11825,0.01
11826,0.022
11827,-0.227
11828,-0.173
11829,-0.247
11830,-0.112
11831,0.039
11832,-0.061
11833,-0.41
11834,-0.347
11835,0.005
11836,-0.22
11837,-0.242
11838,-0.061
11839,-0.024
11840,-0.066
11841,-0.134
11842,0.107
11843,-0.022
11844,-0.205
11845,-0.122
11846,-0.005
11847,-0.22
11848,-0.159
11849,-0.137
11850,-0.066
11851,-0.208
11852,-0.166
11853,-0.115
11854,-0.171
11855,-0.132
11856,-0.225
11857,-0.09
11858,-0.085
11859,-0.042
11860,-0.005
11861,-0.129
11862,-0.161
11863,-0.039
11864,-0.027
11865,-0.178
11866,-0.178
11867,-0.112
11868,-0.049
11869,-0.208
11870,-0.237
11871,-0.159
11872,-0.198
11873,-0.146
11874,-0.081
11875,-0.127
11876,-0.19
11877,-0.115
11878,-0.107
11879,0.012
11880,-0.139
11881,-0.217
11882,-0.134
11883,-0.083
11884,-0.042
11885,0.005
11886,-0.012
11887,-0.208
11888,-0.081
11889,-0.183
11890,-0.249
11891,-0.188
11892,-0.032
11893,0.054
11894,-0.068
11895,-0.183
11896,-0.117
11897,-0.071
11898,-0.242
11899,-0.144
11900,-0.112
11901,-0.076
11902,-0.195
11903,-0.02
11904,-0.005
11905,-0.11
11906,-0.037
11907,-0.066
11908,-0.1
11909,-0.288
11910,-0.22
11911,-0.342
11912,-0.244
11913,-0.281
11914,-0.232
11915,0.005
11916,0.037
11917,-0.01
11918,0.093
11919,-0.01
11920,-0.168
11921,-0.029
11922,0.054
11923,-0.09
11924,-0.134
11925,-0.044
11926,-0.098
11927,-0.171
11928,0.027
11929,-0.125
11930,-0.1
11931,-0.146
11932,-0.232
11933,-0.288
11934,0.01
11935,-0.037
11936,-0.308
11937,-0.242
11938,-0.249
11939,-0.088
11940,-0.193
11941,-0.059
11942,0.005
11943,0.085
11944,0.022
11945,0.02
11946,-0.193
11947,-0.195
11948,-0.061
11949,-0.051
11950,-0.059
11951,-0.112
11952,-0.105
11953,-0.208
11954,-0.134
11955,-0.129
11956,-0.249
11957,-0.261
11958,-0.247
11959,-0.181
11960,-0.142
11961,-0.105
11962,-0.071
11963,-0.095
11964,-0.139
11965,0.085
11966,-0.144
11967,-0.229
11968,-0.088
11969,-0.234
11970,-0.117
11971,-0.19
11972,-0.095
11973,-0.234
11974,-0.107
11975,0.032
11976,-0.066
11977,-0.225
11978,-0.139
11979,-0.09
11980,-0.376
11981,-0.154
11982,-0.01
11983,-0.032
11984,-0.327
11985,-0.063
11986,-0.024
11987,-0.059
11988,-0.073
11989,-0.059
11990,-0.022
11991,-0.31
11992,-0.291
11993,-0.291
11994,-0.09
11995,-0.09
11996,0.022
11997,-0.186
11998,-0.181
11999,-0.198
12000,-0.066
12001,0.154
12002,-0.032
12003,-0.142
12004,-0.103
12005,0.095
12006,-0.085
12007,-0.078
12008,0.012
12009,-0.171
12010,0.012
12011,-0.232
12012,-0.281
12013,-0.256
12014,-0.063
12015,-0.239
12016,-0.149
12017,-0.171
12018,-0.178
12019,-0.034
12020,-0.073
12021,0.015
12022,-0.022
12023,-0.195
12024,-0.076
12025,-0.049
12026,-0.222
12027,-0.034
12028,-0.122
12029,-0.142
12030,-0.149
12031,-0.308
12032,-0.31
12033,-0.12
12034,-0.2
12035,-0.281
12036,-0.012
12037,-0.222
12038,-0.234
12039,-0.125
12040,0.232
12041,-0.01
12042,0.0
12043,0.103
12044,0.054
12045,-0.037
12046,-0.088
12047,0.044
12048,-0.066
12049,-0.115
12050,-0.066
12051,0.085
12052,-0.1
12053,-0.156
12054,-0.044
12055,-0.066
12056,-0.134
12057,-0.32
12058,-0.076
12059,-0.19
12060,-0.117
12061,-0.061
12062,-0.264
12063,-0.229
12064,-0.063
12065,-0.156
12066,-0.259
12067,0.081
12068,0.002
12069,-0.115
12070,-0.283
12071,-0.259
12072,-0.249
12073,-0.032
12074,-0.176
12075,-0.105
12076,-0.164
12077,-0.098
12078,-0.105
12079,-0.183
12080,-0.059
12081,-0.037
12082,-0.188
12083,-0.154
12084,0.081
12085,0.029
12086,-0.242
12087,-0.134
12088,-0.054
12089,-0.054
12090,-0.479
12091,0.005
12092,-0.164
12093,-0.266
12094,-0.237
12095,0.012
12096,-0.281
12097,-0.261
12098,-0.215
12099,-0.122
12100,-0.015
12101,-0.229
12102,-0.098
12103,-0.173
12104,-0.159
12105,0.022
12106,0.115
12107,-0.181
12108,-0.173
12109,0.037
12110,-0.059
12111,-0.291
12112,-0.254
12113,-0.222
12114,-0.076
12115,-0.066
12116,-0.032
12117,-0.176
12118,-0.11
12119,-0.205
12120,-0.117
12121,-0.117
12122,0.059
12123,-0.176
12124,0.007
12125,-0.103
12126,-0.146
12127,-0.156
12128,-0.142
12129,-0.078
12130,0.022
12131,0.015
12132,-0.164
12133,-0.166
12134,-0.095
12135,-0.105
12136,-0.227
12137,-0.166
12138,-0.208
12139,-0.173
12140,-0.144
12141,-0.173
12142,-0.051
12143,-0.154
12144,-0.034
12145,0.042
12146,-0.105
12147,-0.171
12148,0.007
12149,-0.181
12150,-0.339
12151,-0.154
12152,-0.081
12153,-0.037
12154,-0.227
12155,-0.21
12156,-0.181
12157,-0.017
12158,-0.134
12159,-0.178
12160,-0.122
12161,-0.066
12162,-0.127
12163,-0.117
12164,0.027
12165,-0.144
12166,-0.137
12167,-0.039
12168,-0.007
12169,-0.146
12170,-0.19
12171,-0.037
12172,-0.049
12173,-0.12
12174,-0.168
12175,-0.205
12176,-0.212
12177,-0.061
12178,-0.154
12179,-0.186
12180,-0.181
12181,-0.217
12182,-0.254
12183,-0.103
12184,-0.107
12185,-0.132
12186,0.061
12187,-0.056
12188,-0.093
12189,-0.142
12190,0.054
12191,0.015
12192,0.095
12193,-0.144
12194,-0.232
12195,-0.098
12196,-0.298
12197,-0.2
12198,-0.149
12199,-0.173
12200,-0.229
12201,-0.078
12202,-0.261
12203,-0.173
12204,0.051
12205,-0.076
12206,-0.173
12207,-0.144
12208,-0.127
12209,-0.056
12210,-0.059
12211,-0.161
12212,-0.151
12213,-0.303
12214,-0.266
12215,-0.139
12216,-0.237
12217,-0.229
12218,-0.225
12219,0.034
12220,-0.115
12221,-0.127
12222,-0.127
12223,-0.203
12224,-0.154
12225,-0.122
12226,-0.142
12227,-0.181
12228,-0.066
12229,-0.02
12230,0.09
12231,-0.159
12232,-0.142
12233,-0.081
12234,-0.227
12235,-0.168
12236,-0.225
12237,-0.105
12238,0.071
12239,-0.134
12240,-0.232
12241,-0.125
12242,-0.164
12243,-0.22
12244,-0.244
12245,-0.02
12246,-0.103
12247,-0.078
12248,0.151
12249,-0.139
12250,-0.168
12251,-0.103
12252,-0.127
12253,-0.195
12254,-0.054
12255,-0.259
12256,-0.12
12257,-0.215
12258,-0.261
12259,-0.151
12260,-0.146
12261,-0.105
12262,-0.034
12263,-0.039
12264,-0.278
12265,-0.063
12266,0.027
12267,-0.156
12268,-0.073
12269,-0.134
12270,-0.151
12271,-0.076
12272,-0.066
12273,-0.159
12274,-0.071
12275,-0.334
12276,-0.178
12277,-0.195
12278,-0.276
12279,-0.115
12280,-0.112
12281,-0.195
12282,-0.129
12283,0.112
12284,-0.095
12285,-0.11
12286,-0.029
12287,0.002
12288,-0.076
12289,-0.029
12290,-0.054
12291,-0.022
12292,0.056
12293,-0.054
12294,-0.098
12295,-0.22
12296,-0.132
12297,-0.269
12298,-0.303
12299,-0.049
12300,-0.164
12301,-0.205
12302,-0.208
12303,0.007
12304,-0.195
12305,-0.076
12306,-0.073
12307,-0.203
12308,-0.154
12309,-0.039
12310,-0.208
12311,-0.039
12312,-0.044
12313,-0.32
12314,-0.088
12315,-0.244
12316,-0.269
12317,-0.134
12318,-0.105
12319,-0.181
12320,-0.078
12321,-0.134
12322,-0.225
12323,-0.09
12324,-0.322
12325,-0.093
12326,-0.056
12327,-0.093
12328,0.015
12329,0.046
12330,-0.11
12331,-0.037
12332,0.01
12333,-0.129
12334,0.049
12335,-0.215
12336,-0.149
12337,-0.186
12338,-0.078
12339,-0.037
12340,-0.12
12341,-0.186
12342,-0.295
12343,-0.278
12344,-0.386
12345,-0.273
12346,-0.217
12347,-0.139
12348,-0.261
12349,-0.144
12350,-0.178
12351,-0.054
12352,-0.046
12353,-0.171
12354,-0.115
12355,-0.178
12356,-0.137
12357,-0.032
12358,-0.034
12359,-0.322
12360,-0.254
12361,-0.256
12362,-0.186
12363,-0.251
12364,-0.186
12365,0.0
12366,-0.164
12367,-0.063
12368,-0.029
12369,-0.081
12370,-0.178
12371,-0.012
12372,0.039
12373,-0.027
12374,-0.122
12375,-0.168
12376,-0.142
12377,-0.061
12378,0.024
12379,-0.298
12380,-0.388
12381,-0.12
12382,0.117
12383,0.032
12384,-0.154
12385,-0.254
12386,-0.037
12387,-0.186
12388,-0.259
12389,-0.259
12390,-0.308
12391,-0.151
12392,-0.151
12393,-0.127
12394,-0.156
12395,-0.249
12396,-0.024
12397,-0.005
12398,-0.139
12399,-0.344
12400,-0.115
12401,-0.022
12402,-0.181
12403,-0.286
12404,-0.181
12405,-0.002
12406,-0.159
12407,-0.029
12408,-0.037
12409,-0.042
12410,-0.142
12411,0.015
12412,-0.159
12413,-0.088
12414,-0.088
12415,-0.127
12416,-0.085
12417,-0.122
12418,-0.122
12419,-0.112
12420,-0.166
12421,-0.088
12422,-0.2
12423,-0.203
12424,-0.012
12425,-0.151
12426,-0.305
12427,-0.142
12428,-0.105
12429,-0.168
12430,-0.32
12431,-0.149
12432,-0.149
12433,-0.22
12434,-0.242
12435,-0.19
12436,-0.144
12437,-0.161
12438,-0.09
12439,-0.156
12440,-0.181
12441,-0.198
12442,-0.076
12443,0.0
12444,-0.01
12445,-0.193
12446,-0.159
12447,-0.054
12448,0.073
12449,-0.083
12450,-0.125
12451,-0.081
12452,-0.037
12453,-0.161
12454,-0.125
12455,-0.066
12456,-0.127
12457,-0.254
12458,-0.173
12459,0.168
12460,-0.01
12461,-0.254
12462,-0.149
12463,-0.283
12464,-0.276
12465,-0.093
12466,0.098
12467,-0.178
12468,-0.168
12469,-0.024
12470,-0.107
12471,-0.239
12472,-0.049
12473,-0.061
12474,-0.342
12475,-0.205
12476,-0.061
12477,-0.315
12478,-0.349
12479,0.024
12480,0.098
12481,-0.037
12482,-0.593
12483,-0.427
12484,-0.166
12485,-0.295
12486,-0.137
12487,0.176
12488,0.117
12489,0.056
12490,-0.002
12491,0.042
12492,0.005
12493,0.049
12494,-0.186
12495,0.088
12496,-0.166
12497,-0.271
12498,-0.081
12499,-0.076
12500,-0.2
12501,-0.071
12502,-0.139
12503,-0.215
12504,-0.081
12505,-0.042
12506,-0.085
12507,-0.093
12508,-0.012
12509,-0.022
12510,-0.181
12511,-0.366
12512,-0.144
12513,-0.151
12514,-0.239
12515,-0.066
12516,-0.222
12517,-0.244
12518,-0.056
12519,-0.164
12520,-0.215
12521,-0.046
12522,0.007
12523,-0.454
12524,-0.144
12525,0.037
12526,0.022
12527,-0.222
12528,0.044
12529,0.042
12530,-0.117
12531,-0.22
12532,0.059
12533,0.171
12534,0.027
12535,-0.173
12536,-0.117
12537,-0.032
12538,-0.337
12539,-0.376
12540,-0.139
12541,-0.281
12542,-0.2
12543,-0.1
12544,-0.112
12545,-0.002
12546,-0.027
12547,-0.044
12548,0.01
12549,-0.22
12550,-0.266
12551,-0.198
12552,-0.037
12553,-0.225
12554,-0.408
12555,-0.125
12556,-0.066
12557,-0.249
12558,-0.176
12559,-0.066
12560,-0.02
12561,-0.005
12562,-0.225
12563,-0.034
12564,0.073
12565,-0.024
12566,-0.029
12567,-0.078
12568,-0.088
12569,-0.085
12570,0.093
12571,0.042
12572,-0.103
12573,-0.12
12574,-0.078
12575,-0.078
12576,-0.137
12577,-0.151
12578,-0.154
12579,-0.02
12580,-0.168
12581,-0.205
12582,-0.325
12583,-0.244
12584,0.022
12585,0.083
12586,-0.122
12587,-0.266
12588,-0.076
12589,-0.269
12590,-0.093
12591,-0.01
12592,0.051
12593,-0.151
12594,-0.044
12595,-0.015
12596,-0.181
12597,-0.239
12598,0.044
12599,0.1
12600,-0.298
12601,-0.156
12602,0.012
12603,0.012
12604,-0.271
12605,-0.217
12606,-0.1
12607,-0.11
12608,-0.12
12609,-0.093
12610,0.007
12611,-0.156
12612,-0.076
12613,0.022
12614,0.11
12615,-0.11
12616,-0.269
12617,-0.3
12618,-0.193
12619,-0.315
12620,-0.237
12621,-0.283
12622,-0.276
12623,-0.149
12624,-0.107
12625,-0.088
12626,-0.149
12627,-0.327
12628,-0.049
12629,-0.083
12630,-0.232
12631,-0.144
12632,-0.176
12633,-0.12
12634,-0.093
12635,-0.215
12636,-0.076
12637,-0.171
12638,-0.01
12639,0.188
12640,0.095
12641,-0.208
12642,0.093
12643,0.032
12644,-0.078
12645,-0.237
12646,-0.134
12647,-0.085
12648,-0.117
12649,-0.188
12650,-0.059
12651,0.051
12652,0.19
12653,0.046
12654,-0.081
12655,0.081
12656,-0.281
12657,-0.183
12658,-0.112
12659,-0.061
12660,-0.269
12661,-0.21
12662,-0.315
12663,-0.066
12664,-0.083
12665,-0.139
12666,-0.115
12667,-0.144
12668,-0.132
12669,-0.154
12670,-0.164
12671,-0.305
12672,-0.161
12673,-0.212
12674,-0.149
12675,-0.015
12676,-0.078
12677,-0.156
12678,-0.115
12679,-0.078
12680,0.02
12681,-0.1
12682,-0.222
12683,-0.11
12684,0.012
12685,-0.142
12686,-0.237
12687,-0.044
12688,-0.034
12689,-0.056
12690,-0.149
12691,-0.212
12692,-0.02
12693,-0.002
12694,0.212
12695,0.032
12696,-0.122
12697,-0.125
12698,-0.002
12699,-0.054
12700,-0.027
12701,-0.422
12702,-0.254
12703,0.098
12704,-0.095
12705,-0.376
12706,-0.249
12707,-0.044
12708,-0.059
12709,0.078
12710,-0.273
12711,-0.312
12712,-0.11
12713,-0.09
12714,-0.081
12715,-0.115
12716,-0.234
12717,-0.095
12718,0.005
12719,-0.024
12720,-0.166
12721,-0.034
12722,-0.259
12723,-0.144
12724,-0.208
12725,-0.117
12726,-0.159
12727,0.088
12728,-0.093
12729,0.042
12730,-0.273
12731,-0.068
12732,0.085
12733,0.129
12734,-0.2
12735,-0.02
12736,0.024
12737,0.12
12738,-0.054
12739,-0.359
12740,-0.281
12741,-0.193
12742,-0.181
12743,-0.002
12744,0.005
12745,-0.242
12746,-0.125
12747,-0.098
12748,-0.249
12749,-0.117
12750,-0.054
12751,-0.251
12752,-0.129
12753,0.002
12754,-0.044
12755,-0.103
12756,-0.19
12757,-0.227
12758,-0.09
12759,-0.383
12760,-0.303
12761,-0.173
12762,0.005
12763,-0.12
12764,-0.173
12765,-0.076
12766,-0.366
12767,-0.168
12768,0.117
12769,0.137
12770,-0.059
12771,-0.256
12772,-0.105
12773,-0.024
12774,-0.349
12775,-0.215
12776,0.181
12777,-0.059
12778,-0.127
12779,-0.188
12780,-0.239
12781,-0.132
12782,-0.127
12783,0.032
12784,-0.22
12785,-0.371
12786,-0.315
12787,-0.061
12788,-0.115
12789,0.042
12790,0.015
12791,-0.037
12792,-0.293
12793,-0.083
12794,0.107
12795,-0.078
12796,-0.232
12797,0.107
12798,0.051
12799,-0.254
12800,-0.085
12801,0.049
12802,-0.371
12803,-0.33
12804,-0.081
12805,-0.259
12806,-0.183
12807,-0.071
12808,-0.103
12809,0.0
12810,-0.21
12811,-0.146
12812,0.012
12813,-0.071
12814,-0.002
12815,0.103
12816,-0.117
12817,-0.142
12818,0.007
12819,-0.144
12820,-0.002
12821,-0.071
12822,-0.171
12823,-0.2
12824,-0.178
12825,-0.168
12826,0.012
12827,-0.029
12828,-0.11
12829,-0.105
12830,-0.234
12831,-0.103
12832,-0.034
12833,0.015
12834,-0.281
12835,-0.11
12836,0.024
12837,-0.264
12838,-0.361
12839,0.107
12840,0.115
12841,-0.322
12842,-0.486
12843,-0.208
12844,-0.068
12845,-0.354
12846,0.227
12847,0.132
12848,-0.19
12849,-0.327
12850,-0.325
12851,0.046
12852,0.059
12853,-0.032
12854,-0.049
12855,-0.02
12856,-0.188
12857,0.076
12858,-0.1
12859,-0.059
12860,0.139
12861,-0.217
12862,-0.183
12863,-0.029
12864,-0.046
12865,-0.273
12866,-0.046
12867,-0.156
12868,-0.195
12869,-0.3
12870,-0.288
12871,-0.078
12872,-0.02
12873,-0.178
12874,-0.049
12875,0.098
12876,-0.254
12877,-0.137
12878,-0.215
12879,-0.195
12880,0.015
12881,-0.098
12882,-0.344
12883,-0.122
12884,0.032
12885,-0.19
12886,-0.239
12887,-0.156
12888,0.0
12889,-0.007
12890,0.029
12891,0.081
12892,-0.122
12893,-0.139
12894,0.0
12895,0.154
12896,-0.217
12897,-0.054
12898,-0.129
12899,-0.061
12900,-0.032
12901,-0.161
12902,-0.305
12903,-0.073
12904,-0.161
12905,-0.173
12906,-0.093
12907,-0.181
12908,-0.146
12909,-0.166
12910,-0.044
12911,-0.059
12912,-0.039
12913,-0.088
12914,-0.081
12915,0.032
12916,-0.222
12917,-0.056
12918,-0.115
12919,-0.117
12920,-0.183
12921,-0.068
12922,-0.132
12923,-0.146
12924,-0.259
12925,-0.166
12926,-0.159
12927,-0.332
12928,-0.142
12929,-0.144
12930,-0.132
12931,-0.054
12932,-0.034
12933,-0.071
12934,0.002
12935,-0.017
12936,-0.063
12937,0.09
12938,-0.054
12939,0.054
12940,-0.046
12941,0.061
12942,-0.107
12943,-0.078
12944,-0.188
12945,-0.183
12946,-0.078
12947,-0.166
12948,-0.12
12949,-0.188
12950,-0.112
12951,-0.183
12952,-0.103
12953,-0.203
12954,-0.022
12955,-0.02
12956,-0.239
12957,-0.137
12958,-0.137
12959,-0.161
12960,-0.176
12961,-0.015
12962,-0.222
12963,-0.291
12964,-0.254
12965,0.103
12966,-0.171
12967,-0.115
12968,0.022
12969,-0.193
12970,-0.044
12971,-0.007
12972,-0.059
12973,-0.012
12974,0.051
12975,0.029
12976,-0.156
12977,-0.229
12978,-0.103
12979,0.042
12980,-0.098
12981,-0.085
12982,-0.278
12983,-0.073
12984,-0.222
12985,-0.232
12986,-0.198
12987,-0.286
12988,-0.12
12989,-0.137
12990,-0.239
12991,-0.085
12992,-0.154
12993,-0.173
12994,0.11
12995,-0.051
12996,0.11
12997,-0.078
12998,-0.232
12999,-0.146
13000,-0.024
13001,-0.073
13002,-0.352
13003,-0.125
13004,-0.232
13005,-0.071
13006,-0.266
13007,-0.093
13008,-0.117
13009,-0.127
13010,-0.022
13011,-0.134
13012,-0.032
13013,-0.215
13014,0.037
13015,-0.073
13016,-0.112
13017,-0.054
13018,-0.002
13019,-0.161
13020,-0.159
13021,-0.078
13022,-0.007
13023,0.059
13024,-0.366
13025,-0.176
13026,0.027
13027,-0.071
13028,-0.046
13029,-0.007
13030,-0.044
13031,-0.027
13032,-0.044
13033,-0.11
13034,-0.01
13035,-0.229
13036,-0.046
13037,0.039
13038,-0.183
13039,-0.164
13040,-0.105
13041,-0.151
13042,-0.151
13043,-0.115
13044,-0.149
13045,-0.012
13046,-0.281
13047,-0.227
13048,-0.21
13049,-0.117
13050,-0.232
13051,-0.168
13052,-0.183
13053,-0.266
13054,-0.085
13055,-0.056
13056,-0.1
13057,-0.098
13058,-0.037
13059,-0.012
13060,0.01
13061,-0.142
13062,-0.134
13063,-0.015
13064,-0.122
13065,-0.049
13066,-0.156
13067,-0.132
13068,-0.142
13069,-0.203
13070,-0.154
13071,-0.183
13072,-0.056
13073,-0.168
13074,-0.042
13075,-0.215
13076,-0.139
13077,-0.146
13078,-0.166
13079,-0.195
13080,0.005
13081,-0.146
13082,-0.222
13083,-0.137
13084,-0.176
13085,-0.056
13086,-0.232
13087,-0.127
13088,-0.12
13089,-0.068
13090,-0.203
13091,-0.098
13092,0.005
13093,-0.061
13094,-0.11
13095,-0.237
13096,0.122
13097,-0.156
13098,-0.208
13099,-0.215
13100,-0.007
13101,-0.066
13102,-0.127
13103,-0.212
13104,-0.1
13105,-0.071
13106,-0.107
13107,-0.339
13108,-0.3
13109,-0.051
13110,-0.159
13111,-0.225
13112,-0.117
13113,-0.129
13114,0.015
13115,-0.117
13116,-0.232
13117,-0.22
13118,0.081
13119,-0.034
13120,-0.095
13121,-0.129
13122,-0.068
13123,-0.051
13124,-0.232
13125,-0.21
13126,-0.156
13127,-0.022
13128,-0.266
13129,-0.168
13130,-0.232
13131,-0.203
13132,-0.112
13133,-0.117
13134,0.007
13135,-0.085
13136,-0.171
13137,0.044
13138,0.137
13139,-0.237
13140,-0.081
13141,-0.144
13142,-0.068
13143,-0.244
13144,-0.161
13145,0.066
13146,-0.151
13147,-0.195
13148,-0.125
13149,-0.154
13150,-0.312
13151,-0.112
13152,-0.107
13153,-0.066
13154,-0.315
13155,-0.22
13156,-0.056
13157,-0.083
13158,-0.002
13159,-0.071
13160,0.09
13161,0.029
13162,0.02
13163,-0.115
13164,0.002
13165,-0.02
13166,0.061
13167,-0.066
13168,-0.247
13169,-0.01
13170,-0.173
13171,-0.181
13172,-0.146
13173,0.046
13174,-0.11
13175,-0.173
13176,-0.137
13177,-0.188
13178,-0.015
13179,-0.081
13180,-0.017
13181,-0.022
13182,-0.044
13183,-0.466
13184,0.017
13185,0.203
13186,-0.049
13187,-0.237
13188,-0.315
13189,-0.076
13190,-0.137
13191,-0.073
13192,-0.115
13193,-0.205
13194,-0.144
13195,-0.024
13196,0.005
13197,0.0
13198,-0.078
13199,-0.093
13200,-0.007
13201,-0.22
13202,-0.203
13203,-0.039
13204,-0.032
13205,-0.22
13206,-0.071
13207,-0.137
13208,-0.166
13209,0.112
13210,-0.222
13211,-0.259
13212,-0.154
13213,-0.083
13214,-0.129
13215,-0.107
13216,-0.144
13217,0.056
13218,-0.029
13219,0.056
13220,-0.144
13221,-0.022
13222,-0.081
13223,-0.063
13224,-0.061
13225,-0.334
13226,-0.19
13227,-0.12
13228,-0.195
13229,-0.283
13230,-0.203
13231,0.012
13232,0.015
13233,-0.186
13234,-0.156
13235,-0.032
13236,-0.19
13237,-0.071
13238,-0.149
13239,-0.1
13240,0.054
13241,0.068
13242,0.122
13243,-0.046
13244,-0.081
13245,-0.186
13246,-0.125
13247,-0.156
13248,-0.244
13249,-0.178
13250,-0.054
13251,-0.059
13252,-0.293
13253,-0.256
13254,-0.208
13255,-0.205
13256,-0.112
13257,-0.037
13258,-0.171
13259,-0.132
13260,0.042
13261,0.005
13262,-0.081
13263,-0.107
13264,-0.076
13265,-0.049
13266,-0.034
13267,-0.183
13268,-0.034
13269,-0.095
13270,-0.168
13271,-0.215
13272,-0.117
13273,-0.054
13274,-0.176
13275,-0.046
13276,-0.093
13277,-0.1
13278,-0.137
13279,0.015
13280,0.063
13281,-0.049
13282,-0.178
13283,-0.024
13284,0.103
13285,-0.103
13286,-0.129
13287,-0.178
13288,-0.044
13289,-0.259
13290,-0.056
13291,-0.215
13292,-0.142
13293,-0.105
13294,-0.21
13295,-0.149
13296,-0.137
13297,-0.076
13298,-0.061
13299,0.061
13300,-0.227
13301,-0.022
13302,-0.095
13303,-0.12
13304,-0.276
13305,-0.222
13306,-0.164
13307,-0.034
13308,-0.205
13309,-0.234
13310,-0.144
13311,-0.21
13312,-0.085
13313,-0.11
13314,-0.237
13315,-0.217
13316,-0.059
13317,-0.005
13318,-0.11
13319,-0.007
13320,-0.134
13321,-0.034
13322,-0.076
13323,0.071
13324,-0.044
13325,-0.088
13326,-0.164
13327,-0.168
13328,-0.171
13329,-0.291
13330,-0.188
13331,-0.239
13332,-0.247
13333,-0.266
13334,-0.068
13335,-0.076
13336,-0.076
13337,-0.081
13338,-0.01
13339,-0.02
13340,-0.144
13341,-0.076
13342,-0.056
13343,0.02
13344,-0.059
13345,-0.107
13346,-0.073
13347,-0.024
13348,-0.042
13349,-0.112
13350,0.039
13351,-0.137
13352,-0.034
13353,-0.264
13354,-0.227
13355,-0.117
13356,-0.19
13357,-0.188
13358,-0.051
13359,-0.002
13360,-0.063
13361,-0.046
13362,-0.061
13363,0.027
13364,-0.107
13365,-0.071
13366,-0.078
13367,-0.266
13368,-0.205
13369,0.076
13370,-0.251
13371,-0.264
13372,0.063
13373,-0.02
13374,-0.371
13375,-0.203
13376,-0.01
13377,-0.061
13378,-0.234
13379,-0.098
13380,0.071
13381,-0.007
13382,-0.288
13383,0.112
13384,0.159
13385,-0.027
13386,-0.112
13387,0.02
13388,-0.007
13389,-0.142
13390,-0.212
13391,-0.066
13392,-0.129
13393,-0.281
13394,-0.261
13395,-0.095
13396,-0.112
13397,-0.339
13398,0.012
13399,0.171
13400,-0.195
13401,-0.139
13402,-0.085
13403,0.059
13404,-0.068
13405,-0.005
13406,-0.161
13407,0.015
13408,-0.139
13409,-0.164
13410,-0.181
13411,-0.308
13412,-0.149
13413,-0.149
13414,-0.288
13415,-0.352
13416,-0.188
13417,-0.107
13418,0.015
13419,-0.12
13420,-0.166
13421,0.054
13422,0.09
13423,0.037
13424,0.063
13425,0.002
13426,-0.132
13427,-0.024
13428,-0.134
13429,-0.105
13430,0.017
13431,-0.181
13432,-0.269
13433,-0.168
13434,-0.269
13435,-0.195
13436,0.029
13437,-0.205
13438,-0.217
13439,-0.11
13440,0.005
13441,-0.017
13442,-0.2
13443,-0.054
13444,-0.183
13445,-0.134
13446,-0.195
13447,-0.151
13448,-0.215
13449,0.01
13450,-0.02
13451,-0.183
13452,-0.115
13453,-0.078
13454,-0.173
13455,-0.251
13456,-0.137
13457,-0.193
13458,-0.186
13459,-0.142
13460,-0.002
13461,-0.137
13462,-0.054
13463,0.129
13464,0.098
13465,-0.088
13466,-0.066
13467,0.056
13468,-0.212
13469,-0.176
13470,-0.139
13471,-0.134
13472,-0.107
13473,-0.044
13474,-0.1
13475,-0.161
13476,-0.142
13477,-0.12
13478,0.066
13479,-0.071
13480,-0.129
13481,-0.186
13482,0.012
13483,-0.232
13484,-0.095
13485,-0.061
13486,-0.2
13487,-0.107
13488,-0.195
13489,-0.024
13490,-0.037
13491,-0.071
13492,-0.195
13493,-0.139
13494,-0.21
13495,-0.327
13496,-0.291
13497,-0.125
13498,0.083
13499,-0.115
13500,0.024
13501,-0.166
13502,-0.051
13503,0.007
13504,0.046
13505,-0.188
13506,-0.161
13507,0.085
13508,-0.171
13509,-0.146
13510,-0.154
13511,-0.056
13512,-0.149
13513,0.146
13514,-0.088
13515,-0.073
13516,-0.144
13517,-0.081
13518,-0.11
13519,-0.232
13520,-0.146
13521,-0.078
13522,-0.164
13523,-0.361
13524,-0.122
13525,-0.056
13526,-0.156
13527,-0.229
13528,-0.203
13529,0.029
13530,-0.142
13531,-0.032
13532,-0.081
13533,-0.078
13534,-0.225
13535,-0.007
13536,-0.042
13537,-0.051
13538,-0.059
13539,-0.132
13540,-0.017
13541,-0.183
13542,0.212
13543,0.122
13544,0.12
13545,-0.078
13546,0.01
13547,-0.049
13548,0.085
13549,-0.044
13550,-0.11
13551,-0.1
13552,-0.276
13553,-0.229
13554,-0.356
13555,-0.115
13556,0.042
13557,-0.059
13558,-0.298
13559,-0.173
13560,-0.103
13561,-0.398
13562,-0.083
13563,-0.085
13564,-0.046
13565,-0.43
13566,-0.251
13567,0.078
13568,-0.186
13569,-0.303
13570,-0.076
13571,0.186
13572,-0.068
13573,-0.078
13574,-0.386
13575,0.032
13576,0.005
13577,-0.229
13578,-0.11
13579,-0.078
13580,-0.178
13581,0.11
13582,0.049
13583,-0.312
13584,-0.139
13585,-0.112
13586,-0.01
13587,-0.146
13588,-0.339
13589,-0.156
13590,0.105
13591,-0.037
13592,-0.195
13593,0.046
13594,-0.229
13595,0.034
13596,0.044
13597,-0.088
13598,-0.156
13599,-0.022
13600,0.0
13601,-0.188
13602,-0.171
13603,-0.212
13604,-0.085
13605,-0.254
13606,-0.029
13607,-0.085
13608,-0.264
13609,-0.198
13610,-0.054
13611,-0.059
13612,-0.161
13613,-0.139
13614,-0.251
13615,-0.027
13616,-0.176
13617,-0.01
13618,-0.171
13619,-0.249
13620,-0.044
13621,0.195
13622,0.115
13623,-0.234
13624,-0.142
13625,-0.181
13626,0.051
13627,-0.132
13628,-0.139
13629,-0.049
13630,-0.063
13631,-0.193
13632,-0.098
13633,-0.149
13634,-0.068
13635,-0.002
13636,-0.378
13637,-0.066
13638,0.061
13639,-0.208
13640,-0.188
13641,0.027
13642,0.063
13643,-0.022
13644,-0.032
13645,-0.034
13646,0.176
13647,-0.142
13648,-0.168
13649,-0.208
13650,-0.293
13651,-0.239
13652,-0.081
13653,-0.149
13654,-0.354
13655,-0.159
13656,-0.247
13657,-0.024
13658,-0.198
13659,-0.234
13660,0.095
13661,0.107
13662,-0.129
13663,0.061
13664,0.195
13665,-0.063
13666,-0.315
13667,-0.034
13668,0.134
13669,0.234
13670,-0.049
13671,-0.332
13672,0.017
13673,-0.339
13674,-0.251
13675,0.0
13676,-0.217
13677,-0.054
13678,-0.037
13679,-0.186
13680,-0.078
13681,-0.024
13682,-0.505
13683,-0.193
13684,0.044
13685,0.063
13686,-0.149
13687,-0.129
13688,-0.044
13689,0.071
13690,-0.049
13691,-0.105
13692,0.027
13693,-0.264
13694,-0.269
13695,-0.21
13696,-0.225
13697,-0.269
13698,-0.095
13699,-0.02
13700,-0.049
13701,-0.005
13702,-0.234
13703,0.061
13704,-0.049
13705,-0.186
13706,-0.059
13707,0.024
13708,-0.117
13709,-0.212
13710,-0.085
13711,-0.134
13712,0.066
13713,0.002
13714,0.115
13715,-0.237
13716,-0.227
13717,-0.068
13718,-0.227
13719,-0.293
13720,-0.132
13721,0.078
13722,-0.166
13723,-0.166
13724,-0.166
13725,-0.051
13726,-0.054
13727,-0.237
13728,-0.247
13729,-0.129
13730,-0.151
13731,-0.444
13732,-0.205
13733,-0.198
13734,-0.144
13735,-0.193
13736,-0.266
13737,-0.176
13738,0.024
13739,0.234
13740,-0.342
13741,-0.293
13742,0.144
13743,-0.076
13744,-0.449
13745,0.186
13746,0.449
13747,-0.332
13748,-0.21
13749,-0.073
13750,-0.215
13751,-0.193
13752,-0.088
13753,-0.107
13754,-0.095
13755,-0.381
13756,0.178
13757,-0.056
13758,-0.476
13759,0.042
13760,0.063
13761,-0.332
13762,-0.32
13763,-0.127
13764,-0.381
13765,-0.083
13766,-0.12
13767,-0.027
13768,-0.032
13769,-0.1
13770,-0.007
13771,-0.049
13772,-0.208
13773,-0.383
13774,-0.032
13775,-0.374
13776,-0.11
13777,-0.225
13778,-0.251
13779,-0.105
13780,-0.051
13781,-0.105
13782,-0.073
13783,-0.156
13784,0.01
13785,0.168
13786,-0.166
13787,-0.112
13788,0.103
13789,0.02
13790,-0.115
13791,-0.203
13792,-0.059
13793,-0.234
13794,-0.19
13795,-0.31
13796,0.015
13797,-0.325
13798,-0.051
13799,-0.186
13800,-0.208
13801,-0.088
13802,-0.334
13803,-0.305
13804,0.039
13805,-0.105
13806,-0.317
13807,0.002
13808,-0.146
13809,0.051
13810,-0.146
13811,-0.195
13812,-0.117
13813,-0.181
13814,-0.081
13815,-0.256
13816,-0.261
13817,-0.212
13818,-0.068
13819,-0.249
13820,-0.032
13821,-0.105
13822,-0.374
13823,-0.007
13824,0.042
13825,0.017
13826,-0.146
13827,-0.068
13828,-0.049
13829,0.125
13830,-0.146
13831,-0.024
13832,-0.078
13833,-0.288
13834,-0.046
13835,-0.178
13836,-0.249
13837,-0.193
13838,-0.015
13839,-0.41
13840,-0.071
13841,-0.122
13842,-0.142
13843,-0.225
13844,0.071
13845,0.215
13846,-0.22
13847,-0.259
13848,-0.029
13849,0.146
13850,-0.33
13851,-0.237
13852,0.103
13853,0.017
13854,-0.391
13855,-0.359
13856,0.115
13857,-0.144
13858,-0.391
13859,-0.376
13860,0.098
13861,-0.125
13862,-0.203
13863,-0.129
13864,-0.215
13865,-0.242
13866,-0.11
13867,-0.159
13868,-0.237
13869,-0.049
13870,0.044
13871,-0.144
13872,-0.103
13873,-0.188
13874,-0.112
13875,-0.103
13876,-0.095
13877,-0.166
13878,-0.034
13879,-0.222
13880,-0.032
13881,-0.12
13882,-0.081
13883,-0.154
13884,0.046
13885,0.017
13886,-0.127
13887,0.005
13888,-0.188
13889,-0.181
13890,-0.205
13891,-0.042
13892,-0.247
13893,-0.249
13894,-0.188
13895,0.0
13896,-0.193
13897,-0.288
13898,-0.032
13899,-0.232
13900,-0.339
13901,-0.178
13902,0.044
13903,-0.283
13904,-0.066
13905,-0.044
13906,0.01
13907,-0.115
13908,-0.144
13909,-0.039
13910,-0.061
13911,-0.002
13912,-0.161
13913,-0.005
13914,-0.159
13915,0.049
13916,-0.129
13917,-0.115
13918,-0.159
13919,-0.085
13920,-0.132
13921,-0.254
13922,-0.002
13923,-0.251
13924,-0.051
13925,-0.11
13926,-0.151
13927,-0.168
13928,-0.2
13929,-0.068
13930,0.044
13931,-0.051
13932,-0.205
13933,-0.12
13934,-0.088
13935,-0.066
13936,-0.12
13937,-0.054
13938,-0.344
13939,-0.151
13940,-0.1
13941,-0.264
13942,-0.317
13943,-0.09
13944,0.0
13945,-0.166
13946,-0.068
13947,-0.015
13948,-0.081
13949,-0.173
13950,0.002
13951,0.164
13952,-0.115
13953,-0.024
13954,0.146
13955,-0.063
13956,-0.146
13957,-0.051
13958,-0.1
13959,-0.264
13960,-0.227
13961,-0.088
13962,-0.127
13963,-0.266
13964,-0.11
13965,-0.22
13966,-0.042
13967,-0.12
13968,-0.068
13969,-0.083
13970,-0.159
13971,-0.247
13972,-0.198
13973,0.186
13974,0.012
13975,-0.129
13976,-0.22
13977,-0.103
13978,-0.198
13979,-0.286
13980,-0.098
13981,-0.308
13982,-0.273
13983,-0.254
13984,-0.076
13985,-0.112
13986,-0.061
13987,-0.105
13988,0.022
13989,0.02
13990,0.0
13991,0.071
13992,0.161
13993,0.171
13994,-0.142
13995,-0.09
13996,-0.02
13997,0.005
13998,-0.176
13999,-0.217
14000,-0.017
14001,-0.132
14002,-0.388
14003,-0.11
14004,0.054
14005,-0.378
14006,-0.303
14007,0.137
14008,0.024
14009,-0.237
14010,-0.41
14011,-0.166
14012,-0.051
14013,-0.078
14014,-0.134
14015,0.081
14016,-0.012
14017,-0.037
14018,-0.105
14019,0.066
14020,-0.212
14021,-0.11
14022,-0.205
14023,-0.151
14024,0.037
14025,-0.115
14026,-0.271
14027,-0.1
14028,-0.142
14029,-0.1
14030,0.051
14031,-0.09
14032,-0.176
14033,-0.127
14034,-0.178
14035,-0.083
14036,-0.112
14037,0.029
14038,-0.083
14039,-0.173
14040,-0.19
14041,0.042
14042,-0.122
14043,-0.107
14044,0.049
14045,-0.015
14046,-0.034
14047,-0.066
14048,-0.073
14049,0.002
14050,-0.339
14051,-0.161
14052,0.027
14053,-0.251
14054,-0.334
14055,-0.051
14056,-0.193
14057,-0.164
14058,-0.3
14059,-0.078
14060,-0.151
14061,-0.2
14062,-0.093
14063,0.095
14064,-0.298
14065,-0.127
14066,-0.022
14067,-0.146
14068,-0.237
14069,0.154
14070,0.042
14071,-0.015
14072,0.059
14073,-0.217
14074,0.056
14075,0.068
14076,-0.166
14077,-0.132
14078,-0.21
14079,-0.159
14080,-0.142
14081,0.107
14082,-0.015
14083,0.066
14084,-0.237
14085,0.027
14086,0.063
14087,-0.276
14088,-0.254
14089,0.042
14090,-0.005
14091,-0.132
14092,-0.039
14093,-0.354
14094,-0.159
14095,-0.029
14096,-0.212
14097,-0.166
14098,-0.215
14099,-0.078
14100,-0.12
14101,-0.093
14102,-0.293
14103,-0.176
14104,-0.181
14105,-0.217
14106,-0.188
14107,-0.142
14108,-0.022
14109,-0.076
14110,0.044
14111,-0.037
14112,0.132
14113,-0.171
14114,-0.005
14115,-0.193
14116,-0.093
14117,-0.181
14118,-0.068
14119,0.034
14120,-0.083
14121,-0.015
14122,-0.1
14123,0.022
14124,-0.327
14125,-0.088
14126,-0.022
14127,-0.161
14128,0.071
14129,-0.034
14130,-0.237
14131,-0.322
14132,0.056
14133,-0.269
14134,-0.107
14135,-0.129
14136,-0.132
14137,-0.2
14138,-0.098
14139,0.056
14140,-0.269
14141,-0.391
14142,-0.083
14143,0.144
14144,-0.225
14145,-0.269
14146,-0.105
14147,0.022
14148,0.085
14149,-0.032
14150,-0.088
14151,-0.056
14152,0.022
14153,-0.183
14154,-0.088
14155,-0.227
14156,-0.059
14157,-0.229
14158,-0.09
14159,-0.149
14160,-0.22
14161,-0.227
14162,-0.078
14163,-0.068
14164,-0.244
14165,-0.1
14166,-0.251
14167,-0.061
14168,-0.181
14169,-0.234
14170,-0.198
14171,-0.103
14172,-0.068
14173,-0.261
14174,-0.154
14175,-0.266
14176,-0.212
14177,-0.264
14178,-0.11
14179,-0.215
14180,-0.178
14181,-0.244
14182,-0.144
14183,-0.166
14184,-0.239
14185,-0.176
14186,-0.098
14187,-0.195
14188,-0.085
14189,0.076
14190,-0.139
14191,-0.168
14192,-0.046
14193,-0.095
14194,0.107
14195,-0.127
14196,0.044
14197,-0.139
14198,-0.198
14199,0.027
14200,0.049
14201,-0.251
14202,-0.244
14203,0.012
14204,-0.112
14205,-0.32
14206,-0.269
14207,-0.159
14208,-0.261
14209,-0.171
14210,-0.042
14211,-0.034
14212,-0.054
14213,-0.222
14214,0.076
14215,0.195
14216,0.088
14217,-0.271
14218,-0.212
14219,-0.149
14220,0.125
14221,-0.112
14222,-0.283
14223,-0.229
14224,-0.078
14225,0.02
14226,-0.117
14227,0.068
14228,-0.015
14229,-0.083
14230,-0.178
14231,-0.242
14232,-0.249
14233,0.159
14234,0.029
14235,-0.393
14236,-0.098
14237,-0.125
14238,-0.1
14239,-0.068
14240,-0.007
14241,-0.166
14242,-0.095
14243,-0.144
14244,-0.195
14245,-0.242
14246,-0.159
14247,0.039
14248,-0.125
14249,-0.303
14250,-0.127
14251,-0.176
14252,-0.459
14253,-0.181
14254,-0.005
14255,-0.217
14256,-0.112
14257,-0.186
14258,-0.02
14259,-0.115
14260,-0.264
14261,0.098
14262,0.024
14263,-0.237
14264,-0.156
14265,0.081
14266,0.027
14267,-0.361
14268,-0.042
14269,0.046
14270,-0.186
14271,-0.103
14272,0.042
14273,0.007
14274,-0.095
14275,0.012
14276,0.212
14277,-0.046
14278,-0.259
14279,0.039
14280,-0.066
14281,-0.176
14282,-0.098
14283,-0.181
14284,-0.151
14285,-0.088
14286,-0.22
14287,-0.173
14288,-0.281
14289,-0.31
14290,-0.071
14291,-0.068
14292,-0.332
14293,-0.176
14294,-0.078
14295,-0.247
14296,-0.164
14297,-0.127
14298,-0.31
14299,-0.156
14300,-0.002
14301,-0.256
14302,-0.239
14303,-0.22
14304,-0.117
14305,-0.051
14306,-0.127
14307,0.024
14308,-0.024
14309,-0.11
14310,0.068
14311,0.061
14312,-0.132
14313,-0.125
14314,-0.144
14315,0.012
14316,-0.012
14317,-0.283
14318,-0.049
14319,-0.098
14320,-0.134
14321,-0.103
14322,-0.176
14323,-0.31
14324,-0.259
14325,-0.203
14326,-0.312
14327,-0.21
14328,-0.256
14329,-0.105
14330,-0.178
14331,-0.413
14332,-0.229
14333,0.056
14334,-0.239
14335,-0.22
14336,-0.005
14337,-0.12
14338,-0.066
14339,-0.061
14340,0.0
14341,-0.002
14342,-0.09
14343,-0.156
14344,-0.09
14345,-0.056
14346,-0.078
14347,0.042
14348,-0.059
14349,-0.002
14350,-0.237
14351,-0.068
14352,0.081
14353,-0.002
14354,-0.212
14355,-0.173
14356,-0.02
14357,-0.071
14358,-0.015
14359,-0.242
14360,-0.049
14361,0.034
14362,-0.017
14363,-0.149
14364,0.024
14365,-0.017
14366,-0.132
14367,-0.215
14368,-0.105
14369,-0.083
14370,-0.237
14371,-0.142
14372,-0.032
14373,-0.2
14374,-0.212
14375,-0.022
14376,-0.012
14377,-0.166
14378,-0.129
14379,-0.066
14380,-0.029
14381,-0.132
14382,-0.037
14383,-0.063
14384,-0.112
14385,-0.181
14386,-0.046
14387,0.046
14388,-0.159
14389,-0.032
14390,-0.051
14391,-0.073
14392,-0.071
14393,-0.027
14394,-0.115
14395,-0.234
14396,-0.159
14397,-0.098
14398,-0.171
14399,-0.237
14400,-0.149
14401,-0.1
14402,-0.208
14403,-0.203
14404,-0.151
14405,-0.054
14406,-0.151
14407,-0.11
14408,0.046
14409,-0.01
14410,-0.22
14411,-0.085
14412,0.0
14413,-0.005
14414,-0.098
14415,-0.068
14416,-0.095
14417,0.024
14418,-0.044
14419,-0.1
14420,-0.098
14421,-0.195
14422,-0.244
14423,-0.142
14424,-0.09
14425,-0.032
14426,-0.164
14427,-0.222
14428,-0.032
14429,-0.076
14430,-0.237
14431,-0.039
14432,-0.068
14433,-0.181
14434,-0.151
14435,-0.09
14436,0.066
14437,0.056
14438,-0.049
14439,0.085
14440,0.066
14441,-0.173
14442,-0.122
14443,0.051
14444,-0.154
14445,-0.188
14446,-0.125
14447,-0.305
14448,-0.261
14449,-0.098
14450,-0.149
14451,-0.02
14452,-0.161
14453,-0.073
14454,-0.044
14455,-0.049
14456,-0.056
14457,-0.012
14458,-0.254
14459,-0.132
14460,0.051
14461,-0.11
14462,-0.247
14463,-0.103
14464,-0.132
14465,-0.322
14466,-0.168
14467,-0.115
14468,-0.117
14469,-0.159
14470,-0.188
14471,-0.039
14472,-0.1
14473,-0.149
14474,-0.154
14475,-0.024
14476,-0.11
14477,-0.105
14478,-0.134
14479,-0.132
14480,-0.083
14481,-0.193
14482,-0.132
14483,-0.078
14484,-0.129
14485,-0.259
14486,-0.073
14487,-0.029
14488,-0.193
14489,-0.2
14490,-0.188
14491,-0.154
14492,-0.088
14493,-0.046
14494,-0.117
14495,-0.098
14496,-0.183
14497,-0.166
14498,-0.203
14499,-0.117
14500,-0.066
14501,-0.027
14502,-0.183
14503,-0.068
14504,-0.081
14505,-0.178
14506,-0.198
14507,-0.095
14508,-0.19
14509,-0.239
14510,-0.22
14511,-0.098
14512,-0.09
14513,-0.21
14514,-0.178
14515,-0.12
14516,-0.183
14517,-0.21
14518,-0.144
14519,-0.095
14520,-0.159
14521,-0.088
14522,0.059
14523,-0.11
14524,-0.029
14525,-0.09
14526,-0.071
14527,-0.125
14528,-0.037
14529,-0.247
14530,-0.117
14531,0.076
14532,0.122
14533,-0.161
14534,-0.146
14535,-0.217
14536,-0.134
14537,-0.19
14538,-0.205
14539,-0.149
14540,0.032
14541,-0.134
14542,-0.115
14543,-0.166
14544,-0.193
14545,-0.173
14546,-0.054
14547,-0.002
14548,-0.305
14549,-0.208
14550,-0.283
14551,-0.173
14552,0.051
14553,-0.215
14554,-0.137
14555,-0.127
14556,-0.2
14557,-0.144
14558,0.029
14559,0.105
14560,-0.156
14561,-0.173
14562,-0.071
14563,0.046
14564,-0.144
14565,-0.142
14566,0.022
14567,-0.02
14568,-0.156
14569,-0.2
14570,-0.173
14571,0.063
14572,0.005
14573,-0.176
14574,-0.103
14575,-0.103
14576,-0.159
14577,-0.066
14578,-0.061
14579,-0.081
14580,-0.12
14581,-0.12
14582,-0.188
14583,-0.168
14584,-0.298
14585,-0.093
14586,-0.129
14587,-0.295
14588,-0.366
14589,-0.171
14590,-0.073
14591,-0.195
14592,-0.237
14593,-0.051
14594,-0.222
14595,-0.142
14596,-0.085
14597,-0.154
14598,-0.178
14599,0.034
14600,-0.017
14601,-0.09
14602,-0.225
14603,-0.012
14604,-0.103
14605,-0.227
14606,-0.164
14607,-0.002
14608,-0.115
14609,-0.176
14610,-0.083
14611,0.037
14612,0.042
14613,-0.105
14614,-0.103
14615,0.098
14616,-0.056
14617,-0.11
14618,-0.156
14619,-0.168
14620,-0.156
14621,-0.171
14622,-0.156
14623,0.054
14624,-0.21
14625,-0.281
14626,-0.137
14627,-0.129
14628,-0.034
14629,-0.134
14630,-0.205
14631,-0.178
14632,-0.239
14633,-0.2
14634,-0.093
14635,-0.093
14636,-0.183
14637,-0.056
14638,-0.068
14639,-0.059
14640,-0.134
14641,-0.115
14642,0.042
14643,0.21
14644,-0.156
14645,-0.198
14646,-0.044
14647,-0.112
14648,-0.12
14649,-0.122
14650,-0.205
14651,-0.051
14652,-0.154
14653,-0.259
14654,-0.181
14655,-0.195
14656,-0.107
14657,0.088
14658,-0.085
14659,-0.156
14660,-0.146
14661,0.037
14662,0.066
14663,0.002
14664,-0.151
14665,-0.19
14666,-0.156
14667,-0.137
14668,-0.149
14669,-0.127
14670,-0.237
14671,-0.107
14672,-0.164
14673,-0.237
14674,-0.188
14675,-0.117
14676,0.002
14677,0.122
14678,-0.156
14679,-0.286
14680,-0.054
14681,0.134
14682,0.073
14683,-0.195
14684,-0.166
14685,0.076
14686,0.01
14687,-0.188
14688,-0.195
14689,-0.056
14690,-0.11
14691,-0.125
14692,-0.059
14693,-0.222
14694,-0.239
14695,-0.154
14696,-0.056
14697,-0.12
14698,-0.12
14699,-0.168
14700,-0.156
14701,-0.117
14702,-0.081
14703,-0.049
14704,-0.217
14705,-0.046
14706,0.012
14707,-0.203
14708,-0.159
14709,-0.039
14710,-0.339
14711,-0.212
14712,-0.085
14713,-0.09
14714,0.032
14715,-0.066
14716,-0.168
14717,-0.039
14718,-0.137
14719,-0.208
14720,0.042
14721,0.002
14722,-0.083
14723,0.076
14724,-0.215
14725,-0.088
14726,-0.076
14727,-0.039
14728,0.049
14729,-0.112
14730,-0.31
14731,-0.042
14732,-0.098
14733,0.029
14734,0.132
14735,-0.12
14736,-0.222
14737,-0.063
14738,0.051
14739,0.059
14740,0.054
14741,-0.159
14742,0.073
14743,0.005
14744,-0.247
14745,-0.168
14746,-0.19
14747,-0.342
14748,-0.251
14749,-0.11
14750,-0.256
14751,-0.142
14752,-0.09
14753,-0.039
14754,-0.115
14755,-0.176
14756,-0.095
14757,-0.034
14758,0.129
14759,0.083
14760,0.068
14761,-0.168
14762,0.083
14763,0.049
14764,-0.178
14765,-0.12
14766,-0.1
14767,-0.12
14768,-0.01
14769,-0.098
14770,-0.271
14771,-0.178
14772,0.002
14773,-0.046
14774,-0.264
14775,-0.315
14776,-0.193
14777,-0.051
14778,-0.02
14779,-0.342
14780,-0.076
14781,0.137
14782,0.039
14783,-0.149
14784,-0.073
14785,-0.417
14786,-0.171
14787,-0.054
14788,-0.093
14789,-0.315
14790,-0.334
14791,-0.127
14792,-0.11
14793,-0.166
14794,-0.203
14795,0.154
14796,0.11
14797,-0.149
14798,-0.129
14799,-0.178
14800,-0.098
14801,0.049
14802,0.022
14803,-0.33
14804,0.063
14805,0.017
14806,0.137
14807,-0.098
14808,-0.044
14809,0.093
14810,-0.107
14811,-0.33
14812,-0.166
14813,-0.139
14814,-0.129
14815,-0.044
14816,-0.012
14817,-0.027
14818,-0.127
14819,-0.073
14820,0.244
14821,-0.12
14822,-0.215
14823,-0.044
14824,-0.088
14825,0.022
14826,0.002
14827,0.022
14828,-0.151
14829,-0.022
14830,-0.396
14831,-0.063
14832,-0.129
14833,-0.193
14834,-0.11
14835,-0.215
14836,-0.11
14837,-0.095
14838,-0.122
14839,0.09
14840,0.029
14841,-0.159
14842,-0.129
14843,0.022
14844,-0.09
14845,-0.239
14846,-0.022
14847,0.027
14848,-0.3
14849,-0.09
14850,-0.029
14851,-0.132
14852,-0.239
14853,-0.09
14854,-0.159
14855,-0.051
14856,-0.322
14857,-0.203
14858,-0.044
14859,-0.073
14860,-0.337
14861,-0.051
14862,0.022
14863,-0.19
14864,-0.217
14865,-0.029
14866,-0.264
14867,-0.142
14868,0.005
14869,-0.249
14870,-0.271
14871,-0.164
14872,-0.125
14873,0.063
14874,-0.21
14875,-0.344
14876,0.015
14877,0.068
14878,-0.1
14879,0.012
14880,-0.483
14881,-0.437
14882,-0.032
14883,0.012
14884,-0.205
14885,-0.09
14886,0.168
14887,-0.022
14888,-0.293
14889,-0.21
14890,0.095
14891,-0.171
14892,-0.146
14893,0.166
14894,-0.134
14895,-0.381
14896,0.015
14897,0.034
14898,-0.183
14899,-0.103
14900,0.024
14901,0.103
14902,-0.093
14903,-0.078
14904,-0.078
14905,-0.015
14906,0.049
14907,-0.161
14908,-0.103
14909,-0.21
14910,-0.024
14911,-0.2
14912,-0.283
14913,-0.352
14914,-0.071
14915,-0.229
14916,-0.317
14917,-0.063
14918,-0.02
14919,-0.068
14920,-0.071
14921,0.056
14922,-0.188
14923,-0.071
14924,0.103
14925,-0.017
14926,-0.159
14927,-0.19
14928,-0.286
14929,-0.029
14930,0.024
14931,-0.364
14932,-0.215
14933,-0.293
14934,-0.254
14935,-0.178
14936,-0.232
14937,-0.229
14938,-0.237
14939,-0.039
14940,-0.063
14941,-0.098
14942,-0.129
14943,-0.093
14944,-0.061
14945,0.11
14946,-0.002
14947,-0.203
14948,-0.183
14949,-0.161
14950,-0.12
14951,-0.227
14952,-0.256
14953,-0.364
14954,-0.032
14955,-0.176
14956,-0.288
14957,-0.215
14958,-0.166
14959,-0.161
14960,-0.002
14961,-0.112
14962,-0.022
14963,0.054
14964,-0.081
14965,0.02
14966,-0.088
14967,-0.291
14968,-0.146
14969,-0.139
14970,-0.176
14971,-0.234
14972,-0.1
14973,-0.007
14974,-0.049
14975,-0.251
14976,-0.32
14977,-0.078
14978,-0.117
14979,-0.149
14980,-0.151
14981,0.0
14982,-0.002
14983,-0.178
14984,-0.247
14985,0.071
14986,-0.032
14987,-0.239
14988,-0.022
14989,0.054
14990,-0.127
14991,-0.286
14992,-0.186
14993,-0.125
14994,-0.056
14995,-0.09
14996,-0.149
14997,-0.205
14998,-0.32
14999,-0.225
15000,-0.183
15001,-0.051
15002,-0.098
15003,-0.244
15004,-0.203
15005,0.027
15006,-0.039
15007,-0.159
15008,0.015
15009,0.049
15010,-0.042
15011,-0.117
15012,-0.122
15013,-0.22
15014,-0.181
15015,-0.156
15016,-0.095
15017,-0.054
15018,-0.222
15019,-0.171
15020,-0.193
15021,-0.222
15022,0.015
15023,-0.039
15024,-0.112
15025,0.066
15026,-0.024
15027,-0.068
15028,-0.166
15029,-0.251
15030,-0.061
15031,-0.105
15032,-0.344
15033,-0.149
15034,-0.186
15035,-0.449
15036,-0.032
15037,-0.046
15038,-0.159
15039,-0.132
15040,-0.063
15041,-0.095
15042,-0.212
15043,-0.132
15044,0.166
15045,-0.107
15046,-0.232
15047,-0.015
15048,-0.066
15049,-0.156
15050,-0.281
15051,-0.061
15052,-0.103
15053,-0.186
15054,-0.198
15055,-0.081
15056,-0.134
15057,-0.093
15058,-0.144
15059,-0.195
15060,-0.188
15061,-0.271
15062,-0.212
15063,0.039
15064,0.073
15065,-0.098
15066,-0.273
15067,-0.076
15068,-0.029
15069,-0.12
15070,-0.19
15071,-0.176
15072,-0.198
15073,-0.081
15074,-0.227
15075,-0.044
15076,-0.1
15077,-0.156
15078,-0.259
15079,-0.093
15080,-0.088
15081,-0.105
15082,-0.132
15083,-0.044
15084,-0.063
15085,0.024
15086,-0.051
15087,-0.017
15088,-0.208
15089,-0.374
15090,-0.281
15091,-0.1
15092,-0.024
15093,-0.032
15094,-0.098
15095,-0.066
15096,-0.312
15097,-0.364
15098,-0.081
15099,0.151
15100,-0.085
15101,-0.205
15102,-0.229
15103,-0.088
15104,-0.122
15105,-0.151
15106,0.017
15107,0.056
15108,-0.115
15109,-0.21
15110,-0.117
15111,-0.237
15112,-0.208
15113,-0.203
15114,-0.081
15115,-0.027
15116,-0.161
15117,-0.234
15118,-0.156
15119,-0.173
15120,0.066
15121,0.037
15122,-0.029
15123,-0.059
15124,-0.127
15125,-0.112
15126,0.044
15127,0.01
15128,0.01
15129,-0.039
15130,-0.112
15131,-0.271
15132,-0.254
15133,-0.115
15134,-0.073
15135,-0.127
15136,-0.188
15137,-0.034
15138,-0.093
15139,-0.22
15140,-0.2
15141,-0.078
15142,-0.007
15143,-0.093
15144,-0.288
15145,-0.125
15146,-0.088
15147,-0.2
15148,-0.164
15149,-0.088
15150,-0.295
15151,-0.237
15152,-0.198
15153,-0.088
15154,-0.271
15155,-0.256
15156,-0.039
15157,0.01
15158,-0.049
15159,-0.107
15160,-0.049
15161,-0.056
15162,-0.02
15163,0.042
15164,0.024
15165,-0.056
15166,-0.044
15167,-0.068
15168,-0.037
15169,-0.061
15170,-0.156
15171,-0.01
15172,0.01
15173,-0.083
15174,-0.261
15175,-0.325
15176,-0.127
15177,-0.032
15178,-0.1
15179,-0.22
15180,-0.054
15181,-0.271
15182,-0.19
15183,-0.195
15184,-0.068
15185,-0.081
15186,-0.154
15187,-0.144
15188,-0.054
15189,-0.183
15190,-0.073
15191,0.049
15192,-0.186
15193,-0.5
15194,-0.193
15195,-0.159
15196,-0.11
15197,-0.151
15198,-0.308
15199,-0.283
15200,-0.037
15201,-0.149
15202,-0.2
15203,-0.01
15204,0.027
15205,-0.081
15206,-0.122
15207,0.093
15208,-0.117
15209,-0.105
15210,0.0
15211,-0.159
15212,-0.168
15213,-0.134
15214,-0.139
15215,-0.278
15216,-0.171
15217,-0.063
15218,-0.195
15219,-0.178
15220,-0.159
15221,-0.178
15222,-0.151
15223,0.032
15224,-0.232
15225,-0.139
15226,-0.032
15227,-0.11
15228,-0.308
15229,-0.159
15230,-0.095
15231,-0.244
15232,0.012
15233,-0.088
15234,-0.056
15235,-0.083
15236,-0.125
15237,0.017
15238,-0.032
15239,-0.195
15240,-0.181
15241,-0.022
15242,-0.115
15243,-0.161
15244,-0.168
15245,0.027
15246,0.093
15247,-0.002
15248,-0.061
15249,-0.1
15250,-0.085
15251,-0.237
15252,-0.134
15253,-0.271
15254,0.081
15255,0.098
15256,0.232
15257,-0.098
15258,-0.22
15259,-0.173
15260,-0.081
15261,-0.273
15262,-0.049
15263,-0.085
15264,-0.137
15265,-0.142
15266,-0.049
15267,-0.146
15268,-0.159
15269,-0.146
15270,-0.127
15271,-0.322
15272,-0.266
15273,-0.227
15274,0.073
15275,-0.225
15276,-0.144
15277,-0.127
15278,-0.154
15279,-0.376
15280,0.024
15281,-0.308
15282,0.046
15283,0.037
15284,-0.078
15285,0.029
15286,-0.3
15287,-0.247
15288,0.02
15289,0.098
15290,-0.066
15291,-0.171
15292,-0.264
15293,-0.142
15294,0.098
15295,-0.232
15296,-0.171
15297,0.0
15298,-0.154
15299,-0.115
15300,0.085
15301,-0.166
15302,0.029
15303,-0.188
15304,-0.405
15305,0.117
15306,-0.295
15307,-0.115
15308,0.042
15309,-0.229
15310,-0.005
15311,-0.215
15312,-0.164
15313,0.081
15314,-0.005
15315,-0.491
15316,-0.081
15317,-0.02
15318,-0.249
15319,-0.305
15320,-0.01
15321,-0.088
15322,-0.068
15323,-0.037
15324,-0.051
15325,0.142
15326,-0.178
15327,-0.078
15328,0.051
15329,-0.046
15330,-0.005
15331,0.032
15332,-0.061
15333,-0.007
15334,-0.029
15335,-0.142
15336,0.042
15337,-0.359
15338,-0.129
15339,-0.068
15340,-0.139
15341,-0.083
15342,-0.244
15343,-0.173
15344,-0.12
15345,-0.083
15346,-0.012
15347,-0.054
15348,-0.398
15349,-0.068
15350,0.051
15351,-0.015
15352,-0.105
15353,-0.093
15354,-0.186
15355,-0.276
15356,-0.291
15357,-0.286
15358,-0.037
15359,-0.256
15360,-0.151
15361,-0.039
15362,-0.139
15363,-0.2
15364,-0.073
15365,-0.168
15366,-0.132
15367,-0.017
15368,-0.151
15369,-0.107
15370,-0.203
15371,-0.098
15372,0.01
15373,0.034
15374,-0.093
15375,-0.09
15376,-0.039
15377,-0.208
15378,0.037
15379,0.054
15380,0.002
15381,-0.139
15382,-0.142
15383,-0.127
15384,-0.034
15385,-0.085
15386,0.032
15387,0.056
15388,-0.081
15389,-0.129
15390,-0.139
15391,-0.093
15392,-0.146
15393,-0.188
15394,-0.098
15395,-0.249
15396,-0.227
15397,-0.195
15398,-0.105
15399,-0.146
15400,-0.178
15401,-0.295
15402,-0.173
15403,-0.276
15404,-0.09
15405,0.107
15406,-0.159
15407,-0.151
15408,-0.027
15409,0.032
15410,-0.01
15411,-0.09
15412,-0.154
15413,0.173
15414,0.051
15415,-0.164
15416,-0.181
15417,-0.11
15418,-0.09
15419,-0.098
15420,-0.012
15421,-0.146
15422,-0.12
15423,-0.173
15424,-0.164
15425,-0.244
15426,-0.271
15427,-0.122
15428,-0.078
15429,-0.107
15430,-0.198
15431,-0.264
15432,-0.122
15433,0.046
15434,-0.146
15435,-0.095
15436,-0.083
15437,-0.139
15438,-0.129
15439,-0.134
15440,-0.137
15441,-0.034
15442,-0.034
15443,-0.198
15444,-0.002
15445,-0.125
15446,-0.051
15447,0.042
15448,0.002
15449,-0.1
15450,-0.042
15451,-0.017
15452,-0.107
15453,-0.054
15454,-0.181
15455,0.044
15456,0.007
15457,-0.215
15458,-0.337
15459,-0.164
15460,0.012
15461,-0.137
15462,-0.154
15463,-0.144
15464,-0.103
15465,-0.12
15466,-0.002
15467,0.044
15468,-0.156
15469,-0.281
15470,-0.11
15471,0.027
15472,-0.149
15473,-0.181
15474,-0.164
15475,-0.039
15476,-0.12
15477,-0.374
15478,-0.159
15479,-0.085
15480,-0.259
15481,-0.156
15482,-0.127
15483,-0.186
15484,-0.242
15485,-0.164
15486,0.032
15487,-0.083
15488,-0.107
15489,-0.01
15490,-0.015
15491,-0.237
15492,-0.122
15493,-0.073
15494,-0.107
15495,0.042
15496,-0.076
15497,0.022
15498,-0.076
15499,-0.159
15500,-0.122
15501,-0.154
15502,-0.278
15503,0.049
15504,-0.012
15505,-0.137
15506,0.024
15507,-0.122
15508,-0.049
15509,0.076
15510,0.117
15511,-0.271
15512,-0.183
15513,-0.134
15514,-0.059
15515,-0.117
15516,-0.281
15517,-0.059
15518,-0.115
15519,-0.129
15520,-0.203
15521,-0.046
15522,-0.085
15523,-0.037
15524,-0.122
15525,-0.217
15526,-0.093
15527,-0.21
15528,0.002
15529,-0.002
15530,0.078
15531,-0.11
15532,-0.063
15533,-0.046
15534,0.029
15535,0.015
15536,-0.059
15537,-0.103
15538,-0.146
15539,-0.171
15540,-0.317
15541,-0.178
15542,-0.083
15543,-0.012
15544,-0.315
15545,-0.122
15546,0.317
15547,-0.093
15548,-0.208
15549,-0.076
15550,0.056
15551,-0.193
15552,-0.107
15553,-0.076
15554,-0.024
15555,-0.171
15556,-0.212
15557,-0.146
15558,-0.139
15559,-0.232
15560,-0.107
15561,0.149
15562,-0.042
15563,-0.083
15564,-0.007
15565,-0.09
15566,-0.12
15567,-0.151
15568,-0.195
15569,-0.139
15570,0.01
15571,-0.132
15572,-0.19
15573,-0.095
15574,-0.083
15575,-0.071
15576,-0.212
15577,-0.002
15578,-0.081
15579,-0.256
15580,-0.107
15581,-0.022
15582,-0.125
15583,0.015
15584,0.024
15585,-0.071
15586,-0.159
15587,-0.178
15588,-0.127
15589,0.022
15590,-0.144
15591,-0.146
15592,-0.098
15593,-0.083
15594,-0.049
15595,-0.071
15596,-0.151
15597,-0.129
15598,-0.046
15599,-0.051
15600,-0.208
15601,-0.105
15602,-0.127
15603,-0.32
15604,-0.244
15605,0.059
15606,-0.142
15607,-0.129
15608,-0.034
15609,-0.063
15610,-0.09
15611,0.032
15612,-0.063
15613,0.095
15614,0.107
15615,-0.132
15616,-0.247
15617,-0.093
15618,0.093
15619,-0.176
15620,-0.227
15621,-0.22
15622,-0.144
15623,-0.066
15624,-0.085
15625,-0.105
15626,-0.127
15627,-0.046
15628,0.137
15629,0.01
15630,-0.247
15631,-0.066
15632,-0.146
15633,-0.066
15634,-0.059
15635,-0.208
15636,-0.132
15637,-0.09
15638,-0.203
15639,-0.186
15640,-0.161
15641,-0.344
15642,-0.081
15643,-0.049
15644,-0.203
15645,-0.115
15646,0.007
15647,-0.125
15648,-0.176
15649,-0.115
15650,0.034
15651,0.024
15652,-0.105
15653,-0.066
15654,-0.063
15655,-0.232
15656,-0.1
15657,-0.115
15658,-0.244
15659,-0.193
15660,-0.132
15661,-0.178
15662,-0.171
15663,-0.447
15664,-0.225
15665,-0.002
15666,-0.146
15667,-0.034
15668,-0.129
15669,-0.076
15670,-0.198
15671,-0.193
15672,-0.159
15673,-0.154
15674,-0.166
15675,-0.073
15676,0.029
15677,-0.022
15678,-0.156
15679,-0.1
15680,0.042
15681,-0.151
15682,-0.259
15683,-0.178
15684,0.024
15685,-0.02
15686,-0.208
15687,-0.149
15688,-0.037
15689,0.022
15690,-0.093
15691,-0.066
15692,-0.203
15693,-0.134
15694,-0.22
15695,-0.061
15696,-0.066
15697,-0.239
15698,-0.374
15699,-0.137
15700,-0.159
15701,-0.281
15702,-0.203
15703,-0.295
15704,-0.083
15705,-0.034
15706,-0.103
15707,-0.281
15708,-0.146
15709,-0.156
15710,-0.081
15711,-0.176
15712,-0.125
15713,-0.071
15714,-0.186
15715,-0.051
15716,-0.132
15717,-0.166
15718,-0.1
15719,0.132
15720,-0.122
15721,-0.234
15722,-0.212
15723,-0.139
15724,0.183
15725,-0.222
15726,-0.112
15727,-0.098
15728,-0.066
15729,-0.317
15730,-0.076
15731,-0.01
15732,-0.154
15733,-0.098
15734,0.132
15735,-0.037
15736,-0.41
15737,-0.137
15738,-0.068
15739,-0.151
15740,-0.183
15741,-0.061
15742,-0.132
15743,-0.105
15744,-0.266
15745,-0.322
15746,-0.076
15747,-0.076
15748,-0.027
15749,-0.168
15750,-0.01
15751,-0.129
15752,-0.156
15753,-0.11
15754,0.076
15755,-0.044
15756,-0.239
15757,-0.059
15758,-0.237
15759,-0.168
15760,-0.103
15761,-0.002
15762,-0.1
15763,-0.09
15764,-0.168
15765,-0.054
15766,-0.142
15767,-0.078
15768,-0.137
15769,-0.168
15770,-0.107
15771,-0.125
15772,-0.103
15773,-0.078
15774,-0.012
15775,-0.142
15776,-0.193
15777,-0.088
15778,-0.356
15779,-0.227
15780,-0.056
15781,-0.005
15782,-0.222
15783,-0.239
15784,-0.242
15785,0.002
15786,-0.015
15787,-0.151
15788,-0.098
15789,-0.034
15790,-0.103
15791,-0.244
15792,-0.271
15793,-0.244
15794,-0.007
15795,0.015
15796,-0.078
15797,-0.212
15798,-0.161
15799,-0.02
15800,-0.1
15801,-0.186
15802,-0.251
15803,-0.078
15804,-0.237
15805,-0.254
15806,-0.159
15807,-0.127
15808,-0.017
15809,-0.022
15810,-0.002
15811,-0.225
15812,-0.195
15813,0.02
15814,0.085
15815,-0.081
15816,-0.095
15817,-0.215
15818,0.103
15819,0.122
15820,-0.332
15821,-0.164
15822,-0.068
15823,-0.203
15824,-0.269
15825,-0.19
15826,-0.088
15827,0.051
15828,-0.063
15829,-0.232
15830,-0.134
15831,-0.161
15832,-0.212
15833,0.09
15834,0.134
15835,-0.188
15836,-0.073
15837,-0.061
15838,-0.127
15839,-0.017
15840,-0.166
15841,-0.068
15842,-0.112
15843,-0.225
15844,-0.234
15845,-0.173
15846,-0.173
15847,0.024
15848,-0.017
15849,-0.225
15850,0.012
15851,0.039
15852,-0.208
15853,-0.278
15854,-0.156
15855,-0.063
15856,-0.027
15857,-0.134
15858,-0.066
15859,-0.095
15860,-0.352
15861,-0.078
15862,-0.005
15863,-0.095
15864,-0.22
15865,0.181
15866,-0.264
15867,-0.398
15868,-0.129
15869,-0.269
15870,-0.093
15871,-0.168
15872,-0.112
15873,0.093
15874,-0.09
15875,-0.264
15876,0.054
15877,-0.276
15878,-0.217
15879,-0.171
15880,-0.352
15881,-0.168
15882,-0.029
15883,-0.122
15884,-0.115
15885,0.046
15886,0.015
15887,-0.076
15888,-0.076
15889,-0.22
15890,-0.349
15891,-0.161
15892,-0.098
15893,-0.132
15894,0.208
15895,-0.234
15896,-0.068
15897,-0.1
15898,0.056
15899,-0.012
15900,-0.125
15901,-0.481
15902,-0.317
15903,-0.19
15904,-0.21
15905,0.02
15906,-0.159
15907,-0.034
15908,-0.107
15909,0.051
15910,-0.105
15911,-0.112
15912,-0.151
15913,0.012
15914,-0.33
15915,-0.259
15916,-0.247
15917,-0.046
15918,-0.027
15919,-0.164
15920,-0.225
15921,-0.049
15922,-0.054
15923,-0.19
15924,-0.198
15925,-0.283
15926,-0.242
15927,-0.012
15928,-0.208
15929,-0.186
15930,-0.154
15931,-0.198
15932,-0.024
15933,0.142
15934,-0.105
15935,-0.037
15936,-0.042
15937,-0.076
15938,0.027
15939,-0.168
15940,-0.195
15941,-0.059
15942,-0.12
15943,-0.056
15944,-0.183
15945,-0.237
15946,-0.12
15947,-0.002
15948,-0.068
15949,0.1
15950,-0.198
15951,-0.2
15952,-0.061
15953,0.024
15954,-0.076
15955,-0.059
15956,-0.024
15957,-0.007
15958,0.054
15959,-0.193
15960,0.044
15961,-0.078
15962,-0.386
15963,-0.103
15964,0.105
15965,-0.066
15966,-0.234
15967,-0.112
15968,-0.22
15969,-0.007
15970,-0.122
15971,-0.146
15972,-0.159
15973,-0.166
15974,-0.156
15975,0.002
15976,0.093
15977,-0.166
15978,-0.115
15979,-0.144
15980,-0.095
15981,-0.122
15982,-0.112
15983,-0.129
15984,0.049
15985,-0.093
15986,-0.188
15987,-0.151
15988,-0.215
15989,0.042
15990,-0.269
15991,-0.356
15992,-0.305
15993,-0.273
15994,-0.161
15995,0.01
15996,-0.032
15997,0.024
15998,-0.029
15999,0.044
16000,0.137
16001,-0.01
16002,-0.271
16003,-0.083
16004,0.022
16005,-0.237
16006,-0.234
16007,-0.037
16008,-0.173
16009,-0.208
16010,-0.132
16011,-0.061
16012,0.029
16013,-0.015
16014,0.029
16015,-0.1
16016,-0.107
16017,-0.107
16018,-0.056
16019,-0.168
16020,-0.19
16021,-0.059
16022,0.039
16023,-0.31
16024,-0.271
16025,-0.056
16026,-0.142
16027,-0.146
16028,-0.21
16029,-0.239
16030,-0.186
16031,0.012
16032,-0.076
16033,-0.098
16034,-0.159
16035,0.012
16036,-0.027
16037,-0.112
16038,-0.112
16039,-0.066
16040,-0.063
16041,-0.183
16042,-0.112
16043,-0.134
16044,-0.144
16045,-0.127
16046,-0.181
16047,-0.215
16048,-0.144
16049,-0.127
16050,-0.12
16051,0.027
16052,-0.073
16053,-0.112
16054,-0.159
16055,0.115
16056,-0.129
16057,-0.083
16058,0.115
16059,0.076
16060,-0.005
16061,-0.098
16062,-0.1
16063,-0.232
16064,-0.137
16065,-0.154
16066,-0.176
16067,-0.237
16068,-0.154
16069,-0.161
16070,-0.254
16071,-0.239
16072,-0.073
16073,0.051
16074,0.005
16075,-0.078
16076,-0.173
16077,-0.149
16078,-0.212
16079,-0.117
16080,-0.01
16081,-0.061
16082,-0.266
16083,-0.066
16084,-0.068
16085,-0.161
16086,-0.232
16087,-0.217
16088,0.046
16089,-0.173
16090,-0.303
16091,-0.085
16092,-0.005
16093,-0.234
16094,-0.093
16095,-0.154
16096,-0.105
16097,-0.117
16098,0.083
16099,0.12
16100,-0.232
16101,-0.22
16102,0.076
16103,0.095
16104,-0.244
16105,-0.276
16106,-0.01
16107,-0.154
16108,-0.19
16109,-0.176
16110,0.039
16111,-0.122
16112,-0.2
16113,0.015
16114,-0.11
16115,-0.024
16116,0.127
16117,-0.022
16118,-0.049
16119,-0.01
16120,-0.122
16121,-0.105
16122,-0.073
16123,-0.144
16124,-0.093
16125,-0.237
16126,-0.181
16127,-0.217
16128,-0.139
16129,-0.249
16130,0.037
16131,-0.176
16132,0.029
16133,0.132
16134,-0.122
16135,-0.298
16136,0.076
16137,-0.042
16138,-0.195
16139,0.037
16140,0.024
16141,-0.12
16142,-0.215
16143,-0.181
16144,0.01
16145,-0.266
16146,-0.383
16147,-0.088
16148,-0.039
16149,-0.315
16150,-0.125
16151,-0.012
16152,-0.159
16153,-0.32
16154,-0.134
16155,-0.054
16156,-0.188
16157,-0.151
16158,0.049
16159,-0.005
16160,-0.2
16161,-0.066
16162,-0.088
16163,-0.012
16164,-0.178
16165,-0.061
16166,-0.09
16167,-0.232
16168,-0.139
16169,0.039
16170,-0.22
16171,-0.149
16172,0.056
16173,-0.122
16174,0.01
16175,-0.01
16176,0.034
16177,0.02
16178,-0.027
16179,-0.002
16180,-0.181
16181,-0.2
16182,-0.076
16183,-0.083
16184,-0.188
16185,-0.156
16186,-0.105
16187,0.085
16188,-0.227
16189,-0.266
16190,-0.059
16191,-0.188
16192,-0.334
16193,-0.21
16194,-0.027
16195,0.068
16196,0.022
16197,-0.051
16198,-0.039
16199,-0.081
16200,-0.198
16201,-0.198
16202,0.085
16203,-0.068
16204,-0.32
16205,-0.237
16206,-0.01
16207,-0.09
16208,0.027
16209,-0.068
16210,-0.132
16211,-0.234
16212,-0.403
16213,-0.188
16214,-0.19
16215,-0.164
16216,-0.183
16217,-0.071
16218,0.044
16219,-0.051
16220,-0.125
16221,-0.12
16222,-0.063
16223,-0.054
16224,0.022
16225,-0.127
16226,-0.249
16227,-0.166
16228,-0.168
16229,-0.178
16230,-0.085
16231,-0.244
16232,-0.232
16233,-0.139
16234,-0.237
16235,-0.171
16236,-0.078
16237,-0.149
16238,-0.144
16239,-0.12
16240,-0.288
16241,0.076
16242,0.205
16243,-0.127
16244,-0.273
16245,-0.049
16246,0.085
16247,-0.002
16248,-0.21
16249,-0.176
16250,-0.283
16251,-0.127
16252,-0.039
16253,-0.205
16254,-0.212
16255,-0.222
16256,-0.105
16257,0.049
16258,-0.183
16259,-0.376
16260,-0.125
16261,0.183
16262,0.066
16263,0.059
16264,-0.061
16265,-0.22
16266,-0.049
16267,-0.002
16268,-0.249
16269,0.054
16270,-0.034
16271,-0.161
16272,-0.151
16273,-0.225
16274,-0.132
16275,0.117
16276,-0.247
16277,-0.31
16278,0.081
16279,-0.042
16280,-0.002
16281,0.205
16282,-0.159
16283,0.012
16284,-0.164
16285,-0.081
16286,-0.017
16287,-0.212
16288,-0.315
16289,0.039
16290,-0.164
16291,-0.288
16292,-0.115
16293,-0.134
16294,-0.225
16295,-0.105
16296,-0.029
16297,-0.132
16298,-0.073
16299,-0.095
16300,0.02
16301,-0.015
16302,-0.11
16303,0.002
16304,0.061
16305,-0.1
16306,-0.034
16307,-0.251
16308,-0.063
16309,0.054
16310,-0.203
16311,-0.251
16312,-0.078
16313,-0.222
16314,0.115
16315,-0.061
16316,-0.291
16317,-0.234
16318,-0.049
16319,-0.198
16320,-0.083
16321,-0.034
16322,0.032
16323,-0.054
16324,-0.127
16325,-0.049
16326,-0.061
16327,0.002
16328,-0.132
16329,-0.151
16330,-0.342
16331,-0.178
16332,-0.283
16333,-0.068
16334,0.051
16335,-0.154
16336,-0.137
16337,-0.098
16338,0.005
16339,-0.01
16340,-0.007
16341,-0.046
16342,0.017
16343,-0.11
16344,-0.171
16345,-0.071
16346,-0.146
16347,-0.029
16348,-0.076
16349,-0.203
16350,-0.027
16351,-0.027
16352,-0.217
16353,-0.156
16354,-0.151
16355,-0.33
16356,-0.137
16357,-0.088
16358,-0.125
16359,-0.024
16360,-0.081
16361,-0.11
16362,-0.068
16363,-0.032
16364,-0.024
16365,-0.066
16366,-0.256
16367,-0.1
16368,-0.186
16369,-0.168
16370,-0.208
16371,-0.164
16372,-0.283
16373,-0.195
16374,-0.122
16375,-0.117
16376,0.066
16377,-0.132
16378,-0.039
16379,-0.176
16380,-0.017
16381,0.061
16382,0.049
16383,-0.315
16384,-0.088
16385,0.164
16386,-0.039
16387,-0.173
16388,-0.164
16389,0.085
16390,-0.076
16391,-0.017
16392,-0.198
16393,-0.039
16394,-0.115
16395,-0.056
16396,-0.103
16397,-0.186
16398,-0.205
16399,-0.125
16400,0.044
16401,-0.176
16402,-0.229
16403,-0.002
16404,0.039
16405,-0.273
16406,-0.22
16407,-0.071
16408,0.103
16409,-0.029
16410,-0.378
16411,-0.308
16412,-0.366
16413,-0.249
16414,-0.2
16415,-0.134
16416,-0.21
16417,-0.024
16418,-0.144
16419,-0.076
16420,0.051
16421,0.024
16422,0.056
16423,-0.112
16424,-0.127
16425,0.039
16426,-0.044
16427,-0.146
16428,0.066
16429,0.068
16430,-0.342
16431,-0.234
16432,-0.068
16433,-0.146
16434,-0.005
16435,0.078
16436,-0.295
16437,-0.283
16438,0.0
16439,-0.051
16440,-0.024
16441,-0.1
16442,-0.112
16443,-0.129
16444,-0.085
16445,-0.225
16446,0.039
16447,-0.105
16448,-0.288
16449,-0.178
16450,-0.154
16451,-0.139
16452,0.032
16453,-0.063
16454,-0.298
16455,-0.142
16456,-0.049
16457,-0.107
16458,0.054
16459,-0.056
16460,0.02
16461,-0.132
16462,-0.061
16463,-0.139
16464,-0.063
16465,-0.085
16466,0.247
16467,-0.137
16468,-0.21
16469,-0.186
16470,-0.217
16471,-0.076
16472,-0.21
16473,-0.378
16474,-0.178
16475,0.198
16476,-0.31
16477,-0.4
16478,-0.149
16479,-0.137
16480,-0.02
16481,0.012
16482,-0.171
16483,-0.054
16484,0.076
16485,-0.054
16486,-0.186
16487,-0.43
16488,-0.112
16489,-0.085
16490,-0.215
16491,-0.203
16492,-0.308
16493,-0.237
16494,-0.149
16495,0.073
16496,-0.21
16497,-0.193
16498,-0.093
16499,-0.054
16500,-0.105
16501,-0.151
16502,-0.151
16503,-0.19
16504,0.046
16505,0.063
16506,0.085
16507,-0.129
16508,-0.015
16509,-0.037
16510,-0.21
16511,-0.251
16512,-0.249
16513,-0.21
16514,-0.137
16515,-0.085
16516,-0.215
16517,-0.225
16518,-0.295
16519,-0.024
16520,-0.032
16521,-0.171
16522,-0.149
16523,0.103
16524,-0.051
16525,-0.161
16526,-0.156
16527,-0.349
16528,0.015
16529,-0.198
16530,-0.144
16531,-0.078
16532,-0.132
16533,-0.068
16534,-0.132
16535,-0.215
16536,-0.266
16537,-0.159
16538,-0.308
16539,-0.095
16540,-0.073
16541,0.054
16542,-0.054
16543,-0.127
16544,-0.12
16545,-0.073
16546,-0.144
16547,-0.085
16548,0.051
16549,-0.151
16550,-0.122
16551,0.032
16552,-0.071
16553,-0.222
16554,-0.159
16555,-0.076
16556,-0.193
16557,-0.186
16558,-0.264
16559,-0.046
16560,-0.144
16561,-0.129
16562,-0.105
16563,-0.032
16564,-0.188
16565,-0.122
16566,-0.027
16567,-0.105
16568,-0.027
16569,-0.212
16570,-0.222
16571,-0.188
16572,-0.09
16573,-0.166
16574,-0.034
16575,-0.178
16576,-0.149
16577,0.078
16578,-0.286
16579,-0.176
16580,0.046
16581,-0.037
16582,-0.085
16583,-0.149
16584,-0.156
16585,-0.037
16586,0.012
16587,-0.061
16588,0.007
16589,-0.142
16590,-0.227
16591,-0.208
16592,-0.081
16593,-0.063
16594,-0.056
16595,-0.09
16596,-0.146
16597,-0.178
16598,-0.173
16599,-0.107
16600,-0.229
16601,-0.029
16602,-0.151
16603,-0.3
16604,-0.176
16605,-0.068
16606,-0.188
16607,-0.234
16608,0.012
16609,-0.19
16610,-0.212
16611,-0.234
16612,-0.237
16613,-0.234
16614,-0.312
16615,0.002
16616,0.0
16617,-0.134
16618,-0.237
16619,0.151
16620,0.269
16621,0.068
16622,-0.256
16623,0.017
16624,0.132
16625,-0.261
16626,-0.073
16627,0.176
16628,-0.303
16629,-0.11
16630,0.186
16631,-0.247
16632,-0.234
16633,-0.381
16634,-0.188
16635,-0.044
16636,-0.376
16637,-0.283
16638,-0.103
16639,-0.208
16640,-0.222
16641,-0.029
16642,-0.449
16643,-0.142
16644,-0.117
16645,-0.002
16646,-0.085
16647,-0.098
16648,-0.122
16649,0.159
16650,-0.132
16651,-0.293
16652,-0.012
16653,-0.227
16654,-0.198
16655,0.229
16656,-0.088
16657,0.01
16658,0.178
16659,-0.337
16660,-0.139
16661,-0.127
16662,-0.374
16663,-0.02
16664,0.007
16665,-0.142
16666,-0.171
16667,0.012
16668,-0.134
16669,-0.251
16670,-0.071
16671,-0.073
16672,-0.107
16673,0.005
16674,-0.195
16675,-0.2
16676,-0.081
16677,-0.146
16678,-0.09
16679,-0.164
16680,-0.249
16681,0.024
16682,-0.237
16683,-0.083
16684,0.208
16685,-0.247
16686,-0.322
16687,0.081
16688,-0.085
16689,-0.203
16690,-0.288
16691,-0.146
16692,-0.056
16693,-0.261
16694,-0.061
16695,-0.005
16696,-0.212
16697,-0.293
16698,0.11
16699,-0.19
16700,-0.449
16701,0.083
16702,-0.107
16703,-0.103
16704,-0.024
16705,-0.227
16706,-0.081
16707,0.129
16708,-0.095
16709,-0.085
16710,-0.071
16711,-0.239
16712,-0.017
16713,-0.259
16714,-0.195
16715,-0.076
16716,-0.056
16717,-0.146
16718,-0.029
16719,-0.198
16720,-0.176
16721,-0.078
16722,-0.12
16723,0.061
16724,0.061
16725,-0.151
16726,-0.098
16727,0.112
16728,-0.327
16729,-0.232
16730,-0.044
16731,-0.017
16732,-0.059
16733,-0.269
16734,-0.278
16735,-0.068
16736,-0.105
16737,-0.337
16738,-0.146
16739,-0.215
16740,-0.22
16741,-0.027
16742,-0.01
16743,-0.159
16744,-0.156
16745,-0.112
16746,-0.103
16747,0.02
16748,-0.21
16749,0.029
16750,0.073
16751,-0.007
16752,0.046
16753,0.051
16754,-0.095
16755,-0.159
16756,0.02
16757,-0.085
16758,-0.129
16759,-0.154
16760,-0.154
16761,-0.159
16762,-0.088
16763,-0.195
16764,-0.137
16765,-0.076
16766,-0.098
16767,0.061
16768,0.005
16769,0.007
16770,-0.076
16771,-0.21
16772,-0.168
16773,0.015
16774,-0.161
16775,-0.232
16776,-0.244
16777,-0.129
16778,-0.129
16779,-0.225
16780,-0.137
16781,-0.154
16782,-0.259
16783,-0.225
16784,-0.137
16785,-0.125
16786,-0.09
16787,0.159
16788,0.088
16789,-0.144
16790,0.134
16791,-0.195
16792,-0.232
16793,-0.122
16794,0.195
16795,-0.161
16796,0.09
16797,0.066
16798,-0.132
16799,-0.107
16800,-0.12
16801,-0.056
16802,0.083
16803,-0.317
16804,-0.066
16805,-0.02
16806,-0.342
16807,0.042
16808,-0.007
16809,-0.293
16810,0.059
16811,0.076
16812,-0.315
16813,-0.217
16814,-0.193
16815,0.037
16816,0.161
16817,-0.242
16818,-0.369
16819,0.132
16820,-0.332
16821,-0.393
16822,0.149
16823,-0.029
16824,-0.159
16825,0.029
16826,-0.051
16827,-0.183
16828,-0.005
16829,-0.078
16830,-0.056
16831,0.017
16832,-0.129
16833,-0.061
16834,-0.127
16835,-0.105
16836,-0.244
16837,-0.122
16838,-0.034
16839,0.017
16840,-0.071
16841,-0.061
16842,0.002
16843,-0.103
16844,-0.005
16845,-0.171
16846,-0.195
16847,-0.002
16848,-0.029
16849,-0.156
16850,-0.159
16851,-0.125
16852,-0.273
16853,-0.081
16854,-0.21
16855,-0.2
16856,-0.256
16857,-0.12
16858,-0.129
16859,-0.271
16860,-0.215
16861,-0.146
16862,-0.208
16863,-0.122
16864,-0.139
16865,-0.122
16866,0.156
16867,-0.127
16868,-0.234
16869,-0.073
16870,-0.168
16871,-0.127
16872,-0.11
16873,-0.149
16874,-0.049
16875,-0.01
16876,-0.151
16877,-0.154
16878,-0.144
16879,-0.085
16880,0.01
16881,-0.039
16882,-0.017
16883,-0.154
16884,-0.037
16885,-0.017
16886,0.002
16887,-0.195
16888,-0.146
16889,-0.132
16890,-0.115
16891,-0.144
16892,-0.127
16893,-0.217
16894,-0.359
16895,-0.19
16896,-0.242
16897,-0.105
16898,-0.037
16899,-0.164
16900,-0.098
16901,-0.037
16902,0.081
16903,-0.122
16904,-0.242
16905,-0.054
16906,-0.007
16907,-0.237
16908,-0.122
16909,-0.115
16910,0.044
16911,-0.054
16912,-0.22
16913,0.059
16914,-0.122
16915,0.0
16916,-0.11
16917,-0.093
16918,-0.039
16919,-0.2
16920,-0.261
16921,-0.146
16922,-0.156
16923,-0.188
16924,0.015
16925,-0.134
16926,-0.298
16927,-0.112
16928,0.034
16929,-0.139
16930,-0.073
16931,-0.193
16932,-0.298
16933,-0.085
16934,-0.105
16935,-0.015
16936,-0.146
16937,-0.115
16938,-0.234
16939,-0.308
16940,-0.303
16941,-0.142
16942,-0.193
16943,-0.095
16944,-0.022
16945,-0.273
16946,-0.156
16947,0.117
16948,-0.005
16949,0.139
16950,0.12
16951,-0.154
16952,-0.112
16953,-0.081
16954,-0.125
16955,-0.063
16956,-0.166
16957,-0.02
16958,-0.029
16959,0.076
16960,-0.266
16961,-0.452
16962,-0.144
16963,-0.015
16964,-0.381
16965,-0.159
16966,0.059
16967,-0.02
16968,-0.21
16969,-0.068
16970,-0.103
16971,0.024
16972,-0.105
16973,-0.229
16974,-0.334
16975,0.076
16976,-0.264
16977,-0.291
16978,-0.291
16979,-0.312
16980,-0.386
16981,-0.198
16982,-0.159
16983,-0.112
16984,-0.137
16985,-0.3
16986,0.002
16987,-0.039
16988,-0.161
16989,-0.071
16990,0.105
16991,0.049
16992,0.027
16993,0.078
16994,0.027
16995,-0.227
16996,-0.181
16997,0.005
16998,0.044
16999,-0.261
17000,-0.173
17001,0.129
17002,-0.078
17003,-0.015
17004,-0.205
17005,-0.171
17006,-0.164
17007,-0.247
17008,-0.049
17009,-0.215
17010,-0.112
17011,-0.239
17012,-0.19
17013,-0.208
17014,-0.01
17015,0.012
17016,-0.117
17017,-0.234
17018,-0.149
17019,0.0
17020,-0.112
17021,-0.188
17022,-0.259
17023,0.0
17024,-0.059
17025,-0.352
17026,-0.273
17027,-0.127
17028,-0.183
17029,-0.315
17030,-0.022
17031,-0.076
17032,-0.051
17033,-0.081
17034,-0.039
17035,-0.125
17036,0.039
17037,0.027
17038,-0.022
17039,-0.005
17040,-0.178
17041,-0.129
17042,-0.103
17043,-0.024
17044,-0.073
17045,-0.156
17046,-0.112
17047,-0.112
17048,-0.134
17049,-0.1
17050,-0.059
17051,-0.154
17052,-0.149
17053,-0.076
17054,0.007
17055,-0.017
17056,-0.144
17057,-0.154
17058,0.039
17059,-0.125
17060,-0.173
17061,-0.005
17062,-0.093
17063,-0.161
17064,-0.173
17065,-0.012
17066,-0.032
17067,-0.183
17068,-0.234
17069,-0.005
17070,-0.034
17071,-0.105
17072,-0.195
17073,-0.081
17074,-0.088
17075,-0.112
17076,-0.054
17077,-0.134
17078,-0.132
17079,-0.215
17080,-0.176
17081,-0.2
17082,-0.239
17083,-0.264
17084,-0.225
17085,-0.017
17086,-0.149
17087,-0.234
17088,-0.22
17089,-0.215
17090,-0.193
17091,-0.073
17092,-0.183
17093,-0.156
17094,0.059
17095,-0.154
17096,-0.21
17097,-0.105
17098,-0.134
17099,-0.156
17100,0.042
17101,-0.19
17102,-0.217
17103,-0.127
17104,-0.1
17105,0.01
17106,-0.127
17107,-0.173
17108,-0.049
17109,0.017
17110,-0.054
17111,-0.02
17112,-0.029
17113,-0.081
17114,0.098
17115,-0.149
17116,-0.078
17117,-0.164
17118,-0.105
17119,-0.203
17120,-0.095
17121,0.049
17122,-0.095
17123,-0.264
17124,-0.146
17125,-0.239
17126,-0.315
17127,-0.164
17128,-0.049
17129,-0.093
17130,-0.305
17131,-0.037
17132,-0.051
17133,-0.095
17134,-0.11
17135,-0.129
17136,-0.034
17137,-0.222
17138,-0.176
17139,-0.095
17140,-0.176
17141,-0.134
17142,-0.051
17143,-0.107
17144,-0.195
17145,-0.01
17146,-0.044
17147,-0.085
17148,0.0
17149,0.046
17150,-0.154
17151,-0.088
17152,-0.049
17153,0.015
17154,-0.085
17155,-0.232
17156,-0.09
17157,0.022
17158,-0.22
17159,-0.225
17160,0.024
17161,-0.103
17162,-0.186
17163,-0.212
17164,-0.129
17165,-0.134
17166,-0.129
17167,-0.076
17168,-0.12
17169,-0.09
17170,-0.261
17171,-0.125
17172,-0.01
17173,-0.085
17174,-0.225
17175,-0.19
17176,-0.146
17177,-0.083
17178,-0.139
17179,-0.095
17180,0.129
17181,-0.044
17182,-0.142
17183,-0.059
17184,-0.164
17185,-0.098
17186,-0.166
17187,-0.056
17188,-0.005
17189,-0.051
17190,-0.239
17191,-0.129
17192,0.01
17193,0.039
17194,-0.085
17195,-0.112
17196,-0.051
17197,-0.227
17198,-0.151
17199,-0.029
17200,-0.085
17201,-0.298
17202,-0.232
17203,-0.1
17204,-0.081
17205,-0.11
17206,-0.11
17207,-0.149
17208,-0.115
17209,-0.132
17210,-0.195
17211,-0.154
17212,-0.352
17213,-0.181
17214,-0.056
17215,-0.068
17216,-0.149
17217,-0.098
17218,0.012
17219,-0.002
17220,-0.039
17221,-0.071
17222,-0.115
17223,-0.002
17224,0.103
17225,-0.081
17226,-0.203
17227,-0.159
17228,-0.034
17229,0.024
17230,-0.208
17231,-0.034
17232,-0.071
17233,-0.012
17234,-0.168
17235,-0.063
17236,-0.073
17237,-0.225
17238,-0.1
17239,0.034
17240,-0.166
17241,-0.286
17242,-0.11
17243,-0.112
17244,-0.01
17245,-0.278
17246,-0.1
17247,-0.051
17248,-0.071
17249,-0.164
17250,-0.171
17251,-0.188
17252,-0.225
17253,-0.208
17254,-0.173
17255,-0.046
17256,-0.015
17257,-0.063
17258,-0.037
17259,-0.181
17260,-0.276
17261,-0.105
17262,-0.046
17263,-0.203
17264,-0.144
17265,-0.2
17266,-0.215
17267,0.027
17268,-0.061
17269,-0.239
17270,-0.151
17271,0.007
17272,-0.144
17273,0.02
17274,-0.044
17275,0.017
17276,-0.032
17277,-0.205
17278,-0.144
17279,-0.122
17280,-0.173
17281,-0.159
17282,0.029
17283,-0.22
17284,-0.254
17285,-0.146
17286,-0.071
17287,-0.278
17288,-0.183
17289,-0.068
17290,-0.063
17291,-0.166
17292,-0.117
17293,-0.002
17294,-0.203
17295,-0.146
17296,-0.088
17297,-0.132
17298,-0.288
17299,-0.151
17300,-0.088
17301,-0.161
17302,-0.22
17303,-0.266
17304,-0.115
17305,-0.039
17306,-0.063
17307,-0.007
17308,-0.02
17309,-0.071
17310,-0.02
17311,-0.005
17312,0.166
17313,0.076
17314,-0.146
17315,0.0
17316,0.046
17317,-0.208
17318,-0.156
17319,-0.034
17320,-0.161
17321,-0.173
17322,-0.161
17323,-0.056
17324,0.0
17325,-0.212
17326,-0.083
17327,-0.103
17328,-0.459
17329,-0.425
17330,-0.029
17331,0.034
17332,-0.269
17333,-0.161
17334,-0.107
17335,-0.142
17336,-0.144
17337,0.134
17338,-0.051
17339,-0.171
17340,-0.154
17341,-0.044
17342,-0.249
17343,-0.222
17344,-0.188
17345,-0.22
17346,-0.266
17347,-0.088
17348,0.103
17349,-0.051
17350,-0.325
17351,0.054
17352,0.176
17353,-0.388
17354,-0.088
17355,0.352
17356,-0.056
17357,-0.408
17358,-0.088
17359,-0.095
17360,-0.088
17361,-0.01
17362,-0.085
17363,-0.11
17364,-0.242
17365,-0.383
17366,-0.134
17367,-0.022
17368,-0.115
17369,-0.176
17370,-0.151
17371,-0.149
17372,-0.039
17373,-0.132
17374,-0.256
17375,-0.146
17376,-0.078
17377,-0.129
17378,-0.19
17379,-0.203
17380,-0.225
17381,-0.11
17382,-0.237
17383,0.076
17384,0.034
17385,-0.383
17386,-0.229
17387,-0.034
17388,0.076
17389,-0.039
17390,-0.237
17391,-0.137
17392,-0.054
17393,-0.166
17394,-0.176
17395,0.007
17396,-0.168
17397,-0.208
17398,-0.088
17399,-0.088
17400,-0.1
17401,-0.164
17402,-0.2
17403,-0.186
17404,-0.178
17405,-0.166
17406,0.039
17407,-0.002
17408,-0.2
17409,-0.276
17410,-0.115
17411,0.081
17412,-0.181
17413,-0.237
17414,-0.015
17415,-0.032
17416,-0.105
17417,-0.117
17418,-0.112
17419,-0.139
17420,-0.166
17421,-0.176
17422,0.0
17423,-0.117
17424,-0.186
17425,-0.242
17426,-0.134
17427,-0.195
17428,-0.225
17429,-0.024
17430,-0.042
17431,-0.176
17432,-0.1
17433,0.19
17434,-0.044
17435,0.107
17436,0.103
17437,-0.059
17438,-0.146
17439,-0.083
17440,0.002
17441,-0.039
17442,-0.183
17443,-0.312
17444,-0.234
17445,-0.2
17446,-0.2
17447,-0.247
17448,-0.293
17449,-0.144
17450,-0.056
17451,-0.193
17452,-0.234
17453,-0.066
17454,-0.115
17455,-0.181
17456,-0.166
17457,-0.073
17458,-0.027
17459,-0.015
17460,-0.12
17461,-0.269
17462,-0.278
17463,-0.247
17464,-0.159
17465,-0.222
17466,-0.205
17467,-0.156
17468,-0.166
17469,-0.266
17470,-0.195
17471,-0.051
17472,-0.034
17473,0.037
17474,-0.024
17475,-0.022
17476,-0.19
17477,-0.132
17478,-0.002
17479,-0.061
17480,-0.112
17481,-0.078
17482,-0.149
17483,-0.154
17484,-0.022
17485,-0.203
17486,-0.122
17487,0.002
17488,-0.139
17489,-0.325
17490,-0.229
17491,-0.21
17492,-0.071
17493,-0.12
17494,-0.029
17495,0.015
17496,-0.273
17497,-0.088
17498,0.017
17499,-0.112
17500,-0.073
17501,0.085
17502,0.071
17503,-0.232
17504,-0.232
17505,-0.037
17506,0.107
17507,-0.215
17508,-0.188
17509,-0.178
17510,0.005
17511,-0.017
17512,-0.134
17513,-0.129
17514,0.0
17515,0.054
17516,-0.115
17517,-0.063
17518,0.068
17519,-0.022
17520,-0.049
17521,-0.049
17522,-0.012
17523,-0.159
17524,-0.178
17525,-0.139
17526,0.068
17527,-0.273
17528,-0.291
17529,-0.098
17530,-0.1
17531,-0.295
17532,-0.317
17533,-0.2
17534,-0.027
17535,-0.032
17536,-0.115
17537,-0.129
17538,-0.217
17539,0.01
17540,-0.027
17541,-0.11
17542,-0.146
17543,-0.105
17544,-0.098
17545,0.071
17546,-0.227
17547,-0.198
17548,0.093
17549,-0.029
17550,-0.066
17551,-0.078
17552,-0.098
17553,-0.09
17554,-0.225
17555,-0.149
17556,0.083
17557,0.056
17558,-0.103
17559,0.022
17560,-0.051
17561,-0.249
17562,-0.181
17563,-0.012
17564,0.056
17565,-0.063
17566,-0.249
17567,-0.305
17568,-0.168
17569,-0.203
17570,-0.076
17571,-0.176
17572,-0.095
17573,-0.115
17574,-0.203
17575,-0.256
17576,-0.09
17577,-0.042
17578,-0.173
17579,-0.173
17580,-0.056
17581,-0.054
17582,-0.139
17583,-0.156
17584,0.168
17585,-0.027
17586,-0.283
17587,-0.066
17588,-0.161
17589,-0.283
17590,-0.31
17591,0.012
17592,-0.088
17593,-0.222
17594,-0.081
17595,-0.012
17596,-0.1
17597,0.002
17598,0.015
17599,0.093
17600,0.127
17601,0.066
17602,-0.127
17603,0.032
17604,-0.103
17605,-0.32
17606,-0.125
17607,0.083
17608,-0.151
17609,-0.273
17610,-0.354
17611,-0.046
17612,-0.225
17613,-0.259
17614,-0.054
17615,-0.054
17616,-0.271
17617,-0.007
17618,0.063
17619,-0.222
17620,-0.269
17621,-0.173
17622,0.01
17623,-0.09
17624,-0.168
17625,-0.09
17626,-0.105
17627,-0.076
17628,-0.115
17629,-0.061
17630,-0.151
17631,-0.254
17632,-0.193
17633,-0.098
17634,-0.098
17635,-0.103
17636,-0.1
17637,-0.21
17638,-0.156
17639,-0.154
17640,0.098
17641,-0.002
17642,-0.073
17643,0.01
17644,0.032
17645,-0.066
17646,-0.139
17647,-0.002
17648,-0.063
17649,-0.139
17650,-0.398
17651,-0.127
17652,0.078
17653,-0.044
17654,-0.217
17655,-0.083
17656,-0.044
17657,-0.056
17658,-0.049
17659,-0.139
17660,0.151
17661,-0.21
17662,-0.034
17663,0.176
17664,0.022
17665,-0.288
17666,-0.149
17667,-0.066
17668,-0.261
17669,-0.251
17670,-0.266
17671,-0.171
17672,-0.122
17673,-0.132
17674,-0.188
17675,-0.107
17676,-0.183
17677,-0.22
17678,-0.002
17679,-0.063
17680,-0.063
17681,-0.073
17682,0.076
17683,-0.02
17684,-0.1
17685,0.017
17686,0.024
17687,-0.095
17688,-0.208
17689,-0.146
17690,-0.269
17691,-0.039
17692,-0.156
17693,-0.154
17694,-0.129
17695,0.015
17696,-0.125
17697,-0.176
17698,-0.005
17699,-0.015
17700,0.02
17701,-0.159
17702,-0.039
17703,-0.098
17704,-0.027
17705,-0.149
17706,-0.061
17707,0.061
17708,-0.237
17709,-0.205
17710,-0.278
17711,-0.222
17712,-0.229
17713,-0.085
17714,-0.085
17715,-0.02
17716,-0.237
17717,-0.161
17718,-0.112
17719,-0.166
17720,-0.002
17721,0.149
17722,0.007
17723,-0.178
17724,-0.146
17725,-0.261
17726,-0.112
17727,-0.12
17728,-0.105
17729,-0.095
17730,-0.164
17731,-0.186
17732,-0.042
17733,-0.059
17734,-0.298
17735,-0.098
17736,-0.129
17737,-0.125
17738,-0.015
17739,-0.066
17740,-0.093
17741,-0.107
17742,-0.049
17743,0.017
17744,0.017
17745,-0.317
17746,-0.283
17747,-0.068
17748,-0.19
17749,-0.024
17750,-0.129
17751,-0.166
17752,-0.356
17753,-0.007
17754,-0.276
17755,-0.168
17756,-0.217
17757,-0.024
17758,0.012
17759,-0.249
17760,-0.088
17761,-0.081
17762,-0.132
17763,-0.103
17764,0.142
17765,-0.244
17766,-0.059
17767,-0.002
17768,-0.039
17769,0.103
17770,-0.132
17771,-0.049
17772,-0.032
17773,-0.098
17774,-0.325
17775,-0.051
17776,-0.181
17777,-0.12
17778,-0.024
17779,-0.115
17780,-0.063
17781,-0.181
17782,-0.09
17783,-0.254
17784,-0.107
17785,-0.251
17786,-0.132
17787,-0.168
17788,-0.181
17789,-0.217
17790,-0.183
17791,-0.142
17792,-0.347
17793,-0.081
17794,-0.212
17795,-0.234
17796,-0.374
17797,0.002
17798,-0.081
17799,-0.107
17800,0.076
17801,0.066
17802,-0.176
17803,-0.283
17804,0.017
17805,-0.015
17806,-0.132
17807,-0.254
17808,-0.095
17809,-0.115
17810,-0.156
17811,-0.1
17812,-0.085
17813,-0.039
17814,-0.188
17815,-0.017
17816,0.02
17817,-0.024
17818,-0.09
17819,0.01
17820,-0.129
17821,-0.088
17822,-0.076
17823,-0.215
17824,0.007
17825,-0.049
17826,-0.146
17827,-0.356
17828,-0.103
17829,-0.105
17830,-0.168
17831,-0.261
17832,-0.027
17833,-0.059
17834,-0.256
17835,-0.176
17836,-0.144
17837,-0.122
17838,-0.356
17839,-0.149
17840,-0.002
17841,-0.066
17842,-0.071
17843,0.117
17844,0.107
17845,-0.283
17846,-0.161
17847,-0.134
17848,-0.063
17849,-0.137
17850,0.059
17851,0.134
17852,-0.146
17853,-0.232
17854,0.002
17855,0.044
17856,-0.276
17857,-0.095
17858,-0.103
17859,-0.063
17860,-0.183
17861,-0.146
17862,-0.154
17863,-0.095
17864,-0.254
17865,-0.278
17866,-0.103
17867,-0.283
17868,-0.234
17869,-0.2
17870,-0.134
17871,-0.105
17872,-0.056
17873,-0.288
17874,-0.083
17875,-0.022
17876,-0.22
17877,-0.161
17878,0.034
17879,0.117
17880,-0.112
17881,-0.188
17882,-0.034
17883,0.029
17884,-0.051
17885,-0.144
17886,-0.095
17887,-0.173
17888,-0.181
17889,-0.129
17890,-0.029
17891,-0.269
17892,-0.154
17893,-0.068
17894,0.007
17895,-0.105
17896,-0.32
17897,-0.122
17898,-0.039
17899,-0.139
17900,-0.198
17901,-0.049
17902,-0.251
17903,-0.227
17904,-0.02
17905,-0.027
17906,-0.171
17907,-0.239
17908,-0.046
17909,-0.117
17910,-0.266
17911,-0.352
17912,-0.098
17913,-0.159
17914,-0.291
17915,-0.251
17916,-0.166
17917,-0.061
17918,-0.132
17919,0.1
17920,-0.037
17921,0.044
17922,-0.127
17923,0.088
17924,-0.12
17925,-0.015
17926,-0.012
17927,0.015
17928,-0.044
17929,-0.281
17930,-0.156
17931,-0.129
17932,0.115
17933,-0.168
17934,0.107
17935,-0.081
17936,-0.227
17937,-0.234
17938,-0.164
17939,-0.298
17940,-0.181
17941,-0.051
17942,-0.081
17943,-0.107
17944,-0.068
17945,-0.098
17946,-0.222
17947,-0.068
17948,0.049
17949,-0.066
17950,0.024
17951,-0.112
17952,-0.144
17953,-0.208
17954,-0.061
17955,-0.3
17956,-0.042
17957,-0.042
17958,-0.073
17959,0.132
17960,-0.181
17961,-0.178
17962,-0.051
17963,0.007
17964,-0.088
17965,0.032
17966,-0.073
17967,-0.12
17968,-0.176
17969,-0.151
17970,0.11
17971,-0.022
17972,-0.198
17973,-0.161
17974,-0.208
17975,-0.498
17976,-0.054
17977,0.122
17978,-0.261
17979,-0.098
17980,0.061
17981,-0.159
17982,-0.264
17983,-0.095
17984,-0.188
17985,-0.178
17986,-0.312
17987,-0.337
17988,-0.237
17989,-0.466
17990,-0.322
17991,-0.007
17992,-0.122
17993,-0.225
17994,-0.017
17995,-0.142
17996,0.054
17997,-0.193
17998,-0.081
17999,0.105
18000,0.034
18001,-0.168
18002,-0.251
18003,-0.19
18004,0.024
18005,0.3
18006,-0.046
18007,0.054
18008,-0.085
18009,-0.156
18010,0.0
18011,0.024
18012,-0.188
18013,-0.366
18014,-0.237
18015,-0.159
18016,-0.254
18017,-0.374
18018,-0.222
18019,-0.066
18020,0.007
18021,-0.061
18022,0.002
18023,0.015
18024,-0.259
18025,-0.139
18026,-0.186
18027,-0.139
18028,-0.32
18029,-0.31
18030,-0.183
18031,-0.066
18032,0.017
18033,-0.198
18034,-0.256
18035,-0.076
18036,-0.078
18037,-0.103
18038,-0.107
18039,-0.059
18040,-0.352
18041,-0.198
18042,0.12
18043,0.146
18044,-0.239
18045,-0.273
18046,-0.122
18047,-0.061
18048,-0.073
18049,-0.042
18050,0.103
18051,-0.129
18052,-0.183
18053,-0.183
18054,-0.232
18055,-0.269
18056,0.146
18057,-0.166
18058,-0.01
18059,-0.193
18060,-0.242
18061,-0.33
18062,-0.151
18063,-0.085
18064,-0.11
18065,-0.105
18066,-0.09
18067,-0.022
18068,-0.071
18069,0.051
18070,-0.068
18071,-0.01
18072,-0.083
18073,-0.083
18074,-0.044
18075,-0.134
18076,0.005
18077,-0.266
18078,-0.078
18079,0.015
18080,-0.151
18081,-0.298
18082,0.007
18083,0.034
18084,0.066
18085,-0.129
18086,0.032
18087,0.037
18088,-0.156
18089,-0.144
18090,-0.032
18091,-0.017
18092,-0.229
18093,-0.063
18094,-0.117
18095,-0.249
18096,-0.31
18097,-0.051
18098,-0.034
18099,0.015
18100,-0.239
18101,-0.227
18102,-0.085
18103,-0.122
18104,-0.046
18105,0.076
18106,-0.115
18107,-0.215
18108,-0.095
18109,-0.098
18110,-0.173
18111,-0.071
18112,-0.117
18113,-0.083
18114,-0.237
18115,-0.166
18116,-0.002
18117,0.12
18118,-0.149
18119,-0.178
18120,-0.073
18121,-0.125
18122,-0.024
18123,-0.081
18124,-0.195
18125,-0.005
18126,0.012
18127,0.005
18128,0.017
18129,-0.278
18130,-0.288
18131,-0.066
18132,-0.017
18133,-0.088
18134,-0.242
18135,-0.034
18136,-0.056
18137,-0.115
18138,-0.151
18139,-0.098
18140,-0.229
18141,-0.244
18142,-0.034
18143,-0.042
18144,-0.183
18145,-0.171
18146,-0.137
18147,-0.212
18148,-0.159
18149,-0.315
18150,-0.161
18151,0.034
18152,-0.051
18153,-0.251
18154,-0.12
18155,-0.044
18156,-0.173
18157,-0.039
18158,-0.269
18159,-0.173
18160,-0.061
18161,-0.027
18162,-0.1
18163,-0.037
18164,-0.061
18165,0.01
18166,-0.056
18167,-0.117
18168,-0.007
18169,0.002
18170,0.012
18171,-0.115
18172,-0.217
18173,-0.134
18174,-0.044
18175,-0.176
18176,-0.156
18177,-0.134
18178,-0.33
18179,-0.156
18180,-0.188
18181,-0.056
18182,-0.181
18183,-0.161
18184,-0.056
18185,-0.039
18186,-0.127
18187,-0.139
18188,0.02
18189,-0.117
18190,-0.21
18191,-0.132
18192,-0.063
18193,-0.205
18194,-0.234
18195,-0.12
18196,-0.083
18197,0.02
18198,-0.139
18199,-0.083
18200,-0.171
18201,-0.159
18202,-0.173
18203,0.049
18204,-0.034
18205,-0.11
18206,0.007
18207,-0.112
18208,-0.01
18209,-0.088
18210,-0.09
18211,-0.11
18212,-0.002
18213,-0.117
18214,-0.144
18215,-0.195
18216,-0.117
18217,0.02
18218,-0.134
18219,-0.193
18220,-0.178
18221,-0.193
18222,-0.151
18223,-0.244
18224,-0.105
18225,-0.137
18226,-0.076
18227,-0.21
18228,-0.203
18229,-0.178
18230,-0.281
18231,-0.105
18232,0.02
18233,-0.286
18234,-0.173
18235,0.005
18236,-0.166
18237,-0.09
18238,-0.032
18239,0.098
18240,-0.044
18241,-0.142
18242,-0.134
18243,0.09
18244,0.01
18245,-0.01
18246,0.059
18247,-0.032
18248,-0.034
18249,-0.103
18250,-0.183
18251,-0.054
18252,-0.051
18253,-0.251
18254,-0.159
18255,-0.068
18256,-0.242
18257,-0.151
18258,-0.144
18259,-0.1
18260,-0.066
18261,-0.054
18262,-0.059
18263,-0.093
18264,-0.171
18265,-0.161
18266,0.024
18267,-0.173
18268,0.044
18269,-0.037
18270,-0.088
18271,-0.208
18272,-0.19
18273,-0.029
18274,-0.203
18275,-0.215
18276,-0.217
18277,-0.044
18278,-0.12
18279,-0.017
18280,0.061
18281,-0.002
18282,-0.366
18283,0.007
18284,0.054
18285,-0.071
18286,-0.071
18287,0.022
18288,0.032
18289,-0.039
18290,-0.188
18291,0.029
18292,0.105
18293,-0.032
18294,-0.222
18295,-0.21
18296,-0.007
18297,-0.278
18298,-0.249
18299,-0.156
18300,-0.205
18301,-0.195
18302,-0.293
18303,-0.073
18304,-0.137
18305,-0.063
18306,-0.103
18307,-0.073
18308,-0.203
18309,-0.159
18310,-0.066
18311,0.0
18312,-0.066
18313,-0.254
18314,-0.039
18315,-0.115
18316,-0.12
18317,-0.2
18318,-0.269
18319,-0.181
18320,-0.103
18321,-0.166
18322,-0.244
18323,-0.093
18324,-0.156
18325,-0.071
18326,-0.032
18327,0.012
18328,-0.088
18329,0.066
18330,0.066
18331,-0.042
18332,0.017
18333,-0.09
18334,0.007
18335,-0.33
18336,-0.276
18337,-0.483
18338,-0.288
18339,-0.007
18340,-0.139
18341,-0.168
18342,-0.063
18343,-0.146
18344,-0.256
18345,-0.083
18346,-0.11
18347,-0.237
18348,-0.139
18349,0.027
18350,-0.029
18351,0.098
18352,-0.1
18353,-0.161
18354,-0.044
18355,-0.076
18356,-0.198
18357,-0.103
18358,-0.122
18359,-0.293
18360,-0.034
18361,0.032
18362,-0.159
18363,-0.234
18364,-0.144
18365,-0.085
18366,-0.071
18367,-0.1
18368,-0.142
18369,-0.12
18370,-0.11
18371,-0.132
18372,-0.212
18373,0.049
18374,0.039
18375,-0.156
18376,-0.2
18377,-0.142
18378,-0.229
18379,-0.051
18380,-0.076
18381,-0.186
18382,-0.144
18383,-0.054
18384,-0.137
18385,-0.22
18386,-0.054
18387,-0.061
18388,-0.295
18389,-0.139
18390,-0.139
18391,-0.081
18392,-0.146
18393,-0.151
18394,-0.232
18395,-0.334
18396,-0.339
18397,-0.2
18398,-0.032
18399,-0.203
18400,-0.2
18401,-0.049
18402,0.093
18403,-0.139
18404,-0.093
18405,-0.078
18406,0.022
18407,-0.061
18408,0.137
18409,0.132
18410,-0.139
18411,-0.01
18412,-0.002
18413,-0.088
18414,-0.217
18415,0.051
18416,-0.056
18417,-0.186
18418,-0.137
18419,0.037
18420,-0.002
18421,-0.183
18422,-0.259
18423,-0.063
18424,-0.044
18425,-0.286
18426,-0.076
18427,-0.085
18428,-0.027
18429,-0.095
18430,-0.393
18431,-0.229
18432,0.051
18433,-0.107
18434,-0.208
18435,0.068
18436,-0.344
18437,-0.183
18438,-0.193
18439,0.085
18440,-0.183
18441,-0.186
18442,-0.129
18443,-0.117
18444,-0.112
18445,-0.242
18446,0.266
18447,-0.051
18448,-0.293
18449,-0.01
18450,0.049
18451,-0.352
18452,-0.056
18453,-0.039
18454,-0.19
18455,-0.039
18456,-0.251
18457,-0.129
18458,-0.212
18459,-0.12
18460,-0.095
18461,-0.134
18462,-0.107
18463,-0.007
18464,-0.059
18465,-0.195
18466,0.149
18467,-0.073
18468,-0.2
18469,-0.154
18470,-0.09
18471,-0.093
18472,0.076
18473,-0.276
18474,-0.227
18475,-0.005
18476,-0.193
18477,-0.09
18478,-0.256
18479,-0.308
18480,0.007
18481,-0.134
18482,-0.242
18483,0.007
18484,-0.261
18485,-0.43
18486,0.005
18487,-0.264
18488,-0.151
18489,-0.01
18490,-0.002
18491,-0.144
18492,-0.222
18493,-0.217
18494,0.066
18495,-0.083
18496,-0.239
18497,-0.032
18498,-0.269
18499,-0.332
18500,-0.1
18501,-0.039
18502,-0.144
18503,-0.054
18504,-0.144
18505,-0.232
18506,-0.081
18507,-0.11
18508,0.054
18509,0.02
18510,-0.059
18511,-0.149
18512,-0.125
18513,-0.337
18514,-0.073
18515,-0.029
18516,-0.374
18517,-0.195
18518,-0.073
18519,-0.3
18520,-0.132
18521,0.02
18522,-0.12
18523,-0.1
18524,-0.193
18525,-0.183
18526,-0.039
18527,-0.2
18528,-0.005
18529,0.088
18530,0.02
18531,-0.076
18532,-0.02
18533,-0.093
18534,-0.11
18535,-0.105
18536,-0.112
18537,0.039
18538,-0.217
18539,-0.176
18540,-0.068
18541,-0.11
18542,-0.254
18543,-0.166
18544,-0.044
18545,-0.127
18546,-0.139
18547,-0.107
18548,-0.081
18549,-0.083
18550,0.042
18551,-0.044
18552,-0.103
18553,-0.183
18554,-0.095
18555,-0.095
18556,-0.122
18557,-0.139
18558,-0.137
18559,-0.237
18560,-0.039
18561,-0.049
18562,-0.225
18563,-0.225
18564,-0.083
18565,-0.085
18566,-0.122
18567,-0.09
18568,-0.022
18569,-0.085
18570,-0.034
18571,-0.029
18572,-0.063
18573,-0.105
18574,-0.132
18575,-0.127
18576,-0.012
18577,-0.107
18578,-0.105
18579,-0.142
18580,-0.161
18581,-0.063
18582,-0.012
18583,-0.024
18584,-0.273
18585,-0.034
18586,-0.156
18587,-0.071
18588,-0.195
18589,0.09
18590,-0.022
18591,-0.076
18592,-0.166
18593,-0.256
18594,-0.078
18595,-0.022
18596,-0.139
18597,-0.259
18598,-0.232
18599,-0.198
18600,-0.22
18601,-0.19
18602,-0.11
18603,-0.129
18604,-0.242
18605,-0.203
18606,-0.173
18607,-0.039
18608,-0.02
18609,0.044
18610,0.032
18611,-0.09
18612,-0.063
18613,-0.02
18614,-0.134
18615,-0.134
18616,-0.088
18617,-0.078
18618,-0.042
18619,-0.217
18620,-0.205
18621,-0.215
18622,-0.107
18623,-0.044
18624,-0.11
18625,-0.093
18626,-0.098
18627,-0.049
18628,-0.095
18629,-0.005
18630,-0.012
18631,-0.012
18632,-0.044
18633,-0.02
18634,0.083
18635,-0.085
18636,-0.254
18637,-0.293
18638,-0.129
18639,-0.166
18640,-0.273
18641,-0.283
18642,-0.125
18643,-0.283
18644,-0.298
18645,-0.144
18646,-0.02
18647,-0.085
18648,-0.205
18649,0.061
18650,-0.051
18651,-0.11
18652,-0.078
18653,-0.078
18654,0.146
18655,-0.007
18656,-0.266
18657,0.007
18658,0.134
18659,-0.435
18660,-0.298
18661,-0.022
18662,-0.039
18663,-0.342
18664,-0.278
18665,-0.286
18666,-0.249
18667,-0.222
18668,-0.149
18669,0.056
18670,-0.12
18671,-0.107
18672,-0.203
18673,-0.103
18674,-0.171
18675,-0.144
18676,0.012
18677,-0.12
18678,-0.212
18679,-0.303
18680,-0.249
18681,-0.33
18682,-0.188
18683,-0.227
18684,-0.103
18685,-0.115
18686,-0.093
18687,-0.063
18688,-0.061
18689,0.181
18690,0.017
18691,-0.095
18692,-0.132
18693,0.073
18694,-0.039
18695,0.022
18696,0.002
18697,0.0
18698,0.032
18699,-0.073
18700,-0.11
18701,-0.305
18702,-0.164
18703,-0.129
18704,-0.137
18705,-0.244
18706,-0.281
18707,-0.212
18708,-0.168
18709,-0.115
18710,-0.269
18711,0.015
18712,0.007
18713,-0.127
18714,-0.178
18715,0.027
18716,-0.166
18717,-0.117
18718,-0.098
18719,-0.059
18720,-0.164
18721,-0.271
18722,-0.156
18723,-0.156
18724,-0.161
18725,-0.142
18726,-0.112
18727,-0.054
18728,-0.146
18729,-0.198
18730,-0.066
18731,0.027
18732,-0.171
18733,0.002
18734,-0.01
18735,0.154
18736,-0.115
18737,-0.093
18738,-0.051
18739,-0.132
18740,-0.208
18741,-0.12
18742,-0.078
18743,-0.793
18744,-0.615
18745,-0.312
18746,0.037
18747,-0.12
18748,-0.156
18749,-0.186
18750,-0.261
18751,-0.261
18752,-0.098
18753,-0.037
18754,-0.037
18755,0.007
18756,-0.042
18757,-0.005
18758,-0.237
18759,-0.159
18760,-0.161
18761,-0.076
18762,-0.271
18763,-0.186
18764,-0.103
18765,-0.042
18766,-0.044
18767,-0.142
18768,-0.161
18769,-0.151
18770,0.051
18771,-0.032
18772,-0.151
18773,-0.049
18774,0.076
18775,0.029
18776,-0.081
18777,0.046
18778,-0.078
18779,-0.059
18780,-0.142
18781,-0.01
18782,-0.115
18783,-0.181
18784,-0.166
18785,-0.093
18786,-0.078
18787,-0.247
18788,-0.122
18789,-0.137
18790,-0.125
18791,-0.095
18792,0.083
18793,-0.181
18794,-0.254
18795,0.046
18796,0.037
18797,-0.093
18798,-0.173
18799,0.068
18800,-0.193
18801,-0.129
18802,-0.061
18803,-0.176
18804,-0.178
18805,-0.129
18806,-0.105
18807,-0.325
18808,-0.127
18809,-0.127
18810,0.017
18811,0.063
18812,-0.125
18813,-0.098
18814,0.007
18815,-0.032
18816,-0.183
18817,0.115
18818,-0.186
18819,-0.144
18820,-0.215
18821,-0.098
18822,-0.164
18823,-0.085
18824,-0.02
18825,-0.139
18826,-0.244
18827,-0.21
18828,-0.061
18829,-0.332
18830,-0.188
18831,0.034
18832,-0.01
18833,-0.151
18834,-0.115
18835,-0.122
18836,-0.139
18837,-0.073
18838,-0.037
18839,0.061
18840,-0.22
18841,-0.127
18842,-0.044
18843,-0.015
18844,-0.203
18845,-0.166
18846,-0.146
18847,-0.254
18848,-0.081
18849,-0.205
18850,-0.1
18851,-0.149
18852,0.01
18853,-0.181
18854,0.017
18855,0.056
18856,-0.208
18857,-0.017
18858,0.195
18859,0.005
18860,-0.269
18861,-0.063
18862,-0.193
18863,0.059
18864,-0.137
18865,-0.212
18866,-0.056
18867,-0.232
18868,-0.273
18869,-0.176
18870,-0.129
18871,-0.049
18872,-0.061
18873,-0.059
18874,-0.051
18875,-0.107
18876,-0.225
18877,-0.122
18878,-0.159
18879,-0.156
18880,-0.288
18881,-0.156
18882,-0.054
18883,-0.188
18884,-0.342
18885,-0.049
18886,-0.081
18887,-0.19
18888,0.034
18889,-0.081
18890,-0.107
18891,-0.071
18892,0.012
18893,-0.183
18894,-0.027
18895,-0.066
18896,-0.005
18897,-0.171
18898,-0.244
18899,0.09
18900,-0.024
18901,-0.166
18902,-0.083
18903,-0.02
18904,-0.386
18905,0.039
18906,0.007
18907,-0.247
18908,-0.347
18909,-0.134
18910,-0.007
18911,-0.208
18912,-0.132
18913,0.12
18914,0.034
18915,-0.205
18916,0.029
18917,-0.005
18918,-0.164
18919,0.007
18920,-0.098
18921,-0.049
18922,-0.259
18923,-0.222
18924,-0.281
18925,-0.298
18926,-0.469
18927,-0.244
18928,0.066
18929,-0.122
18930,-0.244
18931,-0.061
18932,0.083
18933,-0.188
18934,0.032
18935,-0.005
18936,0.085
18937,0.073
18938,-0.037
18939,-0.1
18940,-0.107
18941,-0.159
18942,-0.144
18943,-0.054
18944,-0.244
18945,-0.11
18946,-0.168
18947,-0.278
18948,-0.305
18949,0.024
18950,-0.176
18951,-0.242
18952,-0.059
18953,-0.164
18954,-0.151
18955,-0.173
18956,0.142
18957,-0.024
18958,-0.198
18959,-0.112
18960,-0.022
18961,-0.2
18962,0.044
18963,0.068
18964,-0.188
18965,-0.183
18966,-0.142
18967,-0.217
18968,-0.291
18969,-0.181
18970,-0.078
18971,0.066
18972,-0.342
18973,-0.32
18974,0.051
18975,-0.1
18976,0.217
18977,0.051
18978,-0.134
18979,-0.012
18980,-0.129
18981,-0.203
18982,-0.002
18983,-0.176
18984,-0.178
18985,-0.015
18986,-0.364
18987,-0.178
18988,-0.244
18989,-0.271
18990,-0.081
18991,-0.09
18992,-0.264
18993,-0.21
18994,-0.173
18995,-0.212
18996,0.049
18997,-0.1
18998,-0.127
18999,-0.227
19000,-0.139
19001,-0.078
19002,0.115
19003,-0.017
19004,0.024
19005,0.005
19006,-0.298
19007,-0.168
19008,-0.315
19009,-0.063
19010,0.068
19011,-0.134
19012,-0.413
19013,0.127
19014,-0.112
19015,-0.159
19016,0.02
19017,-0.093
19018,-0.093
19019,-0.015
19020,-0.142
19021,-0.083
19022,-0.068
19023,-0.024
19024,-0.078
19025,-0.088
19026,-0.244
19027,-0.081
19028,-0.215
19029,-0.129
19030,-0.149
19031,0.002
19032,-0.171
19033,-0.21
19034,-0.195
19035,-0.081
19036,-0.198
19037,-0.068
19038,0.117
19039,-0.305
19040,-0.22
19041,-0.015
19042,-0.12
19043,-0.059
19044,0.161
19045,-0.144
19046,-0.239
19047,-0.049
19048,-0.195
19049,-0.012
19050,0.015
19051,-0.125
19052,-0.215
19053,-0.059
19054,-0.186
19055,-0.227
19056,-0.212
19057,-0.022
19058,0.059
19059,0.01
19060,-0.078
19061,-0.139
19062,0.005
19063,-0.208
19064,-0.212
19065,0.039
19066,-0.188
19067,-0.09
19068,-0.083
19069,-0.254
19070,-0.22
19071,0.134
19072,0.039
19073,-0.251
19074,-0.149
19075,0.005
19076,0.017
19077,-0.115
19078,-0.122
19079,0.005
19080,-0.095
19081,-0.029
19082,-0.044
19083,-0.249
19084,-0.146
19085,-0.215
19086,-0.081
19087,-0.21
19088,-0.315
19089,-0.256
19090,-0.173
19091,-0.188
19092,-0.127
19093,0.02
19094,-0.063
19095,-0.027
19096,-0.166
19097,0.063
19098,-0.024
19099,-0.007
19100,-0.032
19101,-0.098
19102,-0.21
19103,-0.303
19104,-0.183
19105,-0.09
19106,0.071
19107,0.107
19108,-0.11
19109,-0.161
19110,0.024
19111,-0.137
19112,-0.049
19113,-0.105
19114,-0.21
19115,-0.098
19116,-0.156
19117,-0.02
19118,0.066
19119,-0.098
19120,-0.244
19121,-0.061
19122,0.042
19123,-0.359
19124,-0.364
19125,-0.073
19126,-0.188
19127,-0.383
19128,-0.254
19129,0.051
19130,-0.093
19131,-0.142
19132,-0.195
19133,0.046
19134,0.029
19135,-0.186
19136,-0.042
19137,0.186
19138,-0.188
19139,-0.149
19140,0.232
19141,-0.022
19142,-0.117
19143,0.071
19144,-0.134
19145,-0.176
19146,0.007
19147,-0.154
19148,-0.098
19149,-0.388
19150,-0.127
19151,-0.271
19152,-0.168
19153,-0.161
19154,-0.076
19155,-0.4
19156,-0.298
19157,0.105
19158,-0.134
19159,-0.271
19160,0.056
19161,0.037
19162,-0.134
19163,-0.029
19164,-0.286
19165,-0.173
19166,-0.063
19167,0.012
19168,0.068
19169,-0.222
19170,-0.242
19171,0.0
19172,-0.034
19173,-0.349
19174,-0.144
19175,-0.183
19176,-0.073
19177,0.022
19178,-0.271
19179,-0.215
19180,-0.027
19181,-0.095
19182,-0.115
19183,-0.051
19184,-0.232
19185,-0.183
19186,-0.09
19187,-0.166
19188,-0.095
19189,-0.107
19190,-0.151
19191,-0.081
19192,-0.127
19193,-0.229
19194,0.1
19195,-0.049
19196,-0.237
19197,-0.059
19198,-0.054
19199,-0.059
19200,0.059
19201,-0.01
19202,-0.125
19203,0.132
19204,-0.044
19205,-0.059
19206,0.042
19207,-0.168
19208,-0.303
19209,-0.127
19210,-0.1
19211,-0.291
19212,-0.19
19213,-0.144
19214,-0.059
19215,-0.161
19216,-0.237
19217,0.061
19218,-0.239
19219,0.032
19220,0.017
19221,-0.254
19222,0.015
19223,0.186
19224,-0.264
19225,0.129
19226,0.059
19227,-0.325
19228,-0.132
19229,-0.039
19230,-0.178
19231,-0.049
19232,-0.408
19233,-0.217
19234,0.159
19235,-0.63
19236,-0.342
19237,0.283
19238,-0.137
19239,-0.232
19240,0.188
19241,-0.205
19242,-0.183
19243,-0.1
19244,-0.083
19245,-0.032
19246,-0.161
19247,-0.269
19248,0.02
19249,-0.056
19250,-0.288
19251,-0.229
19252,-0.186
19253,-0.049
19254,-0.139
19255,-0.266
19256,-0.073
19257,0.171
19258,-0.12
19259,-0.166
19260,-0.005
19261,-0.02
19262,-0.19
19263,-0.049
19264,0.259
19265,-0.007
19266,-0.295
19267,-0.051
19268,0.049
19269,-0.295
19270,-0.337
19271,-0.103
19272,-0.09
19273,-0.295
19274,-0.344
19275,-0.208
19276,-0.061
19277,-0.164
19278,-0.088
19279,-0.002
19280,-0.161
19281,-0.076
19282,0.007
19283,-0.093
19284,-0.139
19285,-0.081
19286,-0.146
19287,-0.183
19288,-0.222
19289,-0.125
19290,-0.144
19291,-0.249
19292,-0.063
19293,-0.242
19294,-0.312
19295,-0.076
19296,-0.115
19297,-0.203
19298,-0.037
19299,0.12
19300,-0.037
19301,-0.127
19302,-0.11
19303,0.049
19304,0.056
19305,-0.083
19306,-0.081
19307,-0.076
19308,-0.234
19309,-0.098
19310,-0.002
19311,-0.176
19312,-0.227
19313,-0.278
19314,-0.12
19315,-0.11
19316,-0.103
19317,-0.139
19318,-0.012
19319,-0.032
19320,-0.227
19321,-0.215
19322,-0.117
19323,0.076
19324,-0.22
19325,-0.144
19326,-0.12
19327,-0.159
19328,-0.068
19329,-0.005
19330,-0.237
19331,-0.159
19332,-0.222
19333,-0.159
19334,-0.278
19335,-0.173
19336,-0.076
19337,-0.232
19338,-0.027
19339,0.088
19340,-0.1
19341,-0.247
19342,-0.073
19343,0.044
19344,-0.139
19345,-0.244
19346,-0.161
19347,0.12
19348,-0.007
19349,-0.229
19350,-0.029
19351,0.005
19352,-0.159
19353,-0.144
19354,-0.166
19355,-0.325
19356,-0.208
19357,-0.281
19358,-0.083
19359,0.049
19360,-0.271
19361,-0.308
19362,-0.039
19363,0.115
19364,-0.09
19365,-0.068
19366,-0.12
19367,-0.054
19368,-0.195
19369,-0.312
19370,-0.066
19371,-0.093
19372,-0.066
19373,-0.129
19374,-0.159
19375,-0.215
19376,-0.181
19377,-0.171
19378,0.137
19379,-0.393
19380,-0.176
19381,0.044
19382,0.01
19383,-0.059
19384,-0.183
19385,-0.295
19386,0.059
19387,-0.095
19388,-0.361
19389,-0.188
19390,0.137
19391,-0.098
19392,-0.183
19393,-0.132
19394,-0.049
19395,-0.205
19396,-0.024
19397,-0.051
19398,0.063
19399,-0.225
19400,-0.417
19401,0.088
19402,0.215
19403,-0.171
19404,-0.327
19405,0.193
19406,-0.105
19407,-0.103
19408,-0.259
19409,0.024
19410,-0.181
19411,-0.12
19412,-0.225
19413,0.0
19414,-0.486
19415,-0.186
19416,-0.186
19417,-0.244
19418,-0.132
19419,-0.183
19420,-0.317
19421,0.244
19422,-0.01
19423,-0.183
19424,-0.105
19425,0.01
19426,-0.029
19427,0.007
19428,-0.4
19429,-0.002
19430,0.037
19431,-0.288
19432,-0.137
19433,0.11
19434,-0.073
19435,-0.227
19436,-0.156
19437,-0.317
19438,-0.215
19439,-0.139
19440,-0.002
19441,-0.024
19442,-0.21
19443,-0.173
19444,0.002
19445,-0.134
19446,-0.269
19447,-0.024
19448,-0.129
19449,-0.188
19450,-0.146
19451,-0.066
19452,-0.317
19453,-0.352
19454,-0.061
19455,0.02
19456,-0.137
19457,-0.227
19458,-0.195
19459,0.034
19460,-0.034
19461,-0.115
19462,0.112
19463,0.19
19464,-0.122
19465,-0.208
19466,-0.156
19467,-0.125
19468,-0.032
19469,-0.029
19470,-0.01
19471,-0.029
19472,-0.266
19473,-0.112
19474,0.027
19475,-0.212
19476,-0.232
19477,-0.044
19478,-0.107
19479,-0.134
19480,-0.105
19481,-0.317
19482,-0.237
19483,0.015
19484,0.01
19485,-0.222
19486,-0.251
19487,-0.098
19488,-0.032
19489,-0.149
19490,-0.232
19491,-0.173
19492,-0.071
19493,-0.317
19494,-0.215
19495,0.044
19496,-0.225
19497,-0.232
19498,0.071
19499,0.024
19500,-0.205
19501,-0.142
19502,0.027
19503,-0.022
19504,-0.164
19505,-0.032
19506,0.068
19507,-0.081
19508,-0.12
19509,-0.139
19510,-0.127
19511,-0.198
19512,-0.137
19513,-0.107
19514,-0.22
19515,-0.149
19516,-0.171
19517,-0.188
19518,0.02
19519,-0.063
19520,-0.229
19521,-0.061
19522,-0.232
19523,-0.271
19524,-0.142
19525,-0.071
19526,0.022
19527,-0.037
19528,-0.073
19529,-0.242
19530,-0.186
19531,-0.144
19532,0.005
19533,-0.083
19534,-0.168
19535,-0.159
19536,-0.046
19537,-0.044
19538,-0.198
19539,-0.107
19540,-0.046
19541,-0.073
19542,-0.139
19543,-0.059
19544,-0.002
19545,-0.09
19546,-0.056
19547,-0.029
19548,-0.168
19549,-0.173
19550,-0.027
19551,-0.146
19552,-0.303
19553,-0.122
19554,0.066
19555,-0.1
19556,-0.229
19557,-0.239
19558,0.032
19559,-0.059
19560,-0.227
19561,-0.166
19562,-0.051
19563,-0.034
19564,-0.171
19565,-0.149
19566,-0.044
19567,0.012
19568,-0.012
19569,-0.068
19570,0.0
19571,-0.042
19572,-0.11
19573,-0.063
19574,-0.117
19575,-0.176
19576,-0.132
19577,-0.02
19578,0.029
19579,-0.088
19580,-0.193
19581,0.0
19582,0.024
19583,-0.139
19584,-0.024
19585,-0.049
19586,-0.046
19587,-0.12
19588,-0.037
19589,0.037
19590,0.073
19591,-0.068
19592,-0.027
19593,-0.081
19594,0.007
19595,-0.098
19596,-0.222
19597,-0.059
19598,-0.081
19599,-0.178
19600,-0.122
19601,-0.01
19602,0.027
19603,-0.117
19604,-0.088
19605,0.071
19606,-0.044
19607,-0.232
19608,-0.068
19609,-0.039
19610,-0.139
19611,-0.217
19612,-0.017
19613,-0.024
19614,-0.039
19615,-0.156
19616,-0.007
19617,-0.107
19618,-0.154
19619,-0.061
19620,-0.071
19621,-0.115
19622,-0.227
19623,-0.037
19624,0.063
19625,-0.12
19626,-0.037
19627,-0.039
19628,-0.132
19629,-0.203
19630,0.054
19631,0.01
19632,-0.044
19633,-0.176
19634,-0.049
19635,-0.19
19636,-0.061
19637,-0.117
19638,-0.078
19639,-0.054
19640,-0.154
19641,-0.098
19642,-0.117
19643,-0.034
19644,-0.215
19645,-0.256
19646,-0.085
19647,-0.176
19648,-0.071
19649,-0.076
19650,0.029
19651,-0.068
19652,-0.183
19653,-0.156
19654,-0.156
19655,-0.181
19656,-0.107
19657,-0.093
19658,-0.081
19659,-0.154
19660,-0.059
19661,0.02
19662,-0.156
19663,-0.166
19664,0.193
19665,-0.059
19666,-0.249
19667,-0.117
19668,0.039
19669,-0.12
19670,-0.117
19671,-0.142
19672,-0.195
19673,-0.21
19674,0.083
19675,0.056
19676,-0.247
19677,-0.081
19678,-0.02
19679,-0.156
19680,-0.239
19681,-0.144
19682,-0.117
19683,-0.022
19684,-0.234
19685,-0.208
19686,0.049
19687,0.037
19688,-0.105
19689,-0.01
19690,-0.281
19691,-0.085
19692,0.261
19693,-0.159
19694,-0.579
19695,-0.271
19696,-0.027
19697,-0.122
19698,-0.181
19699,-0.076
19700,-0.107
19701,-0.127
19702,-0.168
19703,0.042
19704,-0.046
19705,-0.056
19706,0.037
19707,-0.117
19708,-0.203
19709,-0.088
19710,-0.188
19711,0.076
19712,-0.076
19713,-0.427
19714,-0.083
19715,-0.027
19716,-0.081
19717,-0.122
19718,-0.117
19719,-0.125
19720,0.0
19721,-0.154
19722,-0.081
19723,-0.066
19724,-0.308
19725,-0.017
19726,0.112
19727,-0.312
19728,-0.312
19729,0.117
19730,-0.024
19731,-0.198
19732,-0.063
19733,-0.139
19734,-0.112
19735,-0.176
19736,-0.027
19737,-0.078
19738,0.115
19739,-0.132
19740,-0.037
19741,0.164
19742,0.007
19743,-0.161
19744,-0.322
19745,-0.112
19746,0.129
19747,-0.269
19748,-0.325
19749,0.105
19750,-0.073
19751,-0.339
19752,-0.164
19753,-0.198
19754,-0.178
19755,-0.186
19756,-0.21
19757,-0.103
19758,-0.125
19759,-0.217
19760,-0.132
19761,-0.344
19762,-0.369
19763,-0.32
19764,-0.068
19765,-0.173
19766,-0.198
19767,-0.217
19768,-0.254
19769,0.027
19770,-0.166
19771,-0.242
19772,-0.027
19773,-0.371
19774,-0.146
19775,-0.129
19776,-0.247
19777,-0.227
19778,-0.132
19779,-0.11
19780,-0.115
19781,-0.2
19782,-0.22
19783,-0.063
19784,-0.078
19785,-0.122
19786,0.049
19787,0.044
19788,-0.1
19789,0.015
19790,-0.007
19791,-0.146
19792,-0.01
19793,-0.071
19794,-0.051
19795,-0.029
19796,-0.315
19797,-0.227
19798,-0.249
19799,-0.376
19800,-0.166
19801,-0.068
19802,-0.295
19803,-0.215
19804,-0.21
19805,-0.125
19806,0.002
19807,0.032
19808,-0.117
19809,-0.066
19810,-0.002
19811,-0.095
19812,-0.149
19813,-0.093
19814,-0.081
19815,-0.083
19816,-0.164
19817,-0.156
19818,-0.073
19819,-0.132
19820,-0.261
19821,-0.076
19822,-0.024
19823,-0.203
19824,-0.427
19825,-0.239
19826,-0.044
19827,0.027
19828,-0.244
19829,0.002
19830,-0.063
19831,-0.078
19832,-0.029
19833,0.024
19834,-0.039
19835,-0.139
19836,-0.09
19837,-0.134
19838,0.02
19839,-0.11
19840,-0.139
19841,0.037
19842,-0.242
19843,-0.247
19844,-0.134
19845,0.132
19846,-0.054
19847,-0.132
19848,-0.171
19849,-0.107
19850,-0.173
19851,0.061
19852,-0.286
19853,-0.122
19854,0.19
19855,-0.027
19856,-0.266
19857,-0.183
19858,-0.051
19859,-0.264
19860,-0.217
19861,-0.134
19862,-0.115
19863,-0.142
19864,-0.21
19865,-0.208
19866,-0.056
19867,-0.093
19868,-0.232
19869,-0.044
19870,-0.154
19871,-0.132
19872,-0.151
19873,-0.088
19874,-0.051
19875,-0.088
19876,-0.181
19877,-0.146
19878,-0.117
19879,-0.188
19880,-0.01
19881,-0.117
19882,-0.059
19883,-0.049
19884,-0.195
19885,-0.071
19886,-0.061
19887,-0.09
19888,-0.142
19889,-0.076
19890,-0.188
19891,-0.112
19892,-0.107
19893,-0.195
19894,-0.137
19895,-0.088
19896,-0.19
19897,-0.225
19898,-0.059
19899,-0.33
19900,-0.266
19901,-0.068
19902,-0.01
19903,-0.161
19904,-0.129
19905,-0.115
19906,-0.002
19907,-0.261
19908,-0.217
19909,0.039
19910,-0.054
19911,-0.122
19912,-0.063
19913,0.01
19914,-0.027
19915,-0.134
19916,-0.046
19917,0.029
19918,-0.103
19919,-0.244
19920,-0.051
19921,-0.073
19922,-0.049
19923,-0.134
19924,-0.098
19925,-0.129
19926,-0.098
19927,-0.195
19928,-0.107
19929,0.022
19930,0.002
19931,0.0
19932,-0.227
19933,-0.137
19934,-0.039
19935,-0.105
19936,-0.154
19937,-0.068
19938,-0.161
19939,-0.122
19940,-0.117
19941,-0.1
19942,-0.142
19943,-0.242
19944,-0.049
19945,-0.12
19946,-0.073
19947,-0.171
19948,-0.159
19949,-0.012
19950,0.0
19951,-0.088
19952,-0.125
19953,-0.039
19954,-0.132
19955,-0.122
19956,-0.054
19957,-0.005
19958,-0.107
19959,-0.173
19960,-0.339
19961,-0.083
19962,-0.039
19963,-0.181
19964,-0.073
19965,-0.22
19966,-0.105
19967,-0.007
19968,-0.098
19969,-0.144
19970,-0.039
19971,-0.081
19972,-0.144
19973,-0.068
19974,-0.142
19975,-0.173
19976,-0.181
19977,-0.093
19978,-0.049
19979,-0.083
19980,-0.227
19981,-0.19
19982,-0.076
19983,-0.115
19984,-0.024
19985,-0.095
19986,0.005
19987,-0.156
19988,-0.078
19989,0.071
19990,-0.112
19991,-0.156
19992,-0.034
19993,0.042
19994,-0.093
19995,-0.066
19996,-0.034
19997,-0.017
19998,-0.168
19999,-0.149
20000,-0.022
20001,-0.105
20002,-0.378
20003,-0.051
20004,-0.078
20005,-0.195
20006,-0.088
20007,-0.178
20008,-0.1
20009,-0.151
20010,-0.334
20011,0.022
20012,0.0
20013,-0.305
20014,-0.059
20015,0.044
20016,-0.308
20017,-0.183
20018,-0.122
20019,-0.029
20020,-0.195
20021,-0.11
20022,-0.237
20023,-0.059
20024,-0.19
20025,-0.308
20026,-0.054
20027,-0.071
20028,-0.105
20029,-0.093
20030,-0.017
20031,-0.103
20032,-0.01
20033,-0.076
20034,-0.022
20035,-0.122
20036,-0.166
20037,-0.066
20038,-0.015
20039,0.027
20040,-0.195
20041,-0.068
20042,-0.127
20043,-0.159
20044,-0.286
20045,-0.081
20046,-0.056
20047,-0.308
20048,-0.056
20049,-0.217
20050,-0.103
20051,-0.115
20052,0.078
20053,-0.051
20054,-0.027
20055,-0.115
20056,-0.288
20057,-0.01
20058,-0.007
20059,-0.034
20060,-0.271
20061,-0.269
20062,-0.225
20063,0.002
20064,-0.22
20065,-0.09
20066,0.076
20067,-0.049
20068,-0.22
20069,-0.142
20070,-0.005
20071,-0.22
20072,-0.061
20073,-0.132
20074,-0.088
20075,-0.142
20076,-0.154
20077,-0.103
20078,0.037
20079,-0.222
20080,-0.234
20081,0.012
20082,-0.242
20083,-0.098
20084,-0.059
20085,-0.134
20086,-0.173
20087,0.007
20088,-0.173
20089,-0.229
20090,0.093
20091,-0.151
20092,-0.208
20093,-0.215
20094,-0.171
20095,-0.188
20096,0.159
20097,-0.132
20098,-0.251
20099,-0.183
20100,-0.325
20101,-0.249
20102,-0.144
20103,-0.117
20104,-0.256
20105,0.044
20106,-0.117
20107,-0.056
20108,-0.046
20109,-0.188
20110,0.112
20111,0.107
20112,-0.054
20113,-0.188
20114,0.037
20115,-0.127
20116,-0.071
20117,-0.122
20118,0.01
20119,-0.066
20120,-0.232
20121,-0.042
20122,-0.078
20123,-0.269
20124,-0.242
20125,-0.088
20126,-0.105
20127,-0.02
20128,-0.11
20129,-0.095
20130,0.1
20131,-0.276
20132,-0.227
20133,-0.264
20134,-0.105
20135,-0.054
20136,-0.159
20137,-0.215
20138,-0.156
20139,-0.208
20140,-0.125
20141,-0.042
20142,0.056
20143,-0.071
20144,-0.125
20145,-0.149
20146,-0.061
20147,-0.203
20148,-0.186
20149,-0.149
20150,-0.149
20151,-0.212
20152,-0.095
20153,0.032
20154,0.032
20155,-0.334
20156,-0.173
20157,0.134
20158,0.156
20159,-0.261
20160,-0.259
20161,-0.054
20162,0.01
20163,-0.02
20164,-0.183
20165,-0.02
20166,-0.168
20167,-0.371
20168,-0.183
20169,-0.12
20170,-0.215
20171,-0.312
20172,-0.142
20173,-0.322
20174,-0.186
20175,-0.195
20176,-0.032
20177,-0.039
20178,0.095
20179,-0.002
20180,-0.029
20181,0.027
20182,-0.291
20183,-0.305
20184,-0.137
20185,-0.061
20186,-0.264
20187,-0.227
20188,-0.198
20189,-0.088
20190,0.076
20191,-0.171
20192,0.037
20193,-0.107
20194,-0.286
20195,-0.305
20196,0.029
20197,-0.078
20198,-0.068
20199,-0.088
20200,0.034
20201,-0.2
20202,-0.181
20203,0.107
20204,0.032
20205,-0.271
20206,-0.271
20207,0.037
20208,-0.039
20209,-0.173
20210,-0.078
20211,-0.068
20212,-0.178
20213,-0.229
20214,0.049
20215,-0.049
20216,-0.037
20217,-0.176
20218,-0.166
20219,-0.3
20220,-0.193
20221,-0.381
20222,-0.281
20223,-0.088
20224,-0.19
20225,0.0
20226,-0.112
20227,-0.154
20228,-0.071
20229,-0.056
20230,-0.19
20231,-0.012
20232,0.039
20233,-0.02
20234,-0.149
20235,-0.222
20236,0.042
20237,-0.078
20238,-0.066
20239,-0.078
20240,0.085
20241,-0.188
20242,-0.188
20243,-0.093
20244,0.01
20245,-0.056
20246,-0.039
20247,-0.176
20248,-0.312
20249,-0.212
20250,-0.117
20251,0.0
20252,-0.051
20253,-0.093
20254,-0.032
20255,-0.159
20256,-0.183
20257,-0.063
20258,-0.015
20259,-0.146
20260,-0.054
20261,-0.049
20262,-0.095
20263,-0.217
20264,-0.132
20265,-0.19
20266,-0.144
20267,-0.222
20268,-0.171
20269,0.015
20270,-0.239
20271,-0.039
20272,0.061
20273,-0.027
20274,-0.261
20275,-0.083
20276,-0.078
20277,-0.127
20278,-0.095
20279,0.01
20280,0.024
20281,-0.244
20282,-0.073
20283,-0.022
20284,-0.078
20285,-0.208
20286,-0.142
20287,-0.2
20288,-0.244
20289,-0.088
20290,-0.09
20291,-0.127
20292,-0.188
20293,0.132
20294,-0.142
20295,-0.11
20296,-0.103
20297,-0.039
20298,-0.159
20299,-0.024
20300,-0.051
20301,-0.066
20302,0.044
20303,-0.271
20304,-0.129
20305,-0.193
20306,-0.261
20307,-0.22
20308,-0.1
20309,-0.242
20310,-0.249
20311,0.059
20312,-0.093
20313,-0.181
20314,-0.139
20315,0.049
20316,-0.151
20317,-0.093
20318,-0.007
20319,-0.125
20320,-0.259
20321,-0.122
20322,0.039
20323,-0.049
20324,-0.01
20325,-0.264
20326,0.049
20327,-0.029
20328,-0.081
20329,-0.11
20330,-0.007
20331,-0.283
20332,-0.281
20333,0.071
20334,0.029
20335,0.005
20336,-0.046
20337,0.012
20338,-0.195
20339,-0.156
20340,-0.215
20341,-0.178
20342,-0.215
20343,-0.198
20344,-0.063
20345,-0.242
20346,-0.261
20347,-0.09
20348,0.046
20349,-0.217
20350,-0.273
20351,-0.083
20352,-0.095
20353,0.066
20354,0.056
20355,-0.066
20356,-0.122
20357,0.081
20358,-0.103
20359,-0.032
20360,-0.173
20361,-0.012
20362,0.066
20363,-0.046
20364,-0.244
20365,0.022
20366,-0.046
20367,-0.286
20368,-0.042
20369,-0.088
20370,-0.078
20371,-0.181
20372,-0.205
20373,0.007
20374,0.071
20375,-0.085
20376,-0.098
20377,0.037
20378,-0.212
20379,-0.027
20380,-0.051
20381,-0.237
20382,-0.21
20383,-0.271
20384,-0.085
20385,-0.095
20386,-0.386
20387,-0.466
20388,0.02
20389,-0.161
20390,-0.21
20391,-0.015
20392,-0.044
20393,-0.017
20394,-0.039
20395,-0.078
20396,0.027
20397,-0.012
20398,-0.225
20399,0.176
20400,-0.059
20401,-0.071
20402,-0.125
20403,-0.122
20404,-0.044
20405,-0.122
20406,-0.22
20407,-0.315
20408,-0.134
20409,-0.242
20410,0.007
20411,-0.259
20412,-0.291
20413,-0.134
20414,-0.115
20415,-0.105
20416,-0.034
20417,-0.056
20418,-0.083
20419,0.149
20420,-0.195
20421,-0.029
20422,-0.034
20423,0.027
20424,-0.159
20425,-0.129
20426,-0.054
20427,-0.166
20428,-0.271
20429,-0.232
20430,0.059
20431,0.129
20432,-0.049
20433,-0.349
20434,-0.352
20435,-0.11
20436,-0.015
20437,-0.017
20438,-0.156
20439,0.015
20440,-0.2
20441,-0.044
20442,-0.032
20443,0.012
20444,-0.144
20445,-0.129
20446,-0.122
20447,-0.078
20448,-0.005
20449,-0.125
20450,-0.173
20451,-0.132
20452,-0.076
20453,-0.139
20454,0.068
20455,-0.049
20456,-0.015
20457,-0.2
20458,-0.029
20459,-0.034
20460,-0.095
20461,0.007
20462,-0.251
20463,-0.11
20464,-0.183
20465,0.005
20466,-0.242
20467,-0.183
20468,-0.249
20469,-0.381
20470,-0.139
20471,-0.146
20472,-0.21
20473,-0.308
20474,0.032
20475,-0.012
20476,-0.068
20477,-0.034
20478,-0.068
