,0.044
0,-0.049
1,0.029
2,0.071
3,-0.046
4,-0.027
5,-0.012
6,0.066
7,-0.034
8,0.012
9,-0.125
10,-0.112
11,-0.103
12,-0.051
13,-0.007
14,-0.1
15,0.027
16,0.156
17,-0.046
18,-0.137
19,0.095
20,0.173
21,-0.007
22,-0.037
23,0.024
24,-0.002
25,-0.029
26,-0.002
27,0.01
28,-0.129
29,-0.09
30,-0.027
31,-0.049
32,0.024
33,0.029
34,0.017
35,0.105
36,0.076
37,0.181
38,-0.027
39,0.068
40,0.042
41,0.044
42,0.09
43,0.068
44,0.029
45,0.059
46,-0.073
47,-0.029
48,0.012
49,-0.015
50,-0.083
51,-0.066
52,-0.049
53,0.032
54,0.015
55,-0.017
56,-0.002
57,0.061
58,0.054
59,0.061
60,0.02
61,-0.022
62,0.098
63,0.02
64,0.049
65,0.022
66,0.115
67,-0.093
68,-0.056
69,-0.103
70,0.034
71,0.024
72,-0.044
73,-0.024
74,-0.098
75,0.01
76,0.151
77,0.027
78,0.005
79,0.037
80,0.012
81,-0.005
82,-0.061
83,-0.046
84,0.056
85,-0.02
86,-0.049
87,-0.027
88,-0.066
89,-0.037
90,-0.125
91,-0.1
92,-0.02
93,-0.017
94,-0.063
95,-0.093
96,-0.09
97,0.054
98,-0.042
99,-0.005
100,-0.117
101,-0.132
102,0.095
103,0.049
104,0.054
105,-0.056
106,-0.137
107,-0.093
108,-0.01
109,0.022
110,-0.149
111,-0.056
112,-0.022
113,0.078
114,-0.042
115,-0.095
116,-0.027
117,0.044
118,-0.051
119,0.095
120,0.076
121,-0.02
122,0.039
123,0.002
124,-0.022
125,-0.049
126,0.063
127,-0.024
128,0.032
129,-0.044
130,0.007
131,0.015
132,-0.01
133,-0.11
134,-0.146
135,0.034
136,0.144
137,-0.005
138,-0.132
139,0.01
140,0.117
141,0.059
142,0.059
143,0.005
144,0.085
145,0.046
146,0.09
147,0.176
148,-0.007
149,-0.044
150,0.051
151,-0.056
152,0.02
153,-0.029
154,0.039
155,0.061
156,-0.088
157,0.046
158,0.015
159,-0.007
160,0.071
161,-0.034
162,-0.024
163,0.022
164,0.012
165,0.02
166,0.061
167,-0.071
168,-0.061
169,-0.044
170,-0.049
171,-0.068
172,-0.042
173,-0.029
174,-0.139
175,-0.076
176,0.0
177,-0.12
178,-0.105
179,-0.054
180,-0.068
181,0.059
182,-0.02
183,-0.125
184,0.002
185,0.022
186,0.029
187,-0.095
188,-0.012
189,0.024
190,-0.127
191,-0.127
192,-0.09
193,-0.166
194,-0.12
195,-0.015
196,-0.044
197,-0.056
198,-0.078
199,0.01
200,-0.002
201,-0.098
202,0.037
203,0.024
204,-0.034
205,0.063
206,0.044
207,0.032
208,0.02
209,-0.071
210,0.015
211,0.0
212,-0.073
213,0.037
214,0.066
215,-0.095
216,-0.051
217,0.098
218,0.068
219,0.071
220,0.051
221,0.088
222,0.117
223,0.127
224,0.071
225,0.044
226,0.105
227,0.076
228,0.081
229,0.044
230,0.051
231,0.103
232,-0.085
233,0.02
234,-0.042
235,-0.081
236,0.122
237,0.002
238,-0.029
239,-0.029
240,0.005
241,0.002
242,-0.032
243,-0.012
244,0.088
245,0.0
246,-0.049
247,-0.071
248,-0.093
249,0.042
250,-0.029
251,-0.112
252,-0.039
253,-0.127
254,-0.059
255,-0.015
256,-0.027
257,-0.005
258,0.054
259,0.098
260,-0.056
261,-0.051
262,0.137
263,0.122
264,0.02
265,-0.049
266,-0.034
267,0.037
268,-0.02
269,-0.076
270,-0.093
271,-0.071
272,-0.127
273,-0.107
274,-0.002
275,-0.066
276,-0.068
277,-0.02
278,0.012
279,-0.012
280,-0.002
281,0.095
282,0.024
283,-0.073
284,0.049
285,-0.034
286,0.007
287,-0.012
288,-0.056
289,-0.073
290,-0.09
291,-0.005
292,-0.034
293,-0.122
294,-0.085
295,0.007
296,-0.017
297,-0.037
298,0.007
299,0.032
300,0.071
301,0.005
302,0.107
303,0.132
304,0.088
305,-0.059
306,-0.032
307,0.159
308,0.032
309,0.085
310,0.02
311,-0.039
312,-0.015
313,0.044
314,0.056
315,0.022
316,-0.076
317,-0.061
318,0.002
319,-0.068
320,-0.017
321,0.063
322,0.073
323,0.09
324,0.09
325,0.078
326,0.088
327,0.051
328,0.015
329,-0.042
330,-0.012
331,-0.071
332,0.002
333,0.066
334,0.076
335,0.056
336,-0.015
337,-0.12
338,-0.188
339,0.039
340,0.098
341,-0.015
342,-0.007
343,0.027
344,0.122
345,0.168
346,0.061
347,0.01
348,0.088
349,0.015
350,0.049
351,0.01
352,-0.068
353,-0.029
354,-0.117
355,-0.078
356,0.0
357,-0.103
358,-0.024
359,-0.056
360,-0.051
361,-0.09
362,0.078
363,0.076
364,0.017
365,-0.034
366,0.027
367,-0.005
368,0.037
369,0.061
370,0.063
371,0.046
372,0.0
373,0.027
374,-0.054
375,-0.046
376,0.034
377,0.046
378,0.007
379,-0.166
380,0.022
381,0.056
382,0.037
383,-0.005
384,0.049
385,0.071
386,0.039
387,-0.027
388,0.007
389,0.054
390,-0.017
391,0.146
392,0.007
393,-0.054
394,0.044
395,-0.022
396,-0.032
397,-0.024
398,0.068
399,0.134
400,0.056
401,0.09
402,0.154
403,0.129
404,-0.005
405,0.073
406,0.1
407,0.017
408,0.044
409,-0.027
410,-0.066
411,0.015
412,-0.007
413,0.02
414,0.024
415,-0.149
416,-0.103
417,0.068
418,0.081
419,-0.054
420,0.125
421,0.063
422,0.063
423,-0.046
424,-0.01
425,0.122
426,0.161
427,0.024
428,0.017
429,-0.071
430,-0.049
431,0.002
432,-0.054
433,-0.049
434,-0.044
435,-0.095
436,0.029
437,-0.095
438,-0.09
439,-0.068
440,0.012
441,-0.039
442,-0.039
443,0.01
444,-0.039
445,-0.088
446,0.078
447,-0.037
448,-0.032
449,-0.044
450,-0.122
451,0.085
452,-0.083
453,-0.12
454,-0.02
455,-0.034
456,-0.181
457,-0.044
458,0.034
459,-0.061
460,-0.068
461,-0.037
462,0.0
463,-0.076
464,-0.046
465,0.098
466,0.037
467,0.029
468,0.068
469,0.071
470,-0.105
471,-0.034
472,0.076
473,0.029
474,-0.01
475,-0.032
476,0.01
477,-0.071
478,-0.005
479,0.088
480,0.029
481,-0.01
482,0.02
483,0.112
484,0.063
485,0.11
486,0.039
487,-0.01
488,0.012
489,-0.005
490,0.078
491,0.002
492,0.017
493,0.017
494,-0.034
495,0.046
496,-0.088
497,-0.088
498,0.063
499,0.044
500,-0.012
501,-0.005
502,0.046
503,0.098
504,0.076
505,0.027
506,0.056
507,0.095
508,0.029
509,0.051
510,0.068
511,0.027
512,0.002
513,0.046
514,-0.007
515,-0.032
516,-0.029
517,0.002
518,0.005
519,-0.061
520,-0.09
521,-0.029
522,0.0
523,-0.076
524,-0.046
525,-0.071
526,-0.034
527,0.061
528,-0.02
529,-0.039
530,-0.039
531,-0.112
532,-0.007
533,-0.063
534,-0.137
535,-0.1
536,-0.059
537,-0.134
538,-0.144
539,-0.146
540,0.049
541,-0.042
542,-0.085
543,-0.022
544,-0.017
545,0.127
546,-0.029
547,-0.056
548,0.012
549,0.049
550,0.015
551,-0.017
552,-0.051
553,0.027
554,-0.066
555,-0.11
556,0.083
557,-0.002
558,-0.103
559,-0.081
560,-0.054
561,0.017
562,-0.002
563,0.0
564,-0.11
565,-0.107
566,0.103
567,0.068
568,-0.027
569,0.029
570,0.125
571,0.112
572,0.005
573,0.037
574,0.034
575,-0.017
576,0.029
577,0.022
578,0.002
579,-0.059
580,-0.068
581,-0.017
582,0.061
583,0.015
584,-0.032
585,0.068
586,-0.039
587,0.02
588,0.149
589,0.088
590,-0.039
591,0.068
592,0.083
593,0.029
594,-0.005
595,0.02
596,0.037
597,-0.054
598,-0.056
599,0.022
600,0.029
601,0.081
602,0.032
603,0.02
604,0.066
605,0.017
606,-0.002
607,0.032
608,0.046
609,0.054
610,0.032
611,0.056
612,-0.012
613,-0.005
614,0.002
615,-0.056
616,-0.01
617,-0.012
618,-0.024
619,-0.063
620,-0.012
621,-0.049
622,-0.002
623,-0.056
624,-0.103
625,-0.01
626,-0.002
627,0.037
628,-0.042
629,-0.088
630,0.066
631,0.151
632,-0.066
633,0.056
634,0.02
635,-0.083
636,-0.071
637,-0.039
638,0.056
639,-0.02
640,-0.103
641,0.085
642,-0.022
643,-0.059
644,0.115
645,0.017
646,-0.071
647,-0.007
648,-0.046
649,0.042
650,0.024
651,-0.049
652,0.024
653,-0.022
654,0.012
655,-0.032
656,-0.071
657,0.012
658,0.1
659,0.005
660,0.032
661,0.024
662,0.061
663,-0.01
664,-0.012
665,0.134
666,0.107
667,0.034
668,0.081
669,0.061
670,0.095
671,-0.039
672,0.02
673,-0.005
674,-0.015
675,-0.066
676,-0.063
677,0.002
678,-0.027
679,-0.144
680,-0.061
681,-0.049
682,0.017
683,0.051
684,-0.005
685,0.005
686,-0.034
687,0.044
688,0.024
689,-0.017
690,-0.024
691,-0.1
692,0.032
693,0.054
694,0.032
695,-0.039
696,-0.103
697,-0.046
698,-0.073
699,-0.137
700,-0.122
701,-0.051
702,-0.068
703,-0.129
704,-0.034
705,-0.044
706,0.017
707,0.042
708,0.068
709,0.083
710,0.015
711,-0.071
712,0.044
713,0.046
714,0.015
715,0.027
716,-0.078
717,-0.107
718,-0.056
719,0.002
720,-0.007
721,-0.022
722,-0.012
723,-0.056
724,-0.098
725,0.032
726,-0.005
727,0.005
728,-0.037
729,0.005
730,0.076
731,-0.044
732,0.085
733,0.063
734,0.071
735,0.149
736,0.032
737,-0.107
738,0.027
739,0.078
740,-0.046
741,-0.129
742,-0.105
743,0.017
744,0.005
745,-0.071
746,-0.054
747,0.066
748,0.029
749,0.005
750,0.071
751,0.049
752,0.164
753,0.049
754,0.093
755,-0.029
756,0.015
757,0.012
758,0.066
759,0.046
760,0.0
761,0.134
762,-0.073
763,0.034
764,-0.01
765,-0.09
766,0.007
767,-0.085
768,-0.022
769,-0.093
770,-0.056
771,0.049
772,0.015
773,-0.005
774,0.107
775,0.112
776,0.071
777,-0.046
778,-0.037
779,-0.022
780,-0.081
781,-0.051
782,-0.127
783,-0.022
784,-0.01
785,0.037
786,-0.073
787,-0.137
788,-0.027
789,-0.076
790,0.044
791,0.059
792,0.044
793,-0.024
794,-0.173
795,-0.01
796,0.012
797,-0.039
798,-0.054
799,0.012
800,-0.029
801,-0.037
802,-0.186
803,-0.066
804,0.051
805,0.095
806,0.073
807,0.054
808,0.015
809,0.037
810,-0.051
811,0.017
812,0.017
813,-0.049
814,-0.01
815,-0.039
816,-0.071
817,-0.063
818,-0.032
819,0.034
820,-0.071
821,-0.037
822,-0.012
823,0.005
824,-0.012
825,0.046
826,0.09
827,0.017
828,0.007
829,0.081
830,0.11
831,0.054
832,0.012
833,0.061
834,0.21
835,0.129
836,0.02
837,-0.002
838,0.022
839,0.061
840,-0.115
841,-0.066
842,0.037
843,0.073
844,0.088
845,0.0
846,-0.02
847,0.02
848,0.098
849,0.027
850,-0.09
851,0.078
852,0.085
853,0.002
854,0.044
855,-0.071
856,-0.022
857,-0.044
858,-0.073
859,-0.007
860,-0.046
861,-0.024
862,-0.056
863,-0.044
864,-0.068
865,-0.044
866,-0.015
867,-0.027
868,-0.061
869,-0.083
870,-0.066
871,-0.044
872,-0.027
873,-0.066
874,-0.02
875,-0.034
876,-0.056
877,-0.103
878,-0.071
879,-0.09
880,-0.129
881,-0.073
882,-0.059
883,0.068
884,-0.032
885,-0.083
886,-0.01
887,-0.061
888,-0.063
889,-0.066
890,-0.039
891,-0.005
892,0.161
893,0.037
894,-0.112
895,0.037
896,0.034
897,0.098
898,-0.107
899,-0.027
900,0.01
901,-0.007
902,-0.085
903,-0.093
904,0.0
905,0.039
906,-0.042
907,-0.01
908,0.02
909,0.054
910,0.164
911,-0.002
912,0.085
913,0.149
914,0.107
915,0.068
916,-0.034
917,0.051
918,-0.054
919,-0.034
920,-0.117
921,0.032
922,-0.051
923,-0.115
924,-0.007
925,-0.083
926,0.012
927,-0.054
928,-0.068
929,-0.02
930,-0.071
931,-0.034
932,0.024
933,0.01
934,0.083
935,0.042
936,0.007
937,0.098
938,0.1
939,0.034
940,-0.063
941,-0.068
942,-0.071
943,-0.081
944,-0.029
945,-0.134
946,-0.088
947,-0.112
948,-0.076
949,-0.095
950,0.042
951,-0.078
952,-0.027
953,0.029
954,-0.024
955,-0.073
956,-0.037
957,-0.024
958,0.037
959,0.017
960,-0.081
961,0.054
962,-0.061
963,-0.044
964,-0.017
965,-0.112
966,-0.103
967,-0.105
968,-0.051
969,0.044
970,-0.024
971,-0.076
972,0.032
973,-0.054
974,0.002
975,0.085
976,0.01
977,-0.056
978,-0.015
979,-0.029
980,-0.022
981,-0.083
982,-0.129
983,0.007
984,-0.076
985,-0.11
986,-0.007
987,-0.215
988,-0.156
989,-0.049
990,0.005
991,-0.063
992,-0.007
993,0.063
994,0.012
995,-0.029
996,-0.022
997,-0.002
998,0.046
999,0.139
1000,0.059
1001,0.061
1002,0.012
1003,0.071
1004,0.081
1005,0.046
1006,-0.034
1007,-0.024
1008,-0.022
1009,0.015
1010,0.022
1011,-0.073
1012,0.005
1013,0.005
1014,0.051
1015,0.056
1016,0.066
1017,0.0
1018,-0.01
1019,0.122
1020,0.049
1021,-0.02
1022,0.037
1023,-0.007
1024,0.024
1025,0.02
1026,-0.059
1027,-0.1
1028,-0.039
1029,0.054
1030,-0.049
1031,-0.125
1032,0.042
1033,0.093
1034,0.034
1035,-0.105
1036,0.103
1037,0.078
1038,0.017
1039,0.071
1040,0.015
1041,0.088
1042,-0.015
1043,0.034
1044,-0.032
1045,-0.078
1046,-0.024
1047,-0.02
1048,-0.083
1049,-0.208
1050,-0.034
1051,-0.081
1052,-0.144
1053,-0.076
1054,0.059
1055,-0.015
1056,-0.061
1057,-0.071
1058,-0.017
1059,-0.049
1060,0.022
1061,0.061
1062,0.049
1063,-0.076
1064,-0.051
1065,0.02
1066,0.0
1067,-0.046
1068,0.015
1069,0.017
1070,-0.059
1071,-0.015
1072,0.068
1073,-0.02
1074,0.103
1075,0.029
1076,0.137
1077,0.068
1078,-0.015
1079,0.02
1080,0.029
1081,0.054
1082,-0.039
1083,0.071
1084,0.042
1085,-0.032
1086,-0.112
1087,-0.005
1088,0.054
1089,-0.015
1090,0.049
1091,-0.037
1092,-0.054
1093,0.032
1094,0.066
1095,0.056
1096,0.034
1097,-0.02
1098,0.073
1099,0.1
1100,0.073
1101,-0.037
1102,-0.083
1103,0.122
1104,0.01
1105,0.01
1106,0.015
1107,-0.063
1108,0.095
1109,0.027
1110,0.093
1111,0.012
1112,0.044
1113,0.039
1114,-0.002
1115,0.037
1116,0.149
1117,0.024
1118,0.022
1119,0.129
1120,0.12
1121,-0.002
1122,-0.015
1123,-0.015
1124,0.0
1125,0.034
1126,-0.049
1127,-0.027
1128,-0.117
1129,-0.132
1130,0.002
1131,-0.007
1132,0.044
1133,0.005
1134,0.083
1135,0.142
1136,0.09
1137,0.032
1138,0.081
1139,0.01
1140,-0.051
1141,-0.012
1142,0.015
1143,0.066
1144,0.037
1145,-0.051
1146,-0.02
1147,-0.049
1148,0.032
1149,0.107
1150,0.015
1151,0.002
1152,0.159
1153,0.044
1154,0.129
1155,0.1
1156,-0.012
1157,0.046
1158,-0.02
1159,0.027
1160,-0.046
1161,0.005
1162,0.156
1163,0.012
1164,-0.054
1165,0.039
1166,0.01
1167,-0.085
1168,0.046
1169,0.024
1170,-0.032
1171,-0.088
1172,-0.063
1173,-0.061
1174,-0.027
1175,-0.066
1176,0.107
1177,0.139
1178,0.017
1179,-0.002
1180,0.085
1181,0.088
1182,-0.024
1183,0.059
1184,0.027
1185,0.061
1186,0.027
1187,-0.012
1188,0.022
1189,-0.022
1190,-0.032
1191,0.076
1192,0.083
1193,0.049
1194,0.137
1195,0.049
1196,-0.015
1197,0.105
1198,0.12
1199,0.093
1200,-0.088
1201,0.032
1202,0.024
1203,-0.063
1204,-0.027
1205,-0.015
1206,-0.085
1207,-0.127
1208,-0.095
1209,-0.061
1210,-0.068
1211,-0.071
1212,0.056
1213,-0.132
1214,0.0
1215,0.049
1216,0.071
1217,0.049
1218,-0.01
1219,0.027
1220,0.073
1221,0.046
1222,0.027
1223,0.056
1224,0.015
1225,-0.032
1226,0.027
1227,0.051
1228,-0.059
1229,-0.046
1230,-0.039
1231,0.0
1232,0.093
1233,-0.027
1234,0.09
1235,0.063
1236,0.037
1237,-0.024
1238,0.164
1239,0.146
1240,0.015
1241,-0.024
1242,-0.081
1243,0.112
1244,0.088
1245,0.027
1246,-0.002
1247,-0.078
1248,0.078
1249,-0.056
1250,-0.068
1251,0.044
1252,0.039
1253,-0.007
1254,0.039
1255,0.039
1256,0.022
1257,-0.02
1258,0.024
1259,0.09
1260,0.005
1261,0.039
1262,-0.022
1263,0.01
1264,0.042
1265,0.061
1266,0.037
1267,-0.029
1268,-0.034
1269,-0.017
1270,-0.066
1271,-0.032
1272,0.029
1273,0.015
1274,-0.039
1275,-0.034
1276,0.063
1277,0.042
1278,0.081
1279,-0.02
1280,0.085
1281,0.137
1282,-0.032
1283,-0.015
1284,0.012
1285,-0.054
1286,0.012
1287,-0.056
1288,-0.071
1289,-0.1
1290,-0.125
1291,-0.017
1292,-0.115
1293,-0.117
1294,-0.051
1295,-0.083
1296,0.044
1297,-0.01
1298,-0.088
1299,-0.071
1300,0.09
1301,-0.002
1302,-0.066
1303,0.066
1304,0.061
1305,-0.051
1306,-0.01
1307,0.029
1308,0.002
1309,-0.081
1310,0.054
1311,-0.078
1312,-0.081
1313,0.027
1314,-0.024
1315,-0.178
1316,-0.022
1317,0.015
1318,0.056
1319,-0.071
1320,0.01
1321,0.144
1322,0.024
1323,0.024
1324,0.017
1325,0.022
1326,-0.024
1327,0.022
1328,0.005
1329,-0.007
1330,-0.029
1331,0.007
1332,-0.051
1333,-0.073
1334,-0.015
1335,-0.042
1336,-0.059
1337,0.01
1338,0.032
1339,0.032
1340,0.051
1341,0.054
1342,0.01
1343,0.01
1344,0.076
1345,0.059
1346,-0.042
1347,0.056
1348,0.0
1349,-0.044
1350,0.085
1351,0.051
1352,-0.139
1353,-0.149
1354,0.134
1355,0.005
1356,-0.059
1357,0.098
1358,0.085
1359,-0.066
1360,0.042
1361,0.081
1362,0.039
1363,-0.037
1364,0.083
1365,0.095
1366,0.015
1367,-0.01
1368,0.059
1369,0.005
1370,-0.061
1371,-0.042
1372,0.042
1373,-0.042
1374,-0.066
1375,-0.095
1376,-0.068
1377,-0.02
1378,-0.063
1379,-0.112
1380,-0.049
1381,0.085
1382,-0.012
1383,0.01
1384,-0.017
1385,0.032
1386,0.005
1387,-0.042
1388,0.029
1389,0.042
1390,-0.085
1391,-0.044
1392,-0.068
1393,-0.132
1394,-0.056
1395,0.01
1396,-0.017
1397,-0.044
1398,-0.002
1399,0.049
1400,0.051
1401,0.022
1402,0.127
1403,0.037
1404,0.024
1405,0.017
1406,-0.1
1407,0.037
1408,-0.039
1409,-0.11
1410,-0.054
1411,-0.066
1412,-0.007
1413,-0.015
1414,0.007
1415,-0.107
1416,-0.056
1417,-0.037
1418,0.068
1419,0.037
1420,0.186
1421,0.076
1422,-0.042
1423,-0.005
1424,-0.044
1425,0.112
1426,0.012
1427,-0.071
1428,0.066
1429,0.005
1430,0.027
1431,-0.027
1432,0.032
1433,0.071
1434,-0.049
1435,-0.105
1436,0.024
1437,0.022
1438,-0.029
1439,0.066
1440,0.032
1441,0.071
1442,0.012
1443,-0.015
1444,-0.02
1445,-0.042
1446,0.059
1447,0.098
1448,-0.042
1449,-0.076
1450,-0.066
1451,0.02
1452,0.039
1453,-0.063
1454,0.02
1455,0.068
1456,-0.01
1457,-0.112
1458,-0.044
1459,-0.007
1460,0.037
1461,0.061
1462,0.029
1463,-0.037
1464,-0.042
1465,-0.02
1466,-0.01
1467,-0.09
1468,-0.01
1469,-0.037
1470,0.037
1471,-0.09
1472,-0.034
1473,0.017
1474,-0.081
1475,-0.042
1476,0.061
1477,-0.024
1478,-0.046
1479,-0.01
1480,0.02
1481,-0.01
1482,-0.022
1483,-0.002
1484,0.051
1485,0.01
1486,-0.137
1487,0.005
1488,-0.046
1489,-0.107
1490,-0.017
1491,-0.005
1492,-0.081
1493,-0.068
1494,-0.032
1495,-0.146
1496,-0.146
1497,0.01
1498,0.032
1499,-0.034
1500,-0.005
1501,0.12
1502,0.01
1503,-0.005
1504,-0.005
1505,0.066
1506,0.051
1507,0.005
1508,0.068
1509,-0.078
1510,-0.068
1511,-0.034
1512,-0.107
1513,-0.059
1514,-0.1
1515,-0.024
1516,0.21
1517,0.107
1518,-0.098
1519,0.02
1520,0.059
1521,0.125
1522,0.002
1523,-0.059
1524,0.042
1525,0.0
1526,0.012
1527,0.015
1528,-0.093
1529,0.007
1530,0.046
1531,-0.051
1532,-0.042
1533,0.022
1534,-0.024
1535,-0.024
1536,0.029
1537,-0.005
1538,-0.022
1539,0.127
1540,0.059
1541,0.02
1542,0.054
1543,0.09
1544,-0.024
1545,0.029
1546,0.083
1547,0.032
1548,-0.093
1549,-0.071
1550,-0.012
1551,-0.063
1552,-0.056
1553,-0.066
1554,-0.034
1555,-0.122
1556,-0.112
1557,-0.127
1558,-0.1
1559,0.073
1560,-0.103
1561,-0.159
1562,0.076
1563,-0.002
1564,-0.029
1565,0.017
1566,0.017
1567,0.024
1568,-0.059
1569,-0.059
1570,-0.022
1571,0.024
1572,-0.01
1573,0.039
1574,-0.037
1575,-0.103
1576,-0.095
1577,0.002
1578,-0.117
1579,0.017
1580,0.061
1581,0.022
1582,0.046
1583,0.085
1584,-0.044
1585,-0.063
1586,-0.081
1587,0.032
1588,0.11
1589,-0.039
1590,0.051
1591,0.044
1592,-0.049
1593,-0.044
1594,-0.078
1595,-0.01
1596,0.017
1597,-0.007
1598,0.002
1599,-0.034
1600,0.076
1601,0.01
1602,-0.007
1603,0.164
1604,0.034
1605,0.056
1606,0.02
1607,0.027
1608,0.132
1609,-0.049
1610,0.093
1611,-0.022
1612,-0.02
1613,0.007
1614,0.039
1615,-0.071
1616,-0.022
1617,0.037
1618,0.029
1619,0.024
1620,0.024
1621,-0.015
1622,0.022
1623,0.103
1624,0.059
1625,0.007
1626,0.068
1627,0.032
1628,0.049
1629,-0.029
1630,-0.061
1631,0.024
1632,0.039
1633,-0.01
1634,0.022
1635,-0.027
1636,0.015
1637,0.027
1638,-0.024
1639,0.022
1640,0.032
1641,0.039
1642,0.051
1643,0.049
1644,0.032
1645,-0.007
1646,0.007
1647,-0.046
1648,-0.032
1649,-0.042
1650,0.002
1651,-0.083
1652,-0.088
1653,-0.09
1654,-0.054
1655,-0.078
1656,-0.178
1657,-0.112
1658,0.024
1659,-0.029
1660,0.032
1661,0.054
1662,0.073
1663,0.081
1664,0.01
1665,-0.071
1666,-0.002
1667,-0.029
1668,-0.024
1669,-0.095
1670,-0.015
1671,0.039
1672,-0.081
1673,-0.178
1674,-0.095
1675,-0.002
1676,-0.076
1677,-0.1
1678,0.0
1679,-0.059
1680,-0.017
1681,0.081
1682,-0.02
1683,0.081
1684,0.09
1685,0.11
1686,0.132
1687,0.105
1688,0.005
1689,-0.02
1690,0.066
1691,0.107
1692,0.073
1693,0.049
1694,-0.002
1695,-0.01
1696,-0.012
1697,-0.015
1698,0.012
1699,0.046
1700,0.034
1701,0.02
1702,-0.012
1703,0.046
1704,0.032
1705,0.061
1706,0.107
1707,0.044
1708,0.01
1709,0.063
1710,0.051
1711,-0.002
1712,0.076
1713,0.105
1714,0.051
1715,0.0
1716,-0.081
1717,0.049
1718,-0.034
1719,0.09
1720,0.051
1721,0.051
1722,0.054
1723,0.186
1724,0.09
1725,-0.012
1726,0.012
1727,0.022
1728,0.007
1729,-0.012
1730,-0.051
1731,-0.098
1732,-0.039
1733,-0.081
1734,-0.107
1735,-0.083
1736,-0.066
1737,-0.063
1738,-0.059
1739,-0.039
1740,-0.056
1741,-0.051
1742,-0.056
1743,-0.063
1744,-0.007
1745,-0.005
1746,-0.071
1747,0.11
1748,-0.129
1749,-0.002
1750,0.024
1751,-0.034
1752,-0.024
1753,-0.034
1754,-0.044
1755,-0.115
1756,-0.095
1757,-0.088
1758,-0.154
1759,-0.112
1760,0.0
1761,-0.056
1762,-0.085
1763,0.024
1764,0.044
1765,-0.002
1766,-0.017
1767,0.061
1768,0.1
1769,-0.007
1770,-0.059
1771,0.022
1772,-0.015
1773,-0.081
1774,-0.034
1775,-0.088
1776,-0.044
1777,-0.024
1778,-0.056
1779,-0.083
1780,-0.063
1781,-0.034
1782,-0.037
1783,-0.044
1784,-0.01
1785,0.081
1786,0.088
1787,0.032
1788,0.063
1789,0.142
1790,0.105
1791,0.107
1792,0.024
1793,-0.063
1794,0.049
1795,-0.007
1796,0.046
1797,0.024
1798,-0.198
1799,-0.012
1800,-0.056
1801,0.002
1802,0.01
1803,-0.083
1804,0.068
1805,0.088
1806,-0.046
1807,-0.076
1808,0.081
1809,0.078
1810,-0.098
1811,-0.112
1812,-0.002
1813,0.029
1814,-0.066
1815,0.027
1816,-0.02
1817,-0.012
1818,0.022
1819,-0.093
1820,0.0
1821,-0.056
1822,0.054
1823,0.044
1824,-0.066
1825,0.051
1826,0.049
1827,-0.037
1828,0.1
1829,-0.015
1830,0.115
1831,-0.024
1832,-0.029
1833,-0.09
1834,0.007
1835,0.022
1836,-0.088
1837,-0.039
1838,-0.117
1839,-0.059
1840,-0.061
1841,-0.112
1842,-0.132
1843,-0.073
1844,0.005
1845,-0.112
1846,-0.051
1847,-0.012
1848,0.017
1849,0.007
1850,-0.054
1851,0.061
1852,-0.032
1853,0.103
1854,0.063
1855,-0.002
1856,0.017
1857,0.027
1858,0.095
1859,0.051
1860,0.029
1861,0.049
1862,0.12
1863,0.061
1864,-0.042
1865,0.012
1866,0.073
1867,0.105
1868,0.071
1869,0.015
1870,0.042
1871,-0.044
1872,0.056
1873,0.178
1874,-0.01
1875,-0.029
1876,0.015
1877,0.032
1878,0.012
1879,-0.046
1880,-0.039
1881,0.0
1882,0.039
1883,0.063
1884,-0.071
1885,0.037
1886,0.024
1887,0.063
1888,0.142
1889,0.01
1890,0.027
1891,0.129
1892,0.156
1893,0.127
1894,0.081
1895,0.125
1896,0.088
1897,0.049
1898,0.046
1899,-0.027
1900,-0.01
1901,-0.071
1902,0.002
1903,0.01
1904,-0.01
1905,0.01
1906,0.132
1907,-0.012
1908,-0.034
1909,-0.042
1910,-0.017
1911,0.056
1912,0.029
1913,0.066
1914,0.032
1915,-0.024
1916,0.002
1917,-0.012
1918,-0.134
1919,-0.083
1920,0.012
1921,-0.071
1922,-0.059
1923,-0.051
1924,0.085
1925,0.137
1926,0.015
1927,0.083
1928,0.0
1929,0.061
1930,0.146
1931,0.044
1932,0.042
1933,0.042
1934,-0.034
1935,-0.002
1936,0.098
1937,-0.066
1938,0.02
1939,0.042
1940,-0.007
1941,-0.044
1942,-0.063
1943,-0.007
1944,0.024
1945,0.037
1946,0.032
1947,0.051
1948,0.063
1949,0.083
1950,0.049
1951,-0.042
1952,0.017
1953,0.017
1954,0.046
1955,0.095
1956,0.129
1957,-0.024
1958,-0.032
1959,-0.002
1960,0.046
1961,-0.012
1962,0.063
1963,0.063
1964,0.09
1965,0.056
1966,0.015
1967,0.083
1968,0.049
1969,0.149
1970,0.059
1971,-0.024
1972,-0.056
1973,0.032
1974,-0.005
1975,0.042
1976,0.02
1977,-0.044
1978,-0.081
1979,0.012
1980,-0.002
1981,-0.054
1982,0.032
1983,-0.002
1984,-0.049
1985,0.017
1986,0.105
1987,0.081
1988,0.049
1989,0.02
1990,0.083
1991,0.09
1992,0.024
1993,0.061
1994,0.046
1995,0.01
1996,0.076
1997,0.044
1998,-0.017
1999,-0.029
2000,-0.073
2001,-0.007
2002,0.032
2003,-0.134
2004,-0.063
2005,0.049
2006,0.051
2007,0.012
2008,-0.015
2009,0.012
2010,-0.076
2011,0.0
2012,0.107
2013,-0.039
2014,-0.088
2015,-0.146
2016,-0.1
2017,-0.129
2018,-0.071
2019,-0.068
2020,-0.078
2021,-0.017
2022,0.029
2023,0.027
2024,-0.037
2025,0.112
2026,-0.017
2027,0.037
2028,0.046
2029,0.0
2030,0.061
2031,0.037
2032,0.039
2033,0.017
2034,0.044
2035,0.139
2036,0.076
2037,-0.059
2038,0.042
2039,0.02
2040,0.046
2041,0.059
2042,0.076
2043,0.095
2044,0.063
2045,0.029
2046,0.024
2047,-0.024
2048,-0.005
2049,0.042
2050,-0.012
2051,-0.046
2052,-0.032
2053,0.061
2054,-0.017
2055,-0.076
2056,-0.09
2057,-0.046
2058,-0.005
2059,0.017
2060,-0.049
2061,-0.083
2062,0.034
2063,-0.022
2064,-0.093
2065,-0.122
2066,-0.071
2067,0.073
2068,-0.039
2069,0.0
2070,0.002
2071,-0.125
2072,-0.032
2073,0.063
2074,0.066
2075,0.037
2076,-0.042
2077,0.073
2078,-0.054
2079,-0.015
2080,-0.032
2081,-0.032
2082,0.063
2083,0.029
2084,-0.1
2085,-0.027
2086,0.024
2087,-0.024
2088,-0.037
2089,0.012
2090,0.059
2091,0.042
2092,-0.061
2093,-0.056
2094,-0.032
2095,-0.056
2096,-0.002
2097,-0.042
2098,-0.095
2099,-0.076
2100,-0.088
2101,-0.139
2102,0.032
2103,0.005
2104,-0.056
2105,-0.024
2106,-0.095
2107,0.032
2108,0.054
2109,-0.037
2110,-0.054
2111,-0.012
2112,0.103
2113,-0.002
2114,-0.002
2115,0.02
2116,-0.02
2117,-0.02
2118,-0.059
2119,-0.051
2120,0.027
2121,-0.076
2122,-0.071
2123,-0.11
2124,-0.105
2125,0.032
2126,0.002
2127,-0.01
2128,-0.029
2129,0.068
2130,0.034
2131,0.093
2132,0.01
2133,-0.029
2134,-0.039
2135,-0.005
2136,-0.059
2137,-0.037
2138,-0.088
2139,-0.071
2140,-0.042
2141,-0.066
2142,-0.059
2143,-0.002
2144,-0.037
2145,-0.107
2146,-0.037
2147,-0.066
2148,-0.02
2149,-0.078
2150,-0.022
2151,-0.037
2152,-0.066
2153,-0.024
2154,-0.066
2155,-0.012
2156,-0.051
2157,-0.129
2158,-0.061
2159,-0.044
2160,-0.059
2161,-0.068
2162,-0.132
2163,-0.044
2164,0.039
2165,-0.11
2166,-0.066
2167,-0.056
2168,-0.083
2169,-0.042
2170,-0.017
2171,-0.049
2172,0.0
2173,0.01
2174,-0.051
2175,-0.073
2176,0.107
2177,0.024
2178,0.0
2179,-0.049
2180,-0.134
2181,-0.115
2182,-0.103
2183,-0.161
2184,-0.193
2185,-0.054
2186,-0.034
2187,-0.085
2188,-0.073
2189,0.051
2190,0.09
2191,-0.039
2192,-0.037
2193,0.005
2194,-0.01
2195,-0.054
2196,0.005
2197,0.01
2198,-0.039
2199,-0.012
2200,-0.024
2201,-0.037
2202,-0.032
2203,-0.02
2204,0.049
2205,0.039
2206,-0.005
2207,0.068
2208,0.112
2209,0.132
2210,0.164
2211,0.051
2212,0.046
2213,-0.002
2214,0.027
2215,0.039
2216,0.002
2217,-0.042
2218,0.022
2219,-0.01
2220,-0.11
2221,-0.098
2222,-0.107
2223,-0.081
2224,-0.012
2225,-0.093
2226,-0.059
2227,0.049
2228,-0.024
2229,-0.115
2230,-0.09
2231,-0.059
2232,0.0
2233,-0.034
2234,-0.022
2235,-0.015
2236,0.061
2237,0.0
2238,-0.022
2239,0.071
2240,-0.034
2241,0.005
2242,-0.029
2243,-0.125
2244,-0.093
2245,-0.151
2246,-0.078
2247,0.015
2248,0.039
2249,0.027
2250,-0.051
2251,0.007
2252,0.042
2253,-0.007
2254,0.083
2255,0.068
2256,0.11
2257,0.022
2258,-0.007
2259,0.073
2260,-0.134
2261,-0.134
2262,0.071
2263,-0.002
2264,-0.095
2265,0.012
2266,-0.037
2267,-0.107
2268,-0.125
2269,-0.107
2270,-0.029
2271,-0.11
2272,-0.005
2273,0.034
2274,-0.073
2275,0.088
2276,0.046
2277,-0.076
2278,0.005
2279,0.125
2280,0.015
2281,-0.107
2282,0.032
2283,0.049
2284,-0.112
2285,-0.027
2286,0.037
2287,0.063
2288,0.068
2289,-0.037
2290,0.088
2291,0.115
2292,0.046
2293,0.132
2294,0.012
2295,0.012
2296,0.051
2297,0.007
2298,0.083
2299,0.012
2300,-0.012
2301,0.093
2302,0.012
2303,0.01
2304,-0.09
2305,-0.02
2306,0.017
2307,0.015
2308,0.083
2309,0.044
2310,-0.022
2311,0.037
2312,0.024
2313,-0.007
2314,0.061
2315,-0.012
2316,-0.034
2317,-0.017
2318,-0.002
2319,-0.024
2320,-0.105
2321,-0.012
2322,-0.022
2323,-0.125
2324,-0.042
2325,0.012
2326,0.015
2327,0.01
2328,0.012
2329,0.066
2330,0.034
2331,-0.015
2332,0.005
2333,-0.02
2334,-0.005
2335,0.073
2336,0.012
2337,-0.095
2338,-0.09
2339,0.024
2340,0.0
2341,-0.088
2342,-0.083
2343,0.051
2344,-0.051
2345,-0.081
2346,-0.01
2347,-0.142
2348,-0.007
2349,0.039
2350,0.107
2351,0.042
2352,-0.007
2353,0.056
2354,-0.061
2355,-0.051
2356,-0.002
2357,-0.134
2358,-0.007
2359,-0.039
2360,0.029
2361,0.017
2362,-0.137
2363,-0.051
2364,-0.02
2365,-0.015
2366,0.017
2367,0.012
2368,0.044
2369,0.132
2370,0.054
2371,0.042
2372,0.076
2373,0.029
2374,0.098
2375,0.076
2376,0.059
2377,0.066
2378,0.061
2379,0.049
2380,-0.056
2381,0.022
2382,0.117
2383,0.051
2384,0.056
2385,0.0
2386,-0.007
2387,-0.017
2388,0.02
2389,0.005
2390,0.132
2391,-0.039
2392,0.071
2393,-0.024
2394,0.066
2395,0.137
2396,0.078
2397,0.125
2398,0.022
2399,0.061
2400,-0.027
2401,0.022
2402,0.093
2403,-0.054
2404,0.005
2405,0.029
2406,-0.071
2407,0.1
2408,-0.012
2409,0.017
2410,0.046
2411,0.093
2412,0.125
2413,-0.105
2414,-0.032
2415,0.149
2416,0.115
2417,0.012
2418,-0.098
2419,-0.176
2420,-0.046
2421,-0.095
2422,-0.095
2423,-0.09
2424,-0.22
2425,-0.063
2426,-0.022
2427,-0.02
2428,0.017
2429,-0.137
2430,0.049
2431,0.066
2432,0.095
2433,0.042
2434,-0.015
2435,-0.005
2436,-0.076
2437,-0.02
2438,0.203
2439,-0.015
2440,0.032
2441,0.107
2442,0.012
2443,-0.005
2444,-0.1
2445,0.0
2446,0.027
2447,-0.034
2448,-0.122
2449,-0.024
2450,-0.054
2451,0.007
2452,0.022
2453,0.093
2454,0.049
2455,-0.063
2456,0.049
2457,0.078
2458,0.049
2459,0.027
2460,-0.037
2461,0.02
2462,-0.024
2463,-0.078
2464,-0.071
2465,-0.054
2466,-0.105
2467,0.0
2468,-0.059
2469,0.042
2470,-0.044
2471,-0.024
2472,0.073
2473,-0.046
2474,-0.039
2475,0.029
2476,0.19
2477,0.066
2478,-0.005
2479,-0.022
2480,0.098
2481,0.1
2482,-0.056
2483,0.027
2484,0.063
2485,0.012
2486,0.046
2487,-0.049
2488,-0.068
2489,-0.024
2490,-0.017
2491,0.007
2492,0.078
2493,-0.034
2494,0.134
2495,-0.037
2496,0.0
2497,0.059
2498,-0.09
2499,0.098
2500,0.059
2501,-0.049
2502,0.039
2503,0.005
2504,0.137
2505,-0.015
2506,-0.107
2507,0.015
2508,-0.039
2509,0.002
2510,0.024
2511,-0.007
2512,-0.007
2513,0.02
2514,0.078
2515,0.007
2516,-0.012
2517,0.12
2518,-0.01
2519,-0.005
2520,0.083
2521,0.027
2522,-0.071
2523,-0.029
2524,0.002
2525,-0.068
2526,0.005
2527,0.017
2528,0.015
2529,0.049
2530,-0.125
2531,-0.005
2532,0.002
2533,-0.103
2534,0.002
2535,0.068
2536,-0.02
2537,0.061
2538,0.071
2539,0.012
2540,-0.042
2541,0.02
2542,0.068
2543,-0.022
2544,-0.127
2545,0.107
2546,-0.044
2547,-0.127
2548,-0.088
2549,0.09
2550,-0.039
2551,-0.107
2552,0.071
2553,0.076
2554,0.022
2555,0.093
2556,0.056
2557,0.159
2558,0.005
2559,0.039
2560,0.044
2561,0.032
2562,0.095
2563,-0.029
2564,-0.112
2565,-0.005
2566,-0.02
2567,-0.024
2568,-0.02
2569,0.032
2570,-0.005
2571,0.01
2572,-0.015
2573,0.088
2574,0.037
2575,0.034
2576,0.032
2577,0.061
2578,0.024
2579,0.063
2580,0.071
2581,0.129
2582,-0.007
2583,-0.034
2584,-0.029
2585,0.022
2586,-0.032
2587,-0.168
2588,-0.085
2589,-0.015
2590,0.002
2591,-0.027
2592,-0.142
2593,-0.022
2594,0.063
2595,0.071
2596,-0.095
2597,-0.034
2598,-0.042
2599,0.054
2600,-0.103
2601,-0.073
2602,-0.063
2603,-0.024
2604,-0.039
2605,-0.09
2606,-0.073
2607,-0.012
2608,0.01
2609,-0.012
2610,-0.037
2611,0.007
2612,0.024
2613,0.042
2614,0.095
2615,0.059
2616,0.027
2617,-0.037
2618,0.059
2619,0.181
2620,0.012
2621,0.076
2622,0.061
2623,-0.034
2624,-0.015
2625,0.029
2626,-0.029
2627,-0.022
2628,-0.066
2629,0.029
2630,0.017
2631,-0.039
2632,-0.02
2633,-0.02
2634,-0.012
2635,0.02
2636,0.022
2637,-0.103
2638,0.029
2639,0.068
2640,0.012
2641,-0.076
2642,-0.034
2643,0.015
2644,-0.051
2645,-0.093
2646,0.017
2647,-0.022
2648,0.059
2649,0.049
2650,-0.034
2651,-0.046
2652,-0.017
2653,0.1
2654,0.193
2655,0.107
2656,-0.007
2657,0.039
2658,0.129
2659,0.066
2660,0.046
2661,0.117
2662,0.142
2663,0.107
2664,-0.103
2665,-0.061
2666,0.11
2667,0.024
2668,-0.007
2669,-0.068
2670,0.088
2671,-0.037
2672,-0.105
2673,0.024
2674,-0.042
2675,0.01
2676,-0.049
2677,0.005
2678,0.005
2679,-0.049
2680,0.039
2681,-0.078
2682,0.0
2683,-0.017
2684,-0.037
2685,-0.112
2686,-0.059
2687,-0.078
2688,-0.066
2689,-0.056
2690,-0.103
2691,0.029
2692,0.022
2693,-0.039
2694,-0.037
2695,0.046
2696,0.068
2697,0.02
2698,0.015
2699,-0.061
2700,0.054
2701,-0.132
2702,0.012
2703,-0.063
2704,-0.144
2705,-0.076
2706,-0.127
2707,-0.171
2708,-0.027
2709,-0.046
2710,-0.161
2711,-0.071
2712,-0.095
2713,-0.122
2714,-0.022
2715,-0.027
2716,-0.029
2717,-0.005
2718,0.103
2719,0.029
2720,-0.044
2721,0.056
2722,0.12
2723,-0.037
2724,-0.029
2725,0.076
2726,0.042
2727,-0.022
2728,-0.002
2729,-0.093
2730,-0.061
2731,0.01
2732,-0.115
2733,-0.093
2734,0.0
2735,-0.088
2736,-0.037
2737,0.042
2738,0.088
2739,-0.051
2740,0.073
2741,0.034
2742,-0.044
2743,0.051
2744,0.054
2745,0.0
2746,-0.049
2747,0.005
2748,0.002
2749,0.0
2750,-0.012
2751,0.042
2752,-0.007
2753,-0.085
2754,-0.061
2755,0.071
2756,-0.022
2757,0.039
2758,0.049
2759,0.01
2760,0.076
2761,-0.034
2762,-0.051
2763,-0.059
2764,-0.007
2765,-0.02
2766,-0.088
2767,-0.078
2768,-0.071
2769,-0.063
2770,-0.132
2771,-0.154
2772,-0.171
2773,-0.1
2774,-0.117
2775,-0.051
2776,-0.127
2777,0.049
2778,0.024
2779,0.015
2780,0.046
2781,0.112
2782,0.168
2783,0.095
2784,0.032
2785,-0.002
2786,0.1
2787,0.061
2788,0.02
2789,-0.027
2790,0.046
2791,0.0
2792,-0.01
2793,0.09
2794,-0.083
2795,-0.198
2796,-0.083
2797,-0.056
2798,0.049
2799,-0.022
2800,0.061
2801,0.103
2802,-0.007
2803,-0.002
2804,-0.039
2805,-0.081
2806,-0.027
2807,-0.081
2808,-0.068
2809,-0.01
2810,-0.071
2811,-0.039
2812,-0.061
2813,-0.073
2814,0.0
2815,-0.034
2816,0.039
2817,-0.046
2818,-0.049
2819,0.09
2820,0.017
2821,0.037
2822,0.129
2823,0.12
2824,0.151
2825,0.027
2826,0.049
2827,0.078
2828,-0.164
2829,-0.098
2830,-0.012
2831,-0.037
2832,-0.034
2833,-0.039
2834,-0.02
2835,0.012
2836,-0.12
2837,-0.098
2838,0.034
2839,0.171
2840,0.129
2841,-0.017
2842,0.029
2843,0.042
2844,0.024
2845,-0.002
2846,-0.039
2847,0.059
2848,0.007
2849,-0.186
2850,-0.127
2851,-0.095
2852,-0.027
2853,-0.095
2854,-0.11
2855,-0.02
2856,0.0
2857,0.007
2858,0.005
2859,0.032
2860,-0.059
2861,0.022
2862,0.049
2863,0.02
2864,0.042
2865,-0.061
2866,0.085
2867,0.01
2868,0.032
2869,-0.007
2870,-0.176
2871,0.044
2872,0.027
2873,-0.032
2874,-0.1
2875,-0.125
2876,0.039
2877,-0.005
2878,-0.007
2879,0.024
2880,0.073
2881,-0.046
2882,-0.073
2883,0.002
2884,0.1
2885,0.068
2886,0.024
2887,-0.051
2888,0.042
2889,-0.037
2890,0.085
2891,0.029
2892,0.015
2893,0.005
2894,-0.112
2895,-0.068
2896,-0.007
2897,-0.022
2898,-0.005
2899,-0.005
2900,0.015
2901,-0.034
2902,0.02
2903,-0.066
2904,0.01
2905,-0.015
2906,0.059
2907,0.117
2908,-0.039
2909,-0.046
2910,0.051
2911,0.022
2912,-0.029
2913,-0.132
2914,0.002
2915,0.017
2916,-0.039
2917,0.054
2918,0.054
2919,0.078
2920,-0.078
2921,-0.032
2922,0.066
2923,0.037
2924,0.068
2925,0.039
2926,0.022
2927,-0.056
2928,0.005
2929,0.007
2930,-0.093
2931,-0.132
2932,-0.046
2933,0.015
2934,-0.015
2935,-0.022
2936,-0.078
2937,-0.076
2938,-0.042
2939,-0.034
2940,-0.088
2941,0.002
2942,0.0
2943,-0.024
2944,-0.054
2945,0.002
2946,0.02
2947,-0.015
2948,0.046
2949,-0.117
2950,-0.088
2951,-0.132
2952,-0.115
2953,0.002
2954,-0.151
2955,0.02
2956,-0.11
2957,-0.054
2958,-0.024
2959,0.034
2960,-0.012
2961,0.015
2962,0.137
2963,0.073
2964,0.02
2965,0.1
2966,0.029
2967,0.012
2968,-0.034
2969,-0.039
2970,-0.056
2971,-0.171
2972,0.051
2973,0.002
2974,-0.083
2975,0.132
2976,-0.107
2977,-0.022
2978,0.127
2979,0.056
2980,-0.032
2981,0.005
2982,0.02
2983,0.083
2984,0.024
2985,0.056
2986,0.105
2987,0.02
2988,-0.017
2989,-0.054
2990,0.005
2991,-0.02
2992,0.015
2993,-0.034
2994,-0.049
2995,0.0
2996,-0.063
2997,-0.029
2998,0.02
2999,-0.039
3000,0.093
3001,0.034
3002,0.051
3003,0.044
3004,0.01
3005,-0.024
3006,0.027
3007,0.063
3008,0.037
3009,0.034
3010,-0.002
3011,-0.107
3012,-0.037
3013,0.02
3014,0.01
3015,-0.125
3016,-0.12
3017,0.012
3018,-0.024
3019,-0.085
3020,0.024
3021,0.088
3022,0.029
3023,-0.11
3024,-0.051
3025,-0.012
3026,0.059
3027,-0.117
3028,-0.007
3029,0.034
3030,-0.002
3031,0.044
3032,0.022
3033,-0.093
3034,-0.01
3035,-0.059
3036,-0.005
3037,-0.034
3038,-0.161
3039,-0.054
3040,-0.081
3041,-0.015
3042,-0.129
3043,-0.095
3044,-0.022
3045,0.046
3046,-0.005
3047,-0.012
3048,-0.027
3049,0.022
3050,0.0
3051,-0.063
3052,-0.056
3053,-0.103
3054,-0.056
3055,0.017
3056,-0.032
3057,0.054
3058,0.017
3059,0.044
3060,0.039
3061,-0.042
3062,0.022
3063,-0.012
3064,0.046
3065,0.073
3066,-0.007
3067,0.042
3068,0.01
3069,0.02
3070,-0.029
3071,-0.112
3072,0.017
3073,0.034
3074,0.071
3075,-0.032
3076,-0.054
3077,0.037
3078,0.076
3079,0.002
3080,0.059
3081,0.088
3082,0.078
3083,0.098
3084,0.068
3085,0.002
3086,0.024
3087,-0.024
3088,0.103
3089,0.042
3090,0.012
3091,-0.012
3092,0.049
3093,0.042
3094,0.049
3095,-0.11
3096,-0.105
3097,-0.007
3098,0.024
3099,0.051
3100,-0.071
3101,0.024
3102,0.088
3103,0.032
3104,-0.002
3105,0.063
3106,0.068
3107,0.12
3108,-0.012
3109,-0.024
3110,0.037
3111,-0.051
3112,-0.112
3113,-0.125
3114,-0.049
3115,-0.044
3116,-0.054
3117,-0.083
3118,-0.059
3119,-0.022
3120,0.02
3121,-0.151
3122,-0.076
3123,0.095
3124,0.029
3125,0.0
3126,0.046
3127,0.117
3128,0.007
3129,0.071
3130,0.051
3131,-0.054
3132,0.083
3133,-0.081
3134,-0.034
3135,-0.054
3136,0.029
3137,0.044
3138,-0.085
3139,0.11
3140,0.02
3141,0.01
3142,0.034
3143,0.063
3144,0.081
3145,0.081
3146,0.063
3147,0.066
3148,0.098
3149,0.051
3150,-0.022
3151,-0.015
3152,0.071
3153,0.017
3154,-0.12
3155,-0.063
3156,-0.059
3157,-0.017
3158,0.061
3159,-0.098
3160,0.039
3161,-0.066
3162,-0.071
3163,0.032
3164,-0.007
3165,0.039
3166,0.107
3167,0.039
3168,0.046
3169,0.024
3170,0.049
3171,-0.007
3172,0.107
3173,0.139
3174,-0.032
3175,0.015
3176,0.068
3177,0.132
3178,0.034
3179,-0.105
3180,0.0
3181,0.122
3182,0.002
3183,-0.022
3184,0.005
3185,0.034
3186,0.037
3187,0.034
3188,-0.034
3189,-0.007
3190,-0.015
3191,0.01
3192,-0.022
3193,-0.085
3194,-0.095
3195,-0.017
3196,-0.007
3197,-0.081
3198,-0.061
3199,0.049
3200,-0.002
3201,0.015
3202,0.01
3203,0.005
3204,0.046
3205,0.032
3206,0.034
3207,-0.061
3208,-0.051
3209,0.044
3210,0.032
3211,-0.146
3212,-0.088
3213,-0.093
3214,0.037
3215,-0.046
3216,-0.161
3217,-0.11
3218,0.039
3219,0.015
3220,-0.01
3221,-0.081
3222,0.034
3223,0.068
3224,0.059
3225,0.0
3226,0.054
3227,0.022
3228,-0.051
3229,0.024
3230,0.066
3231,-0.083
3232,-0.103
3233,0.01
3234,0.022
3235,0.007
3236,-0.046
3237,-0.054
3238,0.056
3239,0.098
3240,0.081
3241,0.017
3242,-0.005
3243,0.144
3244,0.081
3245,0.015
3246,0.117
3247,0.059
3248,0.066
3249,0.237
3250,0.093
3251,0.054
3252,0.056
3253,0.046
3254,0.059
3255,-0.02
3256,0.063
3257,0.137
3258,-0.115
3259,-0.054
3260,0.078
3261,0.029
3262,-0.002
3263,-0.015
3264,0.117
3265,0.088
3266,0.073
3267,0.188
3268,0.127
3269,0.205
3270,0.02
3271,-0.068
3272,0.061
3273,0.046
3274,0.012
3275,-0.012
3276,-0.071
3277,0.002
3278,-0.061
3279,-0.037
3280,-0.105
3281,-0.083
3282,0.034
3283,-0.024
3284,-0.098
3285,-0.085
3286,-0.066
3287,0.046
3288,0.002
3289,-0.005
3290,0.0
3291,-0.125
3292,0.032
3293,-0.022
3294,-0.037
3295,-0.039
3296,-0.166
3297,-0.073
3298,0.022
3299,-0.005
3300,-0.071
3301,-0.032
3302,0.002
3303,0.088
3304,0.02
3305,0.037
3306,0.051
3307,-0.022
3308,0.015
3309,0.029
3310,-0.039
3311,0.088
3312,0.051
3313,0.066
3314,-0.005
3315,-0.103
3316,0.022
3317,0.015
3318,-0.044
3319,-0.103
3320,-0.068
3321,0.017
3322,-0.017
3323,-0.071
3324,-0.032
3325,0.005
3326,0.168
3327,0.083
3328,-0.024
3329,0.002
3330,-0.022
3331,0.044
3332,0.015
3333,0.002
3334,0.029
3335,-0.005
3336,0.02
3337,0.078
3338,-0.029
3339,0.0
3340,-0.017
3341,0.037
3342,-0.042
3343,0.042
3344,0.061
3345,0.242
3346,0.132
3347,0.063
3348,0.142
3349,0.059
3350,0.059
3351,0.02
3352,-0.002
3353,0.039
3354,-0.002
3355,0.002
3356,0.039
3357,-0.029
3358,0.0
3359,-0.056
3360,-0.061
3361,-0.117
3362,0.017
3363,0.046
3364,0.042
3365,0.027
3366,0.005
3367,0.054
3368,0.051
3369,0.024
3370,0.039
3371,0.032
3372,-0.017
3373,-0.076
3374,-0.027
3375,-0.024
3376,-0.024
3377,-0.02
3378,-0.083
3379,-0.125
3380,-0.024
3381,0.051
3382,-0.142
3383,-0.09
3384,-0.007
3385,-0.002
3386,0.02
3387,0.017
3388,0.105
3389,0.129
3390,0.107
3391,0.164
3392,-0.027
3393,0.073
3394,-0.012
3395,-0.105
3396,0.015
3397,-0.068
3398,-0.024
3399,0.034
3400,-0.105
3401,-0.146
3402,-0.142
3403,-0.117
3404,-0.129
3405,-0.022
3406,-0.024
3407,-0.029
3408,0.015
3409,0.02
3410,0.027
3411,-0.015
3412,0.095
3413,0.044
3414,-0.022
3415,0.054
3416,0.012
3417,0.161
3418,0.032
3419,-0.059
3420,0.059
3421,0.017
3422,0.039
3423,0.056
3424,-0.034
3425,0.034
3426,0.017
3427,0.112
3428,0.132
3429,0.044
3430,0.164
3431,0.186
3432,0.103
3433,0.024
3434,0.029
3435,0.125
3436,0.129
3437,-0.083
3438,0.051
3439,0.046
3440,-0.01
3441,-0.02
3442,-0.051
3443,-0.012
3444,-0.081
3445,-0.112
3446,-0.007
3447,-0.002
3448,0.056
3449,0.037
3450,0.112
3451,0.049
3452,-0.039
3453,0.024
3454,0.027
3455,0.015
3456,0.032
3457,0.154
3458,0.017
3459,-0.022
3460,-0.068
3461,-0.027
3462,-0.073
3463,-0.076
3464,-0.081
3465,0.007
3466,0.107
3467,-0.056
3468,0.015
3469,0.115
3470,-0.071
3471,-0.015
3472,-0.027
3473,-0.002
3474,-0.068
3475,-0.005
3476,0.012
3477,-0.068
3478,-0.161
3479,-0.093
3480,-0.015
3481,-0.139
3482,-0.02
3483,0.071
3484,-0.137
3485,-0.144
3486,-0.068
3487,0.007
3488,0.044
3489,0.02
3490,0.095
3491,-0.024
3492,-0.02
3493,0.081
3494,0.024
3495,0.098
3496,0.044
3497,0.088
3498,-0.039
3499,-0.107
3500,0.007
3501,-0.076
3502,-0.073
3503,-0.151
3504,-0.073
3505,-0.027
3506,-0.105
3507,-0.044
3508,-0.007
3509,-0.007
3510,0.076
3511,0.066
3512,0.007
3513,0.037
3514,0.085
3515,0.09
3516,0.002
3517,-0.024
3518,-0.002
3519,0.059
3520,0.005
3521,-0.1
3522,-0.127
3523,-0.024
3524,-0.046
3525,-0.063
3526,-0.081
3527,-0.11
3528,-0.061
3529,-0.095
3530,-0.034
3531,-0.044
3532,0.005
3533,-0.083
3534,0.032
3535,0.059
3536,0.059
3537,-0.002
3538,-0.012
3539,0.12
3540,0.105
3541,0.073
3542,-0.012
3543,-0.027
3544,0.01
3545,0.042
3546,-0.046
3547,-0.017
3548,-0.056
3549,0.024
3550,0.117
3551,0.017
3552,0.059
3553,0.034
3554,-0.049
3555,0.095
3556,0.061
3557,0.024
3558,0.034
3559,0.039
3560,-0.007
3561,-0.095
3562,0.037
3563,0.051
3564,-0.112
3565,-0.042
3566,-0.076
3567,-0.01
3568,-0.029
3569,-0.02
3570,-0.029
3571,-0.034
3572,0.015
3573,0.024
3574,-0.029
3575,0.044
3576,0.01
3577,-0.088
3578,-0.01
3579,-0.042
3580,-0.01
3581,-0.032
3582,0.012
3583,0.022
3584,-0.015
3585,0.01
3586,0.02
3587,0.034
3588,0.005
3589,0.005
3590,0.029
3591,0.054
3592,-0.042
3593,-0.063
3594,0.068
3595,0.034
3596,0.095
3597,0.066
3598,0.002
3599,-0.02
3600,0.002
3601,0.1
3602,-0.002
3603,-0.002
3604,0.068
3605,-0.005
3606,0.024
3607,0.029
3608,0.032
3609,0.078
3610,0.068
3611,0.039
3612,0.054
3613,0.005
3614,0.027
3615,-0.066
3616,-0.005
3617,0.015
3618,0.01
3619,-0.083
3620,-0.02
3621,-0.039
3622,-0.022
3623,-0.046
3624,-0.076
3625,0.015
3626,-0.083
3627,-0.083
3628,0.029
3629,-0.076
3630,-0.137
3631,-0.022
3632,-0.02
3633,0.107
3634,0.081
3635,0.012
3636,-0.005
3637,-0.015
3638,-0.017
3639,0.027
3640,0.049
3641,-0.017
3642,-0.059
3643,0.027
3644,0.0
3645,-0.063
3646,-0.059
3647,-0.012
3648,0.046
3649,-0.046
3650,-0.103
3651,-0.071
3652,0.017
3653,0.1
3654,-0.037
3655,-0.117
3656,-0.042
3657,0.002
3658,0.054
3659,-0.061
3660,-0.125
3661,-0.125
3662,0.02
3663,-0.061
3664,-0.017
3665,0.007
3666,-0.198
3667,-0.059
3668,0.129
3669,-0.151
3670,-0.012
3671,-0.137
3672,-0.027
3673,0.095
3674,-0.059
3675,0.017
3676,-0.024
3677,0.171
3678,0.095
3679,-0.088
3680,0.037
3681,0.039
3682,0.12
3683,-0.032
3684,-0.024
3685,0.076
3686,-0.002
3687,0.002
3688,-0.107
3689,0.054
3690,-0.029
3691,0.037
3692,-0.034
3693,-0.012
3694,0.056
3695,-0.095
3696,-0.034
3697,-0.01
3698,-0.012
3699,-0.024
3700,-0.061
3701,-0.076
3702,-0.078
3703,0.037
3704,-0.032
3705,-0.12
3706,0.0
3707,0.112
3708,0.093
3709,0.012
3710,0.022
3711,0.0
3712,0.022
3713,0.061
3714,0.032
3715,0.007
3716,-0.027
3717,-0.017
3718,-0.054
3719,-0.032
3720,-0.022
3721,-0.056
3722,-0.144
3723,-0.076
3724,-0.032
3725,-0.2
3726,-0.122
3727,-0.051
3728,-0.115
3729,-0.161
3730,-0.063
3731,-0.027
3732,0.083
3733,-0.034
3734,-0.046
3735,0.044
3736,0.042
3737,-0.01
3738,0.134
3739,0.073
3740,-0.081
3741,-0.044
3742,-0.046
3743,-0.042
3744,-0.117
3745,-0.061
3746,-0.049
3747,-0.051
3748,-0.044
3749,0.0
3750,-0.061
3751,-0.105
3752,-0.044
3753,-0.105
3754,-0.105
3755,-0.059
3756,0.005
3757,-0.024
3758,0.002
3759,0.015
3760,-0.007
3761,-0.073
3762,-0.029
3763,-0.034
3764,-0.037
3765,-0.024
3766,-0.02
3767,-0.032
3768,-0.039
3769,-0.037
3770,-0.017
3771,-0.024
3772,-0.049
3773,-0.039
3774,-0.017
3775,0.037
3776,-0.022
3777,0.078
3778,0.09
3779,0.015
3780,-0.02
3781,0.056
3782,0.015
3783,0.012
3784,0.002
3785,-0.063
3786,-0.078
3787,0.017
3788,-0.073
3789,-0.015
3790,0.029
3791,-0.007
3792,0.017
3793,-0.012
3794,0.051
3795,0.066
3796,0.005
3797,-0.029
3798,0.073
3799,0.056
3800,-0.037
3801,0.0
3802,-0.024
3803,0.042
3804,0.005
3805,-0.051
3806,0.01
3807,-0.044
3808,-0.066
3809,-0.034
3810,-0.166
3811,-0.144
3812,-0.088
3813,-0.115
3814,-0.137
3815,-0.051
3816,-0.046
3817,-0.081
3818,-0.068
3819,-0.137
3820,-0.149
3821,-0.007
3822,-0.051
3823,-0.063
3824,-0.046
3825,0.093
3826,-0.005
3827,-0.059
3828,-0.022
3829,-0.024
3830,0.007
3831,0.049
3832,0.017
3833,-0.027
3834,0.051
3835,0.059
3836,0.068
3837,-0.005
3838,0.01
3839,0.056
3840,0.061
3841,0.122
3842,0.093
3843,0.063
3844,0.081
3845,0.005
3846,-0.095
3847,-0.012
3848,-0.037
3849,0.027
3850,-0.068
3851,-0.125
3852,0.007
3853,-0.046
3854,-0.032
3855,0.093
3856,0.095
3857,0.027
3858,-0.022
3859,0.027
3860,0.107
3861,0.068
3862,0.061
3863,0.1
3864,-0.01
3865,-0.002
3866,-0.066
3867,0.063
3868,0.083
3869,0.054
3870,0.0
3871,-0.024
3872,0.015
3873,0.051
3874,0.088
3875,-0.007
3876,0.059
3877,0.032
3878,0.002
3879,0.027
3880,0.037
3881,0.044
3882,0.02
3883,0.034
3884,-0.037
3885,0.022
3886,0.022
3887,0.017
3888,-0.017
3889,0.039
3890,0.015
3891,-0.046
3892,0.024
3893,-0.042
3894,0.017
3895,0.068
3896,0.076
3897,0.059
3898,0.042
3899,0.017
3900,0.051
3901,0.049
3902,-0.002
3903,-0.046
3904,0.144
3905,0.051
3906,0.042
3907,0.01
3908,-0.117
3909,-0.09
3910,-0.11
3911,-0.046
3912,0.02
3913,0.029
3914,0.198
3915,0.115
3916,0.032
3917,0.088
3918,-0.012
3919,0.078
3920,0.042
3921,0.007
3922,0.068
3923,0.0
3924,-0.073
3925,0.0
3926,-0.022
3927,-0.012
3928,-0.051
3929,-0.071
3930,0.107
3931,-0.071
3932,-0.115
3933,0.024
3934,0.098
3935,0.117
3936,0.034
3937,0.01
3938,0.095
3939,-0.046
3940,-0.056
3941,-0.012
3942,0.01
3943,0.093
3944,0.049
3945,0.029
3946,0.027
3947,0.029
3948,0.056
3949,0.085
3950,-0.11
3951,0.039
3952,0.098
3953,-0.051
3954,0.071
3955,-0.007
3956,0.015
3957,0.125
3958,0.098
3959,0.068
3960,-0.037
3961,0.059
3962,0.015
3963,-0.042
3964,0.139
3965,0.046
3966,-0.005
3967,-0.029
3968,-0.042
3969,0.044
3970,-0.027
3971,-0.02
3972,0.027
3973,0.002
3974,-0.081
3975,0.017
3976,0.032
3977,-0.034
3978,-0.044
3979,0.037
3980,0.039
3981,0.042
3982,0.01
3983,-0.024
3984,-0.005
3985,-0.049
3986,-0.042
3987,-0.022
3988,-0.061
3989,-0.132
3990,-0.103
3991,-0.029
3992,-0.027
3993,0.02
3994,-0.046
3995,0.017
3996,0.024
3997,0.046
3998,0.081
3999,0.112
4000,0.115
4001,-0.088
4002,-0.012
4003,0.027
4004,-0.017
4005,-0.042
4006,-0.002
4007,-0.056
4008,-0.032
4009,-0.01
4010,0.071
4011,0.029
4012,0.046
4013,0.01
4014,0.09
4015,0.005
4016,0.083
4017,0.083
4018,0.083
4019,0.02
4020,0.002
4021,-0.01
4022,0.056
4023,0.024
4024,0.032
4025,-0.042
4026,-0.068
4027,-0.046
4028,-0.066
4029,-0.02
4030,-0.049
4031,-0.046
4032,0.005
4033,0.073
4034,0.027
4035,0.015
4036,-0.051
4037,0.007
4038,0.056
4039,0.02
4040,0.134
4041,0.09
4042,0.061
4043,0.027
4044,0.076
4045,-0.01
4046,-0.081
4047,-0.007
4048,-0.063
4049,-0.19
4050,0.022
4051,-0.051
4052,-0.034
4053,-0.015
4054,-0.09
4055,0.051
4056,-0.01
4057,-0.037
4058,0.024
4059,0.002
4060,-0.012
4061,0.059
4062,0.083
4063,0.049
4064,-0.012
4065,-0.059
4066,0.022
4067,0.022
4068,0.005
4069,-0.024
4070,-0.164
4071,-0.063
4072,-0.073
4073,-0.144
4074,-0.11
4075,-0.044
4076,-0.063
4077,0.095
4078,0.012
4079,-0.002
4080,-0.059
4081,-0.015
4082,0.056
4083,0.007
4084,-0.027
4085,0.066
4086,0.005
4087,-0.117
4088,-0.002
4089,0.022
4090,-0.066
4091,-0.071
4092,-0.127
4093,-0.168
4094,-0.007
4095,-0.054
4096,-0.103
4097,-0.103
4098,-0.071
4099,0.02
4100,-0.032
4101,0.032
4102,-0.015
4103,-0.02
4104,0.027
4105,0.11
4106,0.071
4107,0.049
4108,0.054
4109,-0.012
4110,-0.083
4111,0.015
4112,0.059
4113,-0.005
4114,-0.044
4115,-0.027
4116,0.049
4117,0.024
4118,0.042
4119,0.156
4120,-0.034
4121,0.061
4122,0.042
4123,-0.029
4124,0.037
4125,0.034
4126,0.054
4127,0.017
4128,-0.015
4129,-0.002
4130,-0.037
4131,-0.054
4132,0.005
4133,-0.085
4134,-0.156
4135,-0.037
4136,0.02
4137,-0.056
4138,-0.112
4139,0.042
4140,0.039
4141,-0.039
4142,0.034
4143,0.034
4144,0.017
4145,0.022
4146,0.024
4147,0.049
4148,0.0
4149,-0.032
4150,-0.032
4151,-0.117
4152,-0.078
4153,-0.034
4154,-0.146
4155,-0.125
4156,-0.061
4157,-0.007
4158,-0.039
4159,-0.037
4160,-0.037
4161,-0.098
4162,-0.01
4163,-0.002
4164,-0.002
4165,0.005
4166,0.049
4167,0.044
4168,0.032
4169,0.029
4170,0.078
4171,-0.037
4172,-0.12
4173,-0.09
4174,-0.022
4175,-0.122
4176,-0.144
4177,0.095
4178,-0.005
4179,-0.034
4180,0.027
4181,-0.024
4182,-0.044
4183,-0.044
4184,-0.029
4185,-0.034
4186,0.071
4187,0.061
4188,0.015
4189,-0.068
4190,-0.024
4191,0.022
4192,-0.002
4193,-0.032
4194,-0.061
4195,-0.066
4196,-0.007
4197,0.002
4198,0.0
4199,0.022
4200,-0.002
4201,0.0
4202,0.017
4203,0.029
4204,-0.051
4205,0.002
4206,0.078
4207,-0.037
4208,0.02
4209,0.044
4210,-0.032
4211,-0.083
4212,-0.073
4213,0.02
4214,-0.132
4215,0.002
4216,0.0
4217,-0.066
4218,0.005
4219,-0.017
4220,0.022
4221,-0.002
4222,0.081
4223,0.1
4224,0.005
4225,-0.002
4226,0.042
4227,0.032
4228,0.012
4229,-0.037
4230,-0.012
4231,0.002
4232,-0.098
4233,-0.037
4234,-0.01
4235,-0.095
4236,-0.078
4237,-0.078
4238,-0.088
4239,0.049
4240,-0.01
4241,0.02
4242,-0.032
4243,-0.02
4244,-0.017
4245,-0.039
4246,0.017
4247,0.042
4248,0.044
4249,0.005
4250,-0.051
4251,-0.078
4252,-0.017
4253,0.0
4254,0.039
4255,-0.083
4256,-0.115
4257,0.002
4258,-0.076
4259,-0.078
4260,0.012
4261,-0.095
4262,-0.071
4263,-0.02
4264,-0.088
4265,0.039
4266,-0.022
4267,0.037
4268,0.066
4269,-0.117
4270,0.005
4271,-0.09
4272,-0.137
4273,0.007
4274,0.085
4275,0.054
4276,-0.073
4277,-0.017
4278,0.063
4279,-0.01
4280,-0.012
4281,0.039
4282,0.046
4283,0.024
4284,-0.01
4285,-0.024
4286,0.085
4287,-0.01
4288,0.078
4289,0.015
4290,-0.034
4291,-0.032
4292,0.056
4293,0.037
4294,0.015
4295,-0.024
4296,0.005
4297,0.037
4298,0.032
4299,-0.015
4300,0.071
4301,-0.015
4302,0.024
4303,0.061
4304,-0.002
4305,0.112
4306,0.115
4307,-0.066
4308,-0.076
4309,-0.022
4310,0.027
4311,0.051
4312,-0.146
4313,-0.002
4314,-0.037
4315,-0.11
4316,0.068
4317,-0.002
4318,0.01
4319,0.012
4320,-0.01
4321,0.071
4322,-0.012
4323,0.117
4324,0.032
4325,-0.017
4326,0.061
4327,0.02
4328,0.117
4329,-0.083
4330,-0.161
4331,0.037
4332,0.056
4333,-0.134
4334,-0.142
4335,-0.186
4336,-0.088
4337,-0.039
4338,-0.107
4339,-0.081
4340,-0.129
4341,-0.022
4342,0.015
4343,-0.002
4344,-0.093
4345,0.029
4346,0.071
4347,0.049
4348,0.063
4349,0.015
4350,0.027
4351,-0.007
4352,-0.037
4353,-0.112
4354,-0.083
4355,0.007
4356,-0.049
4357,-0.198
4358,-0.061
4359,-0.015
4360,-0.159
4361,-0.034
4362,-0.005
4363,-0.168
4364,-0.068
4365,0.005
4366,0.024
4367,-0.032
4368,-0.098
4369,0.085
4370,-0.02
4371,-0.017
4372,0.063
4373,0.044
4374,0.071
4375,-0.005
4376,-0.017
4377,0.093
4378,-0.039
4379,-0.01
4380,-0.024
4381,-0.005
4382,0.005
4383,-0.068
4384,-0.012
4385,0.093
4386,0.105
4387,0.107
4388,0.056
4389,-0.012
4390,0.117
4391,0.061
4392,0.002
4393,0.029
4394,0.066
4395,0.061
4396,-0.059
4397,-0.002
4398,0.093
4399,0.076
4400,0.039
4401,-0.005
4402,0.059
4403,0.027
4404,0.078
4405,-0.005
4406,0.049
4407,0.078
4408,0.09
4409,0.034
4410,0.139
4411,-0.005
4412,0.029
4413,0.027
4414,0.002
4415,0.0
4416,-0.022
4417,-0.088
4418,0.115
4419,0.063
4420,0.034
4421,-0.01
4422,0.002
4423,0.112
4424,0.073
4425,-0.024
4426,-0.017
4427,-0.068
4428,-0.039
4429,-0.02
4430,-0.029
4431,-0.056
4432,-0.029
4433,0.02
4434,-0.105
4435,-0.107
4436,-0.059
4437,-0.063
4438,-0.088
4439,0.034
4440,0.081
4441,-0.115
4442,-0.063
4443,0.159
4444,0.122
4445,-0.068
4446,-0.076
4447,0.09
4448,0.112
4449,-0.032
4450,0.037
4451,0.071
4452,0.037
4453,0.005
4454,-0.132
4455,-0.078
4456,-0.037
4457,0.09
4458,-0.054
4459,-0.044
4460,0.024
4461,0.039
4462,0.056
4463,-0.002
4464,-0.054
4465,0.054
4466,-0.078
4467,-0.095
4468,-0.027
4469,-0.039
4470,0.095
4471,0.049
4472,-0.022
4473,-0.071
4474,-0.112
4475,0.061
4476,-0.017
4477,-0.068
4478,0.005
4479,-0.066
4480,-0.034
4481,0.042
4482,-0.129
4483,-0.103
4484,0.068
4485,0.056
4486,0.046
4487,-0.1
4488,0.042
4489,0.005
4490,0.007
4491,-0.022
4492,0.037
4493,0.066
4494,-0.095
4495,0.068
4496,-0.024
4497,-0.044
4498,-0.037
4499,0.034
4500,0.054
4501,0.056
4502,0.01
4503,-0.01
4504,-0.005
4505,0.027
4506,0.085
4507,0.1
4508,0.098
4509,0.068
4510,0.12
4511,0.063
4512,-0.015
4513,-0.046
4514,-0.061
4515,0.027
4516,0.002
4517,0.015
4518,0.0
4519,0.02
4520,0.056
4521,0.066
4522,-0.054
4523,-0.005
4524,0.085
4525,0.132
4526,-0.007
4527,0.015
4528,0.083
4529,0.015
4530,0.02
4531,-0.12
4532,-0.015
4533,0.0
4534,-0.007
4535,-0.146
4536,-0.098
4537,0.002
4538,-0.068
4539,-0.125
4540,-0.103
4541,0.0
4542,0.017
4543,-0.11
4544,-0.044
4545,0.012
4546,-0.002
4547,-0.11
4548,-0.002
4549,-0.029
4550,-0.032
4551,0.015
4552,-0.049
4553,-0.049
4554,0.022
4555,-0.042
4556,-0.081
4557,0.0
4558,-0.137
4559,0.0
4560,0.027
4561,-0.051
4562,-0.076
4563,0.068
4564,0.007
4565,-0.034
4566,0.059
4567,0.09
4568,0.085
4569,-0.015
4570,0.022
4571,-0.027
4572,-0.015
4573,-0.081
4574,-0.076
4575,-0.195
4576,-0.132
4577,0.022
4578,-0.127
4579,0.0
4580,-0.054
4581,-0.19
4582,-0.061
4583,0.054
4584,0.081
4585,-0.029
4586,0.029
4587,0.066
4588,-0.01
4589,0.105
4590,0.068
4591,0.081
4592,0.142
4593,0.044
4594,-0.044
4595,-0.049
4596,-0.11
4597,-0.083
4598,-0.071
4599,-0.024
4600,-0.088
4601,0.076
4602,0.005
4603,-0.046
4604,0.051
4605,-0.01
4606,0.029
4607,0.059
4608,-0.007
4609,0.017
4610,0.205
4611,0.093
4612,0.024
4613,0.117
4614,0.11
4615,-0.039
4616,-0.122
4617,0.01
4618,0.032
4619,-0.112
4620,-0.066
4621,-0.132
4622,-0.1
4623,0.007
4624,-0.022
4625,-0.076
4626,0.088
4627,0.015
4628,0.085
4629,0.054
4630,0.095
4631,0.137
4632,-0.022
4633,-0.029
4634,0.151
4635,0.012
4636,0.005
4637,0.095
4638,-0.146
4639,-0.073
4640,0.017
4641,-0.061
4642,-0.042
4643,-0.251
4644,-0.076
4645,-0.027
4646,-0.176
4647,-0.095
4648,-0.105
4649,0.005
4650,0.015
4651,-0.164
4652,-0.034
4653,-0.061
4654,0.007
4655,0.022
4656,-0.156
4657,0.007
4658,0.078
4659,0.059
4660,0.027
4661,-0.044
4662,-0.002
4663,0.029
4664,-0.139
4665,-0.049
4666,0.098
4667,-0.061
4668,-0.059
4669,-0.007
4670,0.061
4671,0.034
4672,0.051
4673,-0.059
4674,0.022
4675,0.015
4676,0.039
4677,0.073
4678,-0.044
4679,0.063
4680,0.051
4681,-0.117
4682,-0.088
4683,0.002
4684,0.012
4685,0.007
4686,0.112
4687,0.093
4688,0.0
4689,0.049
4690,0.076
4691,0.073
4692,0.127
4693,0.034
4694,0.127
4695,0.046
4696,0.063
4697,0.098
4698,-0.034
4699,0.093
4700,0.127
4701,0.1
4702,0.046
4703,-0.01
4704,0.02
4705,-0.007
4706,0.061
4707,-0.024
4708,0.005
4709,0.022
4710,0.081
4711,0.007
4712,0.002
4713,0.007
4714,0.022
4715,0.005
4716,-0.007
4717,0.034
4718,0.098
4719,0.088
4720,0.042
4721,0.068
4722,0.042
4723,-0.01
4724,-0.068
4725,0.007
4726,0.022
4727,0.002
4728,0.083
4729,0.078
4730,0.071
4731,0.12
4732,0.225
4733,0.02
4734,-0.012
4735,0.044
4736,0.042
4737,-0.027
4738,0.005
4739,0.002
4740,-0.022
4741,0.005
4742,0.042
4743,0.007
4744,-0.134
4745,-0.034
4746,-0.029
4747,0.034
4748,0.12
4749,-0.022
4750,0.046
4751,0.054
4752,-0.051
4753,-0.044
4754,-0.005
4755,-0.024
4756,-0.024
4757,-0.012
4758,-0.105
4759,-0.139
4760,-0.107
4761,0.032
4762,0.051
4763,0.005
4764,-0.059
4765,-0.017
4766,0.017
4767,-0.007
4768,-0.024
4769,-0.012
4770,0.044
4771,0.02
4772,0.105
4773,0.054
4774,0.122
4775,0.081
4776,-0.024
4777,0.054
4778,0.032
4779,0.054
4780,0.0
4781,0.012
4782,-0.051
4783,-0.059
4784,0.015
4785,0.005
4786,0.068
4787,-0.044
4788,0.098
4789,0.144
4790,0.054
4791,0.012
4792,0.103
4793,0.034
4794,0.073
4795,0.01
4796,0.027
4797,0.159
4798,-0.022
4799,-0.007
4800,-0.029
4801,0.0
4802,0.005
4803,0.032
4804,0.107
4805,0.051
4806,0.093
4807,0.059
4808,0.002
4809,0.044
4810,0.054
4811,0.098
4812,0.068
4813,0.12
4814,0.139
4815,0.107
4816,0.007
4817,0.112
4818,0.02
4819,-0.042
4820,-0.076
4821,0.005
4822,-0.166
4823,-0.02
4824,-0.066
4825,-0.088
4826,-0.017
4827,-0.142
4828,-0.037
4829,-0.068
4830,-0.034
4831,0.044
4832,0.002
4833,-0.09
4834,0.029
4835,0.044
4836,0.012
4837,-0.034
4838,-0.11
4839,0.0
4840,-0.032
4841,-0.02
4842,-0.044
4843,-0.037
4844,0.02
4845,-0.093
4846,0.049
4847,-0.032
4848,-0.054
4849,-0.044
4850,0.054
4851,0.076
4852,-0.01
4853,-0.007
4854,-0.034
4855,-0.088
4856,0.071
4857,0.071
4858,-0.049
4859,-0.11
4860,0.027
4861,0.056
4862,-0.002
4863,0.007
4864,-0.076
4865,-0.037
4866,-0.007
4867,-0.103
4868,0.073
4869,0.071
4870,-0.027
4871,-0.032
4872,-0.039
4873,0.066
4874,0.02
4875,-0.115
4876,-0.051
4877,-0.056
4878,-0.142
4879,-0.01
4880,-0.017
4881,-0.115
4882,-0.093
4883,-0.125
4884,-0.054
4885,-0.017
4886,-0.039
4887,-0.083
4888,-0.117
4889,0.078
4890,0.1
4891,0.1
4892,0.125
4893,-0.115
4894,-0.01
4895,0.105
4896,-0.005
4897,0.249
4898,-0.061
4899,-0.134
4900,-0.051
4901,-0.02
4902,-0.002
4903,-0.142
4904,0.02
4905,0.142
4906,-0.1
4907,-0.176
4908,0.071
4909,0.0
4910,-0.083
4911,0.056
4912,0.037
4913,0.007
4914,-0.002
4915,-0.037
4916,-0.024
4917,-0.115
4918,-0.186
4919,-0.059
4920,-0.066
4921,-0.178
4922,-0.093
4923,-0.056
4924,-0.107
4925,-0.142
4926,-0.044
4927,-0.022
4928,0.146
4929,0.0
4930,-0.015
4931,-0.012
4932,0.0
4933,0.044
4934,-0.039
4935,-0.105
4936,-0.061
4937,-0.029
4938,-0.071
4939,-0.01
4940,-0.027
4941,-0.093
4942,-0.156
4943,-0.144
4944,-0.156
4945,-0.132
4946,-0.117
4947,-0.142
4948,0.063
4949,-0.034
4950,-0.085
4951,0.063
4952,-0.071
4953,-0.093
4954,-0.051
4955,-0.078
4956,-0.095
4957,-0.039
4958,-0.063
4959,-0.034
4960,-0.051
4961,0.02
4962,-0.071
4963,-0.125
4964,-0.039
4965,0.017
4966,0.054
4967,0.017
4968,0.027
4969,-0.063
4970,0.088
4971,0.046
4972,0.098
4973,0.129
4974,0.1
4975,0.115
4976,0.027
4977,0.029
4978,-0.022
4979,-0.022
4980,0.0
4981,0.049
4982,0.0
4983,-0.088
4984,-0.208
4985,-0.103
4986,-0.032
4987,-0.203
4988,-0.171
4989,-0.164
4990,-0.042
4991,-0.129
4992,-0.095
4993,-0.051
4994,-0.051
4995,-0.076
4996,-0.056
4997,-0.066
4998,-0.105
4999,0.044
5000,-0.029
5001,-0.063
5002,-0.051
5003,0.002
5004,-0.02
5005,-0.027
5006,-0.112
5007,-0.107
5008,0.024
5009,0.027
5010,0.076
5011,-0.051
5012,0.017
5013,0.071
5014,-0.01
5015,0.015
5016,-0.039
5017,0.02
5018,0.017
5019,0.032
5020,-0.088
5021,-0.166
5022,-0.098
5023,-0.039
5024,-0.02
5025,-0.063
5026,0.01
5027,-0.171
5028,-0.09
5029,-0.022
5030,0.002
5031,0.012
5032,-0.034
5033,0.007
5034,0.034
5035,-0.005
5036,0.125
5037,0.176
5038,-0.046
5039,-0.01
5040,0.051
5041,-0.054
5042,-0.022
5043,-0.042
5044,-0.11
5045,-0.105
5046,-0.081
5047,-0.01
5048,0.073
5049,-0.066
5050,0.066
5051,0.012
5052,0.01
5053,0.012
5054,-0.034
5055,0.029
5056,0.017
5057,0.11
5058,-0.039
5059,-0.085
5060,0.076
5061,0.088
5062,-0.085
5063,-0.056
5064,0.027
5065,0.095
5066,0.066
5067,0.007
5068,0.042
5069,0.024
5070,0.005
5071,-0.024
5072,0.117
5073,0.127
5074,0.037
5075,0.122
5076,0.105
5077,0.039
5078,0.0
5079,0.193
5080,0.105
5081,-0.051
5082,0.0
5083,0.029
5084,-0.029
5085,-0.073
5086,-0.024
5087,0.044
5088,-0.017
5089,-0.024
5090,-0.081
5091,-0.056
5092,0.049
5093,0.054
5094,0.022
5095,0.037
5096,0.083
5097,0.063
5098,-0.063
5099,-0.056
5100,0.049
5101,0.034
5102,-0.059
5103,-0.034
5104,-0.015
5105,-0.127
5106,-0.01
5107,0.037
5108,-0.01
5109,-0.017
5110,0.039
5111,0.095
5112,0.02
5113,-0.054
5114,0.024
5115,0.071
5116,-0.044
5117,-0.039
5118,0.032
5119,0.061
5120,-0.078
5121,-0.027
5122,-0.012
5123,0.049
5124,0.01
5125,-0.112
5126,-0.1
5127,-0.037
5128,0.046
5129,-0.012
5130,-0.049
5131,0.024
5132,0.061
5133,0.134
5134,0.054
5135,-0.022
5136,-0.039
5137,0.078
5138,-0.034
5139,0.015
5140,-0.029
5141,-0.017
5142,0.034
5143,0.042
5144,-0.081
5145,-0.042
5146,0.002
5147,0.015
5148,0.007
5149,-0.039
5150,0.112
5151,0.051
5152,0.029
5153,0.132
5154,0.071
5155,0.034
5156,0.0
5157,0.098
5158,-0.027
5159,0.042
5160,-0.027
5161,-0.071
5162,-0.042
5163,-0.083
5164,-0.017
5165,-0.078
5166,-0.129
5167,-0.005
5168,-0.103
5169,-0.015
5170,0.232
5171,-0.039
5172,-0.088
5173,0.149
5174,-0.002
5175,-0.017
5176,-0.015
5177,-0.029
5178,0.156
5179,-0.068
5180,0.01
5181,0.059
5182,0.017
5183,0.042
5184,0.037
5185,0.015
5186,0.125
5187,0.054
5188,-0.098
5189,-0.027
5190,0.093
5191,-0.022
5192,0.061
5193,0.049
5194,0.005
5195,0.042
5196,0.002
5197,-0.022
5198,-0.049
5199,-0.095
5200,0.217
5201,0.115
5202,-0.027
5203,-0.029
5204,0.068
5205,0.054
5206,0.02
5207,-0.112
5208,-0.034
5209,0.02
5210,-0.066
5211,0.125
5212,0.032
5213,0.044
5214,0.049
5215,0.056
5216,0.107
5217,-0.078
5218,0.066
5219,0.181
5220,0.007
5221,-0.071
5222,-0.037
5223,0.051
5224,-0.005
5225,-0.054
5226,-0.066
5227,0.034
5228,0.005
5229,-0.012
5230,0.034
5231,-0.002
5232,0.02
5233,0.071
5234,0.02
5235,0.083
5236,0.044
5237,-0.002
5238,0.029
5239,-0.005
5240,-0.051
5241,0.112
5242,0.076
5243,0.0
5244,-0.02
5245,0.007
5246,-0.027
5247,-0.022
5248,-0.015
5249,0.029
5250,0.02
5251,-0.068
5252,0.161
5253,0.066
5254,0.073
5255,0.0
5256,0.081
5257,0.198
5258,0.085
5259,0.059
5260,0.051
5261,-0.029
5262,0.002
5263,-0.059
5264,-0.044
5265,-0.042
5266,-0.012
5267,-0.049
5268,-0.125
5269,-0.02
5270,0.032
5271,-0.103
5272,0.032
5273,-0.044
5274,-0.015
5275,0.093
5276,0.088
5277,-0.034
5278,0.015
5279,0.037
5280,-0.046
5281,0.007
5282,-0.034
5283,0.093
5284,0.068
5285,-0.095
5286,0.032
5287,-0.088
5288,-0.029
5289,-0.029
5290,-0.027
5291,0.107
5292,0.076
5293,-0.049
5294,0.059
5295,-0.002
5296,0.078
5297,0.142
5298,0.061
5299,0.073
5300,0.017
5301,0.024
5302,0.095
5303,-0.027
5304,0.039
5305,-0.012
5306,0.0
5307,0.127
5308,-0.051
5309,-0.112
5310,0.012
5311,0.007
5312,0.078
5313,0.037
5314,-0.002
5315,0.042
5316,-0.032
5317,0.083
5318,0.017
5319,-0.01
5320,0.029
5321,0.049
5322,0.081
5323,-0.017
5324,-0.032
5325,0.063
5326,0.042
5327,-0.01
5328,0.005
5329,-0.056
5330,0.01
5331,-0.046
5332,0.005
5333,0.022
5334,-0.049
5335,0.068
5336,0.024
5337,0.0
5338,-0.002
5339,-0.015
5340,0.002
5341,0.2
5342,0.034
5343,0.022
5344,-0.015
5345,-0.085
5346,0.022
5347,-0.042
5348,0.015
5349,-0.09
5350,-0.178
5351,-0.061
5352,-0.02
5353,0.022
5354,-0.103
5355,0.039
5356,-0.117
5357,-0.085
5358,0.076
5359,0.027
5360,-0.105
5361,-0.027
5362,0.012
5363,-0.039
5364,-0.059
5365,0.046
5366,0.01
5367,-0.115
5368,-0.005
5369,0.015
5370,0.034
5371,-0.012
5372,0.071
5373,0.059
5374,0.066
5375,0.117
5376,0.093
5377,0.054
5378,0.02
5379,0.042
5380,0.093
5381,0.125
5382,-0.032
5383,-0.039
5384,0.056
5385,-0.005
5386,-0.127
5387,-0.012
5388,-0.005
5389,0.061
5390,-0.063
5391,-0.076
5392,0.168
5393,-0.022
5394,0.02
5395,0.093
5396,-0.122
5397,0.022
5398,0.115
5399,0.09
5400,0.012
5401,0.042
5402,0.007
5403,0.027
5404,-0.044
5405,-0.024
5406,-0.049
5407,-0.015
5408,0.044
5409,0.002
5410,-0.095
5411,-0.068
5412,0.02
5413,-0.01
5414,0.061
5415,0.0
5416,-0.027
5417,0.088
5418,0.105
5419,0.061
5420,0.015
5421,0.085
5422,0.178
5423,-0.007
5424,-0.054
5425,0.046
5426,-0.029
5427,-0.081
5428,0.032
5429,-0.049
5430,-0.059
5431,-0.056
5432,0.012
5433,-0.107
5434,0.017
5435,0.083
5436,-0.088
5437,0.02
5438,0.029
5439,-0.032
5440,-0.017
5441,0.005
5442,-0.071
5443,-0.085
5444,-0.081
5445,-0.112
5446,-0.212
5447,-0.046
5448,-0.022
5449,-0.117
5450,-0.059
5451,-0.088
5452,-0.2
5453,-0.107
5454,-0.166
5455,0.015
5456,0.105
5457,-0.071
5458,-0.093
5459,0.02
5460,-0.046
5461,0.068
5462,-0.059
5463,-0.037
5464,0.039
5465,0.059
5466,0.005
5467,-0.007
5468,0.024
5469,-0.046
5470,-0.115
5471,-0.168
5472,0.059
5473,-0.063
5474,-0.09
5475,0.056
5476,0.037
5477,-0.024
5478,-0.051
5479,0.151
5480,0.034
5481,-0.005
5482,0.088
5483,0.039
5484,-0.015
5485,-0.046
5486,0.029
5487,0.0
5488,-0.061
5489,0.007
5490,0.071
5491,-0.081
5492,-0.02
5493,-0.066
5494,-0.017
5495,0.039
5496,-0.017
5497,0.0
5498,0.044
5499,0.044
5500,0.015
5501,0.063
5502,-0.027
5503,0.007
5504,-0.063
5505,-0.029
5506,0.012
5507,-0.029
5508,0.0
5509,-0.132
5510,-0.049
5511,0.051
5512,-0.066
5513,-0.088
5514,-0.039
5515,0.007
5516,0.015
5517,-0.032
5518,-0.12
5519,-0.056
5520,-0.115
5521,-0.02
5522,0.005
5523,-0.066
5524,-0.017
5525,-0.063
5526,-0.061
5527,-0.044
5528,-0.095
5529,-0.056
5530,-0.137
5531,-0.115
5532,-0.012
5533,-0.049
5534,-0.078
5535,-0.093
5536,0.005
5537,0.007
5538,0.029
5539,0.005
5540,-0.007
5541,0.039
5542,0.017
5543,-0.022
5544,0.066
5545,-0.046
5546,-0.156
5547,-0.02
5548,-0.039
5549,-0.083
5550,-0.107
5551,-0.11
5552,0.024
5553,-0.093
5554,-0.159
5555,0.027
5556,-0.015
5557,-0.034
5558,-0.078
5559,-0.01
5560,0.073
5561,0.032
5562,0.122
5563,0.051
5564,-0.093
5565,-0.063
5566,-0.042
5567,-0.098
5568,0.076
5569,-0.042
5570,-0.01
5571,-0.02
5572,-0.068
5573,-0.127
5574,-0.115
5575,-0.007
5576,0.049
5577,0.005
5578,-0.017
5579,-0.01
5580,0.071
5581,-0.02
5582,0.042
5583,0.054
5584,0.012
5585,0.017
5586,0.022
5587,0.022
5588,0.024
5589,0.024
5590,0.0
5591,0.015
5592,-0.005
5593,-0.012
5594,-0.068
5595,0.039
5596,0.088
5597,0.061
5598,-0.081
5599,-0.056
5600,0.103
5601,0.093
5602,-0.066
5603,0.032
5604,0.1
5605,0.085
5606,-0.02
5607,-0.066
5608,-0.046
5609,-0.022
5610,-0.125
5611,-0.061
5612,-0.159
5613,-0.139
5614,-0.042
5615,-0.046
5616,-0.024
5617,-0.107
5618,-0.022
5619,0.107
5620,0.115
5621,-0.066
5622,0.034
5623,0.037
5624,0.024
5625,-0.017
5626,-0.073
5627,-0.088
5628,0.0
5629,-0.078
5630,0.002
5631,-0.085
5632,-0.103
5633,-0.034
5634,0.034
5635,-0.071
5636,-0.083
5637,-0.024
5638,0.002
5639,0.083
5640,0.083
5641,0.222
5642,0.012
5643,-0.09
5644,0.002
5645,-0.032
5646,-0.061
5647,0.034
5648,0.022
5649,-0.002
5650,-0.129
5651,-0.071
5652,-0.046
5653,-0.024
5654,-0.015
5655,-0.054
5656,-0.056
5657,-0.051
5658,0.071
5659,0.066
5660,0.022
5661,-0.037
5662,0.017
5663,0.142
5664,0.083
5665,-0.027
5666,-0.02
5667,0.02
5668,0.01
5669,0.005
5670,0.022
5671,0.007
5672,0.012
5673,-0.049
5674,-0.032
5675,-0.1
5676,-0.066
5677,-0.066
5678,-0.024
5679,-0.046
5680,-0.063
5681,0.1
5682,0.112
5683,0.051
5684,0.002
5685,0.015
5686,0.081
5687,-0.034
5688,-0.01
5689,-0.002
5690,-0.049
5691,0.044
5692,0.049
5693,0.032
5694,0.007
5695,0.012
5696,-0.042
5697,-0.024
5698,-0.027
5699,-0.02
5700,0.034
5701,-0.034
5702,-0.007
5703,-0.005
5704,-0.02
5705,0.015
5706,0.054
5707,-0.01
5708,-0.056
5709,0.007
5710,0.071
5711,-0.015
5712,-0.095
5713,-0.125
5714,-0.122
5715,-0.105
5716,-0.042
5717,-0.002
5718,-0.129
5719,-0.054
5720,0.059
5721,-0.039
5722,-0.037
5723,-0.059
5724,0.098
5725,0.049
5726,0.015
5727,0.039
5728,0.046
5729,0.095
5730,0.0
5731,0.139
5732,0.076
5733,-0.066
5734,0.022
5735,0.022
5736,-0.039
5737,-0.037
5738,-0.032
5739,0.051
5740,0.056
5741,0.117
5742,0.081
5743,0.078
5744,0.09
5745,0.115
5746,0.015
5747,0.022
5748,0.085
5749,0.073
5750,0.115
5751,0.0
5752,-0.105
5753,-0.054
5754,0.056
5755,0.029
5756,-0.088
5757,-0.12
5758,-0.059
5759,-0.02
5760,0.085
5761,0.029
5762,0.024
5763,-0.012
5764,0.046
5765,0.034
5766,0.027
5767,0.02
5768,-0.049
5769,0.007
5770,0.042
5771,0.022
5772,-0.083
5773,-0.1
5774,-0.129
5775,-0.027
5776,-0.012
5777,-0.027
5778,-0.063
5779,0.054
5780,-0.029
5781,-0.078
5782,0.061
5783,0.059
5784,0.015
5785,0.063
5786,-0.029
5787,0.002
5788,0.007
5789,-0.085
5790,-0.098
5791,-0.129
5792,-0.051
5793,-0.039
5794,-0.212
5795,-0.122
5796,-0.071
5797,-0.049
5798,-0.037
5799,-0.122
5800,-0.112
5801,-0.039
5802,0.032
5803,-0.044
5804,-0.083
5805,0.032
5806,0.076
5807,-0.049
5808,-0.054
5809,-0.01
5810,-0.046
5811,-0.037
5812,-0.151
5813,-0.085
5814,0.076
5815,-0.095
5816,-0.083
5817,0.002
5818,0.073
5819,0.02
5820,0.0
5821,0.022
5822,0.007
5823,0.051
5824,0.161
5825,0.085
5826,-0.032
5827,0.151
5828,0.186
5829,0.142
5830,0.029
5831,0.081
5832,0.049
5833,0.027
5834,0.066
5835,-0.051
5836,0.002
5837,0.027
5838,-0.037
5839,-0.046
5840,0.032
5841,0.007
5842,-0.046
5843,0.054
5844,0.083
5845,0.127
5846,0.042
5847,0.059
5848,0.107
5849,0.088
5850,0.098
5851,0.09
5852,-0.029
5853,0.063
5854,0.0
5855,-0.068
5856,-0.005
5857,-0.015
5858,0.068
5859,-0.1
5860,0.015
5861,0.012
5862,0.017
5863,0.049
5864,0.049
5865,0.063
5866,0.017
5867,-0.015
5868,0.034
5869,0.051
5870,0.005
5871,-0.051
5872,-0.063
5873,-0.171
5874,-0.068
5875,-0.066
5876,-0.095
5877,-0.085
5878,-0.017
5879,-0.054
5880,-0.046
5881,-0.137
5882,0.0
5883,0.039
5884,-0.007
5885,0.027
5886,0.071
5887,0.032
5888,0.068
5889,0.027
5890,-0.083
5891,-0.012
5892,-0.032
5893,0.01
5894,-0.022
5895,-0.012
5896,-0.042
5897,-0.166
5898,0.042
5899,0.024
5900,-0.063
5901,-0.105
5902,-0.01
5903,0.007
5904,-0.063
5905,0.042
5906,0.125
5907,0.083
5908,0.088
5909,0.083
5910,0.034
5911,0.061
5912,0.042
5913,0.024
5914,0.017
5915,-0.046
5916,0.039
5917,0.044
5918,-0.015
5919,-0.083
5920,-0.005
5921,-0.002
5922,0.073
5923,-0.005
5924,0.083
5925,0.061
5926,-0.012
5927,0.01
5928,0.032
5929,0.051
5930,0.093
5931,0.068
5932,0.051
5933,-0.037
5934,-0.066
5935,0.002
5936,0.122
5937,0.032
5938,-0.117
5939,-0.144
5940,0.142
5941,0.161
5942,-0.132
5943,0.076
5944,0.195
5945,0.1
5946,-0.073
5947,0.078
5948,0.142
5949,0.171
5950,0.083
5951,0.093
5952,0.107
5953,-0.073
5954,-0.044
5955,-0.012
5956,-0.12
5957,-0.105
5958,-0.049
5959,0.046
5960,-0.081
5961,-0.11
5962,-0.076
5963,0.095
5964,0.005
5965,-0.115
5966,-0.024
5967,0.007
5968,-0.059
5969,0.098
5970,-0.032
5971,0.051
5972,-0.022
5973,0.027
5974,0.083
5975,-0.049
5976,-0.005
5977,-0.066
5978,-0.093
5979,-0.039
5980,-0.139
5981,-0.183
5982,-0.024
5983,0.007
5984,-0.015
5985,-0.017
5986,-0.012
5987,0.059
5988,-0.039
5989,-0.002
5990,0.107
5991,0.137
5992,0.127
5993,0.042
5994,0.054
5995,-0.056
5996,-0.063
5997,0.042
5998,0.015
5999,-0.017
6000,-0.015
6001,-0.007
6002,0.017
6003,-0.022
6004,-0.042
6005,0.042
6006,0.049
6007,0.017
6008,0.022
6009,0.024
6010,-0.024
6011,0.0
6012,0.063
6013,-0.01
6014,0.071
6015,-0.02
6016,-0.002
6017,0.044
6018,0.012
6019,0.125
6020,0.051
6021,-0.056
6022,0.083
6023,0.142
6024,0.125
6025,-0.017
6026,0.107
6027,0.117
6028,-0.088
6029,-0.029
6030,-0.01
6031,0.007
6032,0.017
6033,0.059
6034,-0.034
6035,-0.071
6036,0.01
6037,0.098
6038,-0.034
6039,-0.154
6040,-0.046
6041,0.005
6042,-0.046
6043,-0.056
6044,-0.051
6045,0.049
6046,0.01
6047,-0.032
6048,0.007
6049,0.029
6050,0.005
6051,0.032
6052,0.063
6053,0.027
6054,0.002
6055,0.022
6056,-0.024
6057,-0.034
6058,-0.056
6059,-0.056
6060,0.088
6061,0.083
6062,-0.139
6063,-0.061
6064,0.088
6065,0.098
6066,0.005
6067,-0.039
6068,0.088
6069,0.007
6070,0.071
6071,0.059
6072,-0.015
6073,-0.012
6074,-0.042
6075,0.002
6076,-0.02
6077,-0.039
6078,0.054
6079,0.059
6080,0.005
6081,0.032
6082,-0.051
6083,-0.054
6084,-0.081
6085,0.005
6086,0.095
6087,-0.01
6088,0.024
6089,0.044
6090,-0.005
6091,-0.007
6092,0.017
6093,-0.1
6094,-0.007
6095,0.059
6096,-0.02
6097,0.007
6098,-0.012
6099,0.015
6100,-0.01
6101,-0.122
6102,-0.093
6103,0.005
6104,0.0
6105,-0.002
6106,-0.049
6107,0.063
6108,0.078
6109,0.02
6110,0.068
6111,-0.032
6112,-0.02
6113,0.066
6114,0.0
6115,0.039
6116,-0.073
6117,-0.017
6118,0.027
6119,0.007
6120,0.01
6121,-0.046
6122,-0.042
6123,0.093
6124,-0.024
6125,-0.034
6126,0.015
6127,0.142
6128,-0.02
6129,-0.085
6130,0.063
6131,0.0
6132,0.01
6133,0.029
6134,-0.103
6135,-0.066
6136,-0.027
6137,-0.046
6138,-0.034
6139,-0.1
6140,0.022
6141,0.095
6142,-0.098
6143,-0.024
6144,-0.076
6145,0.073
6146,0.068
6147,-0.071
6148,0.037
6149,-0.01
6150,0.044
6151,-0.007
6152,-0.071
6153,0.032
6154,0.024
6155,-0.044
6156,-0.022
6157,-0.012
6158,-0.076
6159,-0.017
6160,-0.083
6161,-0.095
6162,-0.056
6163,-0.063
6164,-0.029
6165,-0.073
6166,-0.012
6167,0.049
6168,-0.002
6169,0.034
6170,0.0
6171,-0.01
6172,0.0
6173,0.005
6174,0.01
6175,0.012
6176,0.027
6177,-0.002
6178,-0.017
6179,0.017
6180,-0.095
6181,-0.015
6182,0.042
6183,0.081
6184,-0.129
6185,0.012
6186,0.09
6187,0.095
6188,-0.059
6189,0.032
6190,0.139
6191,0.061
6192,0.0
6193,0.051
6194,0.098
6195,0.159
6196,0.093
6197,0.044
6198,-0.063
6199,-0.09
6200,-0.022
6201,0.042
6202,-0.034
6203,-0.154
6204,-0.017
6205,0.083
6206,-0.081
6207,-0.007
6208,-0.117
6209,-0.037
6210,-0.01
6211,-0.029
6212,-0.007
6213,0.007
6214,0.083
6215,-0.103
6216,-0.034
6217,-0.051
6218,-0.017
6219,-0.015
6220,-0.005
6221,-0.007
6222,-0.088
6223,-0.059
6224,0.093
6225,0.039
6226,-0.01
6227,0.0
6228,0.024
6229,-0.042
6230,0.005
6231,0.037
6232,0.093
6233,-0.012
6234,0.107
6235,0.042
6236,0.095
6237,0.061
6238,0.137
6239,0.11
6240,0.061
6241,-0.337
6242,-0.134
6243,0.059
6244,0.186
6245,-0.093
6246,-0.227
6247,-0.01
6248,0.083
6249,-0.083
6250,-0.012
6251,-0.02
6252,0.063
6253,-0.054
6254,0.073
6255,0.188
6256,0.007
6257,-0.037
6258,-0.022
6259,-0.054
6260,-0.046
6261,-0.098
6262,-0.073
6263,0.054
6264,-0.054
6265,0.01
6266,-0.049
6267,-0.066
6268,-0.002
6269,0.046
6270,0.09
6271,0.037
6272,-0.01
6273,0.107
6274,-0.007
6275,-0.017
6276,0.032
6277,-0.054
6278,-0.066
6279,-0.11
6280,-0.171
6281,0.002
6282,-0.066
6283,-0.056
6284,-0.078
6285,-0.11
6286,-0.071
6287,-0.002
6288,-0.073
6289,-0.049
6290,-0.059
6291,0.078
6292,-0.049
6293,0.005
6294,-0.032
6295,-0.044
6296,0.017
6297,0.017
6298,-0.054
6299,-0.12
6300,-0.071
6301,-0.063
6302,-0.029
6303,-0.081
6304,-0.076
6305,-0.02
6306,-0.02
6307,-0.076
6308,-0.007
6309,0.039
6310,0.056
6311,0.042
6312,0.029
6313,-0.044
6314,-0.046
6315,0.063
6316,0.059
6317,-0.044
6318,-0.044
6319,-0.029
6320,0.049
6321,-0.059
6322,-0.081
6323,-0.063
6324,-0.093
6325,-0.059
6326,-0.024
6327,-0.146
6328,-0.139
6329,-0.156
6330,-0.063
6331,0.0
6332,-0.029
6333,-0.022
6334,0.01
6335,0.029
6336,0.059
6337,0.103
6338,0.056
6339,-0.044
6340,-0.005
6341,0.02
6342,-0.005
6343,0.039
6344,0.071
6345,-0.027
6346,0.0
6347,0.01
6348,-0.034
6349,0.071
6350,-0.054
6351,0.012
6352,-0.061
6353,-0.02
6354,0.103
6355,0.1
6356,0.042
6357,0.105
6358,0.107
6359,0.061
6360,0.005
6361,-0.032
6362,0.02
6363,0.007
6364,-0.039
6365,0.012
6366,0.11
6367,0.027
6368,0.007
6369,0.068
6370,0.056
6371,0.054
6372,0.017
6373,0.103
6374,0.061
6375,0.11
6376,0.105
6377,0.002
6378,0.076
6379,-0.039
6380,-0.044
6381,0.061
6382,-0.046
6383,-0.083
6384,-0.098
6385,-0.098
6386,-0.059
6387,-0.093
6388,-0.034
6389,-0.085
6390,-0.063
6391,0.024
6392,0.078
6393,0.01
6394,-0.042
6395,-0.01
6396,0.044
6397,0.029
6398,-0.005
6399,0.037
6400,-0.034
6401,0.0
6402,0.051
6403,0.054
6404,0.046
6405,-0.085
6406,0.007
6407,0.032
6408,-0.122
6409,-0.149
6410,-0.09
6411,0.051
6412,-0.056
6413,-0.012
6414,-0.022
6415,-0.066
6416,0.051
6417,0.054
6418,0.044
6419,0.024
6420,0.073
6421,0.032
6422,-0.085
6423,-0.049
6424,0.027
6425,-0.056
6426,0.005
6427,-0.076
6428,-0.083
6429,-0.032
6430,0.049
6431,0.056
6432,0.105
6433,0.19
6434,0.039
6435,0.129
6436,0.125
6437,0.09
6438,-0.022
6439,0.022
6440,0.198
6441,0.103
6442,0.051
6443,0.002
6444,-0.017
6445,0.083
6446,-0.012
6447,-0.078
6448,0.112
6449,0.017
6450,-0.032
6451,0.042
6452,-0.066
6453,-0.071
6454,-0.015
6455,-0.063
6456,-0.02
6457,-0.039
6458,0.017
6459,0.061
6460,-0.049
6461,-0.024
6462,-0.073
6463,-0.071
6464,0.017
6465,-0.059
6466,-0.059
6467,0.01
6468,-0.146
6469,-0.032
6470,-0.059
6471,-0.085
6472,-0.034
6473,-0.017
6474,-0.095
6475,-0.037
6476,0.012
6477,-0.01
6478,-0.029
6479,0.015
6480,-0.042
6481,-0.09
6482,-0.037
6483,-0.059
6484,-0.071
6485,-0.144
6486,-0.073
6487,-0.059
6488,-0.002
6489,0.056
6490,-0.037
6491,-0.063
6492,-0.051
6493,-0.129
6494,-0.037
6495,0.061
6496,-0.027
6497,-0.024
6498,-0.056
6499,-0.012
6500,-0.012
6501,-0.046
6502,-0.054
6503,0.01
6504,0.024
6505,0.034
6506,-0.049
6507,0.007
6508,0.117
6509,0.02
6510,-0.022
6511,0.027
6512,0.12
6513,0.1
6514,0.044
6515,0.083
6516,-0.046
6517,0.046
6518,0.142
6519,0.051
6520,-0.015
6521,0.022
6522,0.044
6523,-0.085
6524,-0.183
6525,-0.046
6526,-0.005
6527,-0.09
6528,-0.105
6529,0.002
6530,-0.01
6531,0.012
6532,0.005
6533,0.02
6534,0.071
6535,0.073
6536,0.081
6537,0.061
6538,0.11
6539,0.039
6540,0.051
6541,0.115
6542,0.044
6543,0.042
6544,0.027
6545,-0.103
6546,-0.09
6547,0.007
6548,-0.024
6549,-0.027
6550,-0.007
6551,-0.002
6552,0.017
6553,0.029
6554,0.024
6555,0.083
6556,-0.01
6557,0.022
6558,0.01
6559,-0.044
6560,0.132
6561,-0.032
6562,-0.093
6563,-0.042
6564,-0.09
6565,-0.059
6566,-0.129
6567,-0.024
6568,-0.027
6569,-0.066
6570,-0.073
6571,-0.061
6572,-0.176
6573,-0.032
6574,-0.015
6575,0.051
6576,-0.005
6577,-0.168
6578,0.051
6579,-0.044
6580,-0.039
6581,0.085
6582,0.015
6583,-0.051
6584,-0.01
6585,0.005
6586,-0.093
6587,-0.068
6588,-0.09
6589,-0.046
6590,-0.1
6591,-0.12
6592,-0.137
6593,-0.186
6594,0.022
6595,-0.012
6596,-0.073
6597,-0.005
6598,-0.085
6599,0.037
6600,0.105
6601,0.015
6602,0.015
6603,0.002
6604,-0.005
6605,0.068
6606,0.049
6607,-0.068
6608,0.01
6609,0.042
6610,0.061
6611,-0.054
6612,-0.056
6613,0.081
6614,0.042
6615,0.02
6616,-0.015
6617,0.034
6618,0.073
6619,0.073
6620,0.066
6621,0.015
6622,0.044
6623,-0.005
6624,0.027
6625,0.046
6626,0.056
6627,0.068
6628,-0.042
6629,-0.024
6630,-0.017
6631,0.005
6632,0.005
6633,-0.017
6634,0.127
6635,0.076
6636,0.005
6637,0.078
6638,0.051
6639,0.02
6640,-0.01
6641,-0.046
6642,0.068
6643,-0.005
6644,-0.002
6645,0.071
6646,-0.005
6647,0.051
6648,-0.042
6649,-0.039
6650,-0.063
6651,0.017
6652,0.037
6653,0.017
6654,-0.088
6655,-0.017
6656,0.098
6657,-0.044
6658,0.066
6659,0.054
6660,0.034
6661,0.083
6662,-0.073
6663,0.029
6664,0.056
6665,0.039
6666,0.09
6667,-0.054
6668,-0.137
6669,0.037
6670,-0.151
6671,-0.015
6672,-0.032
6673,-0.137
6674,0.051
6675,-0.032
6676,-0.005
6677,0.095
6678,-0.007
6679,0.098
6680,0.044
6681,-0.022
6682,0.12
6683,-0.012
6684,-0.01
6685,0.125
6686,-0.044
6687,0.068
6688,0.017
6689,-0.149
6690,-0.095
6691,0.039
6692,0.017
6693,-0.017
6694,-0.029
6695,-0.027
6696,-0.068
6697,0.093
6698,0.022
6699,-0.059
6700,0.122
6701,0.095
6702,0.01
6703,0.029
6704,-0.017
6705,-0.093
6706,-0.002
6707,0.093
6708,0.024
6709,-0.066
6710,0.056
6711,0.137
6712,0.012
6713,0.044
6714,0.112
6715,0.037
6716,0.046
6717,0.176
6718,0.066
6719,-0.02
6720,0.032
6721,0.085
6722,0.054
6723,0.046
6724,0.071
6725,0.076
6726,0.032
6727,-0.046
6728,0.015
6729,-0.042
6730,-0.073
6731,-0.02
6732,-0.032
6733,0.007
6734,-0.029
6735,-0.112
6736,-0.015
6737,0.005
6738,0.037
6739,-0.017
6740,-0.034
6741,0.093
6742,0.034
6743,0.01
6744,0.049
6745,0.222
6746,-0.007
6747,-0.1
6748,-0.007
6749,0.056
6750,-0.095
6751,0.017
6752,0.054
6753,-0.112
6754,-0.015
6755,0.137
6756,0.054
6757,-0.02
6758,0.063
6759,0.127
6760,-0.002
6761,0.005
6762,0.115
6763,0.125
6764,0.044
6765,-0.032
6766,0.107
6767,0.098
6768,0.005
6769,0.007
6770,0.044
6771,0.01
6772,0.059
6773,-0.039
6774,-0.002
6775,0.029
6776,-0.107
6777,0.039
6778,-0.054
6779,-0.122
6780,0.134
6781,0.088
6782,0.068
6783,0.02
6784,-0.024
6785,0.12
6786,0.09
6787,-0.1
6788,-0.039
6789,0.085
6790,-0.037
6791,-0.017
6792,-0.005
6793,0.068
6794,0.076
6795,0.024
6796,0.142
6797,-0.01
6798,0.051
6799,0.066
6800,-0.142
6801,-0.063
6802,0.042
6803,0.046
6804,0.056
6805,-0.09
6806,0.073
6807,0.056
6808,-0.059
6809,0.044
6810,-0.059
6811,-0.022
6812,-0.02
6813,-0.002
6814,-0.032
6815,0.017
6816,-0.034
6817,-0.061
6818,-0.005
6819,0.042
6820,0.044
6821,0.107
6822,-0.024
6823,0.073
6824,0.015
6825,-0.012
6826,-0.081
6827,0.054
6828,-0.017
6829,-0.002
6830,-0.027
6831,-0.044
6832,-0.02
6833,-0.039
6834,0.134
6835,0.034
6836,-0.088
6837,-0.085
6838,0.168
6839,0.044
6840,0.054
6841,0.093
6842,-0.002
6843,0.02
6844,0.134
6845,0.088
6846,-0.054
6847,-0.061
6848,0.059
6849,-0.076
6850,-0.105
6851,-0.039
6852,0.002
6853,-0.054
6854,-0.112
6855,-0.002
6856,0.002
6857,-0.149
6858,0.022
6859,0.137
6860,-0.037
6861,-0.054
6862,0.098
6863,0.159
6864,-0.02
6865,-0.002
6866,0.056
6867,0.042
6868,-0.007
6869,0.015
6870,-0.039
6871,-0.012
6872,-0.015
6873,-0.037
6874,-0.078
6875,-0.125
6876,-0.073
6877,-0.01
6878,0.039
6879,0.015
6880,-0.081
6881,0.032
6882,0.09
6883,0.068
6884,0.039
6885,-0.005
6886,0.029
6887,0.027
6888,-0.029
6889,-0.002
6890,0.034
6891,-0.093
6892,-0.029
6893,-0.044
6894,-0.095
6895,-0.066
6896,-0.044
6897,-0.046
6898,-0.088
6899,-0.066
6900,-0.076
6901,-0.059
6902,-0.063
6903,-0.034
6904,-0.012
6905,-0.051
6906,-0.032
6907,-0.049
6908,-0.103
6909,-0.1
6910,-0.073
6911,-0.046
6912,-0.1
6913,-0.1
6914,-0.002
6915,-0.005
6916,-0.061
6917,-0.039
6918,-0.066
6919,-0.007
6920,0.007
6921,-0.044
6922,-0.007
6923,-0.024
6924,0.059
6925,0.059
6926,-0.039
6927,0.0
6928,0.105
6929,0.056
6930,-0.083
6931,-0.085
6932,-0.071
6933,0.022
6934,-0.007
6935,-0.037
6936,0.007
6937,0.022
6938,0.024
6939,-0.01
6940,-0.037
6941,-0.029
6942,0.073
6943,0.066
6944,-0.024
6945,0.015
6946,0.02
6947,-0.024
6948,-0.059
6949,0.034
6950,-0.032
6951,0.056
6952,0.044
6953,-0.073
6954,-0.071
6955,-0.083
6956,-0.012
6957,-0.022
6958,-0.151
6959,0.1
6960,0.083
6961,0.005
6962,-0.002
6963,-0.02
6964,0.068
6965,0.076
6966,-0.085
6967,0.027
6968,0.034
6969,0.032
6970,-0.024
6971,-0.11
6972,-0.044
6973,0.005
6974,-0.002
6975,-0.02
6976,-0.103
6977,-0.027
6978,0.012
6979,0.005
6980,-0.083
6981,-0.051
6982,-0.005
6983,0.029
6984,-0.071
6985,0.017
6986,0.044
6987,-0.049
6988,-0.044
6989,-0.024
6990,-0.085
6991,-0.068
6992,-0.066
6993,-0.032
6994,-0.061
6995,-0.095
6996,-0.005
6997,-0.105
6998,-0.068
6999,-0.037
7000,-0.071
7001,0.007
7002,-0.061
7003,-0.051
7004,-0.022
7005,0.046
7006,0.027
7007,-0.081
7008,-0.022
7009,-0.022
7010,-0.059
7011,-0.071
7012,-0.032
7013,-0.027
7014,-0.117
7015,-0.027
7016,-0.012
7017,-0.151
7018,-0.103
7019,-0.042
7020,-0.037
7021,-0.144
7022,-0.029
7023,-0.039
7024,-0.042
7025,0.095
7026,0.024
7027,0.032
7028,-0.007
7029,-0.015
7030,-0.007
7031,0.049
7032,0.059
7033,-0.002
7034,0.059
7035,0.068
7036,-0.042
7037,-0.037
7038,-0.034
7039,0.085
7040,-0.076
7041,-0.112
7042,0.068
7043,0.017
7044,-0.029
7045,0.088
7046,0.063
7047,0.044
7048,0.01
7049,0.088
7050,0.168
7051,-0.042
7052,-0.037
7053,-0.042
7054,-0.054
7055,0.002
7056,0.024
7057,-0.034
7058,0.005
7059,0.049
7060,0.005
7061,0.012
7062,-0.015
7063,-0.027
7064,-0.015
7065,0.0
7066,-0.044
7067,-0.071
7068,0.002
7069,0.078
7070,0.027
7071,-0.103
7072,-0.037
7073,0.005
7074,0.039
7075,-0.042
7076,0.002
7077,0.046
7078,0.051
7079,-0.054
7080,0.027
7081,0.005
7082,0.012
7083,0.034
7084,0.039
7085,0.066
7086,-0.012
7087,-0.046
7088,-0.051
7089,-0.027
7090,0.039
7091,-0.017
7092,-0.015
7093,-0.12
7094,-0.112
7095,-0.093
7096,-0.042
7097,-0.029
7098,-0.061
7099,0.01
7100,0.032
7101,-0.017
7102,0.022
7103,0.044
7104,0.024
7105,0.042
7106,0.078
7107,0.044
7108,0.105
7109,0.02
7110,0.044
7111,0.034
7112,0.063
7113,0.012
7114,-0.071
7115,-0.076
7116,-0.11
7117,-0.063
7118,-0.042
7119,-0.122
7120,-0.051
7121,0.007
7122,0.005
7123,0.0
7124,0.034
7125,0.098
7126,-0.032
7127,0.01
7128,0.044
7129,0.01
7130,0.125
7131,0.022
7132,-0.01
7133,0.037
7134,-0.088
7135,0.005
7136,-0.081
7137,-0.117
7138,0.005
7139,0.0
7140,0.02
7141,-0.066
7142,0.005
7143,0.029
7144,-0.073
7145,-0.044
7146,-0.042
7147,-0.002
7148,0.078
7149,0.044
7150,0.063
7151,0.073
7152,-0.017
7153,-0.015
7154,0.002
7155,-0.027
7156,-0.039
7157,-0.01
7158,-0.029
7159,-0.103
7160,-0.078
7161,-0.063
7162,-0.027
7163,-0.061
7164,-0.078
7165,0.042
7166,0.042
7167,-0.056
7168,0.12
7169,0.186
7170,0.039
7171,-0.051
7172,0.081
7173,0.051
7174,-0.005
7175,-0.002
7176,0.022
7177,0.022
7178,-0.029
7179,-0.022
7180,-0.09
7181,-0.042
7182,-0.083
7183,-0.044
7184,0.034
7185,-0.02
7186,0.022
7187,0.007
7188,0.066
7189,0.068
7190,0.059
7191,0.0
7192,-0.029
7193,-0.042
7194,0.01
7195,0.044
7196,0.034
7197,-0.044
7198,-0.032
7199,0.081
7200,0.022
7201,0.032
7202,0.056
7203,0.029
7204,0.022
7205,-0.027
7206,0.056
7207,0.122
7208,-0.01
7209,0.034
7210,0.117
7211,0.051
7212,0.034
7213,0.095
7214,0.107
7215,0.081
7216,-0.046
7217,0.027
7218,0.098
7219,-0.042
7220,-0.022
7221,0.01
7222,-0.017
7223,0.002
7224,-0.032
7225,-0.01
7226,0.02
7227,-0.005
7228,0.066
7229,0.002
7230,0.042
7231,0.022
7232,-0.061
7233,-0.034
7234,0.017
7235,0.032
7236,0.032
7237,-0.029
7238,0.059
7239,0.037
7240,-0.1
7241,-0.078
7242,0.071
7243,0.032
7244,0.059
7245,0.01
7246,0.02
7247,-0.002
7248,-0.024
7249,0.051
7250,-0.02
7251,0.01
7252,-0.042
7253,0.02
7254,-0.002
7255,-0.066
7256,-0.107
7257,-0.107
7258,-0.059
7259,-0.042
7260,-0.12
7261,-0.029
7262,-0.029
7263,-0.046
7264,-0.068
7265,-0.149
7266,0.046
7267,0.056
7268,0.144
7269,0.054
7270,0.105
7271,0.042
7272,0.024
7273,0.093
7274,-0.007
7275,-0.032
7276,-0.059
7277,-0.02
7278,0.027
7279,0.01
7280,0.002
7281,-0.015
7282,0.005
7283,0.068
7284,0.083
7285,-0.01
7286,0.0
7287,-0.01
7288,0.0
7289,0.085
7290,0.037
7291,0.059
7292,0.122
7293,0.098
7294,0.039
7295,0.039
7296,0.12
7297,0.037
7298,-0.039
7299,0.029
7300,-0.032
7301,0.015
7302,0.034
7303,0.034
7304,0.11
7305,0.044
7306,0.005
7307,0.132
7308,0.068
7309,0.061
7310,-0.007
7311,0.068
7312,0.032
7313,0.095
7314,0.054
7315,0.022
7316,-0.012
7317,0.09
7318,0.01
7319,-0.017
7320,0.071
7321,0.046
7322,0.015
7323,-0.071
7324,0.022
7325,0.139
7326,0.09
7327,0.017
7328,0.049
7329,0.017
7330,0.051
7331,-0.005
7332,-0.02
7333,-0.015
7334,-0.007
7335,-0.059
7336,0.034
7337,-0.005
7338,-0.061
7339,-0.083
7340,-0.002
7341,-0.027
7342,-0.132
7343,-0.134
7344,0.015
7345,-0.051
7346,-0.059
7347,-0.012
7348,-0.034
7349,-0.002
7350,-0.088
7351,-0.02
7352,-0.061
7353,-0.112
7354,-0.081
7355,-0.027
7356,-0.093
7357,-0.073
7358,-0.12
7359,-0.061
7360,-0.071
7361,-0.044
7362,0.049
7363,-0.088
7364,-0.134
7365,-0.022
7366,-0.088
7367,-0.007
7368,-0.066
7369,-0.044
7370,0.032
7371,-0.029
7372,-0.056
7373,0.024
7374,0.022
7375,0.112
7376,-0.078
7377,-0.01
7378,-0.01
7379,-0.1
7380,-0.117
7381,0.042
7382,-0.012
7383,-0.181
7384,0.015
7385,0.105
7386,-0.144
7387,-0.061
7388,0.012
7389,0.024
7390,0.071
7391,0.042
7392,0.168
7393,-0.066
7394,-0.027
7395,0.142
7396,0.015
7397,0.134
7398,0.156
7399,0.022
7400,0.049
7401,-0.034
7402,0.02
7403,0.054
7404,-0.007
7405,0.144
7406,-0.159
7407,-0.039
7408,0.149
7409,-0.063
7410,0.061
7411,-0.042
7412,-0.012
7413,0.103
7414,0.034
7415,0.078
7416,-0.078
7417,-0.168
7418,-0.037
7419,-0.081
7420,-0.024
7421,-0.017
7422,-0.01
7423,-0.01
7424,-0.039
7425,0.012
7426,-0.007
7427,-0.037
7428,0.027
7429,-0.005
7430,-0.046
7431,0.012
7432,-0.01
7433,-0.002
7434,0.061
7435,0.007
7436,0.081
7437,0.007
7438,0.056
7439,0.164
7440,-0.002
7441,-0.112
7442,-0.051
7443,-0.134
7444,-0.029
7445,-0.117
7446,-0.063
7447,0.161
7448,-0.129
7449,-0.12
7450,0.068
7451,0.132
7452,0.007
7453,-0.056
7454,0.088
7455,0.071
7456,-0.037
7457,0.085
7458,0.01
7459,-0.037
7460,-0.01
7461,0.034
7462,-0.029
7463,-0.117
7464,-0.01
7465,-0.007
7466,0.073
7467,0.027
7468,-0.042
7469,0.007
7470,-0.017
7471,0.1
7472,0.139
7473,0.051
7474,0.044
7475,-0.039
7476,0.051
7477,-0.032
7478,-0.034
7479,-0.02
7480,0.054
7481,0.071
7482,0.029
7483,-0.027
7484,0.056
7485,0.129
7486,0.056
7487,-0.073
7488,-0.117
7489,-0.056
7490,0.115
7491,0.129
7492,0.017
7493,0.139
7494,0.071
7495,0.066
7496,0.068
7497,0.015
7498,0.12
7499,0.085
7500,0.076
7501,0.0
7502,-0.1
7503,-0.027
7504,0.093
7505,-0.081
7506,-0.022
7507,0.027
7508,0.029
7509,0.063
7510,0.061
7511,0.076
7512,0.054
7513,-0.059
7514,0.029
7515,0.0
7516,0.081
7517,0.051
7518,0.081
7519,-0.005
7520,0.051
7521,-0.027
7522,-0.01
7523,-0.066
7524,-0.039
7525,-0.02
7526,-0.144
7527,-0.039
7528,-0.034
7529,-0.122
7530,0.034
7531,-0.017
7532,-0.017
7533,0.085
7534,0.076
7535,-0.029
7536,-0.015
7537,0.095
7538,0.088
7539,-0.066
7540,0.005
7541,0.066
7542,0.002
7543,-0.078
7544,0.049
7545,-0.039
7546,-0.054
7547,-0.02
7548,-0.039
7549,-0.029
7550,-0.044
7551,0.068
7552,0.095
7553,0.007
7554,-0.007
7555,0.012
7556,0.063
7557,-0.017
7558,0.027
7559,0.061
7560,0.046
7561,0.007
7562,-0.02
7563,0.056
7564,0.044
7565,0.054
7566,0.034
7567,0.095
7568,0.029
7569,-0.024
7570,0.051
7571,0.022
7572,0.046
7573,0.073
7574,-0.049
7575,-0.054
7576,-0.076
7577,0.046
7578,0.046
7579,0.015
7580,0.02
7581,-0.044
7582,-0.007
7583,0.059
7584,-0.002
7585,0.007
7586,0.044
7587,0.027
7588,0.022
7589,0.027
7590,0.115
7591,0.12
7592,0.027
7593,0.022
7594,0.042
7595,0.022
7596,0.027
7597,-0.042
7598,0.01
7599,0.01
7600,-0.132
7601,-0.076
7602,0.015
7603,-0.088
7604,-0.083
7605,-0.066
7606,-0.037
7607,0.01
7608,0.056
7609,0.159
7610,0.085
7611,0.039
7612,0.112
7613,0.073
7614,0.044
7615,0.117
7616,0.063
7617,0.022
7618,-0.088
7619,-0.051
7620,-0.144
7621,-0.088
7622,-0.022
7623,-0.049
7624,-0.105
7625,-0.095
7626,-0.061
7627,0.049
7628,0.059
7629,-0.071
7630,-0.017
7631,0.037
7632,-0.02
7633,-0.017
7634,0.063
7635,-0.027
7636,0.02
7637,-0.002
7638,0.063
7639,-0.051
7640,-0.032
7641,0.024
7642,-0.029
7643,0.063
7644,-0.015
7645,-0.007
7646,-0.051
7647,0.042
7648,0.088
7649,0.088
7650,0.022
7651,0.044
7652,0.029
7653,0.051
7654,-0.01
7655,0.002
7656,0.0
7657,0.054
7658,0.017
7659,-0.027
7660,-0.068
7661,-0.149
7662,-0.046
7663,-0.061
7664,-0.073
7665,-0.1
7666,-0.024
7667,0.042
7668,0.071
7669,-0.015
7670,-0.005
7671,0.083
7672,0.078
7673,0.063
7674,0.022
7675,-0.015
7676,-0.002
7677,0.015
7678,0.056
7679,-0.012
7680,-0.007
7681,-0.01
7682,-0.002
7683,-0.093
7684,-0.073
7685,-0.085
7686,-0.083
7687,-0.095
7688,-0.122
7689,-0.056
7690,-0.088
7691,-0.105
7692,0.02
7693,0.063
7694,0.054
7695,0.007
7696,-0.01
7697,-0.083
7698,-0.088
7699,-0.098
7700,-0.01
7701,-0.034
7702,-0.073
7703,-0.105
7704,-0.103
7705,-0.071
7706,-0.117
7707,-0.007
7708,-0.051
7709,-0.078
7710,0.037
7711,-0.02
7712,0.107
7713,0.032
7714,-0.056
7715,0.046
7716,0.015
7717,-0.093
7718,-0.056
7719,-0.1
7720,-0.117
7721,-0.049
7722,-0.085
7723,-0.012
7724,-0.034
7725,-0.112
7726,-0.024
7727,-0.054
7728,-0.1
7729,-0.01
7730,0.083
7731,0.032
7732,-0.002
7733,0.044
7734,0.049
7735,0.063
7736,-0.007
7737,-0.039
7738,0.005
7739,0.017
7740,0.046
7741,-0.017
7742,-0.071
7743,-0.022
7744,-0.103
7745,-0.061
7746,-0.073
7747,-0.066
7748,-0.012
7749,-0.068
7750,0.044
7751,0.01
7752,0.044
7753,-0.039
7754,-0.046
7755,0.076
7756,0.068
7757,-0.012
7758,-0.051
7759,0.0
7760,-0.037
7761,-0.161
7762,-0.166
7763,-0.01
7764,-0.027
7765,-0.068
7766,-0.137
7767,-0.095
7768,-0.161
7769,-0.132
7770,-0.071
7771,-0.037
7772,-0.085
7773,-0.083
7774,0.073
7775,0.012
7776,0.046
7777,0.054
7778,-0.103
7779,0.012
7780,0.02
7781,-0.01
7782,0.012
7783,-0.073
7784,-0.151
7785,-0.039
7786,-0.046
7787,-0.083
7788,-0.027
7789,-0.059
7790,-0.078
7791,-0.017
7792,-0.061
7793,-0.007
7794,-0.049
7795,0.037
7796,0.027
7797,0.0
7798,-0.007
7799,-0.007
7800,-0.066
7801,-0.144
7802,-0.071
7803,-0.073
7804,-0.107
7805,-0.073
7806,-0.1
7807,-0.054
7808,-0.107
7809,-0.085
7810,-0.032
7811,0.039
7812,0.039
7813,0.007
7814,0.024
7815,0.032
7816,-0.01
7817,-0.039
7818,0.037
7819,0.049
7820,-0.024
7821,0.049
7822,0.034
7823,-0.088
7824,0.071
7825,0.149
7826,0.154
7827,0.046
7828,-0.046
7829,0.01
7830,0.007
7831,-0.01
7832,0.046
7833,0.034
7834,0.112
7835,-0.059
7836,0.034
7837,0.088
7838,-0.01
7839,0.076
7840,0.049
7841,0.029
7842,0.032
7843,-0.034
7844,0.022
7845,-0.029
7846,-0.056
7847,-0.017
7848,0.029
7849,-0.068
7850,-0.117
7851,-0.107
7852,-0.076
7853,-0.078
7854,-0.063
7855,-0.051
7856,-0.083
7857,-0.046
7858,-0.005
7859,-0.029
7860,0.032
7861,-0.01
7862,0.015
7863,0.046
7864,0.049
7865,0.017
7866,-0.024
7867,0.037
7868,0.01
7869,0.098
7870,0.056
7871,0.073
7872,0.0
7873,-0.1
7874,-0.051
7875,-0.015
7876,0.01
7877,-0.039
7878,-0.01
7879,-0.01
7880,0.0
7881,-0.01
7882,-0.134
7883,-0.085
7884,-0.056
7885,0.02
7886,-0.093
7887,0.007
7888,0.022
7889,-0.098
7890,0.046
7891,0.137
7892,0.002
7893,-0.024
7894,0.068
7895,0.071
7896,0.054
7897,-0.012
7898,0.081
7899,0.117
7900,0.054
7901,-0.015
7902,-0.142
7903,0.059
7904,-0.007
7905,-0.073
7906,0.083
7907,0.051
7908,0.054
7909,-0.007
7910,-0.144
7911,-0.015
7912,-0.042
7913,-0.039
7914,0.063
7915,0.017
7916,0.029
7917,0.071
7918,0.029
7919,0.032
7920,-0.022
7921,0.012
7922,-0.039
7923,0.017
7924,-0.046
7925,-0.046
7926,-0.02
7927,0.01
7928,-0.005
7929,0.095
7930,0.076
7931,0.042
7932,0.129
7933,0.051
7934,0.012
7935,0.098
7936,0.02
7937,0.039
7938,0.002
7939,-0.015
7940,0.056
7941,-0.032
7942,0.0
7943,-0.042
7944,-0.1
7945,-0.051
7946,-0.134
7947,-0.032
7948,0.012
7949,-0.054
7950,-0.127
7951,-0.088
7952,0.144
7953,-0.068
7954,0.044
7955,-0.002
7956,0.095
7957,0.11
7958,0.071
7959,0.024
7960,-0.044
7961,0.059
7962,0.083
7963,-0.061
7964,-0.105
7965,-0.054
7966,0.037
7967,-0.063
7968,-0.034
7969,0.061
7970,0.046
7971,0.076
7972,-0.068
7973,0.01
7974,0.01
7975,0.037
7976,0.098
7977,0.068
7978,0.0
7979,-0.093
7980,0.071
7981,0.11
7982,-0.012
7983,-0.12
7984,-0.071
7985,0.066
7986,0.017
7987,0.007
7988,0.056
7989,0.022
7990,-0.002
7991,0.015
7992,0.01
7993,0.051
7994,0.071
7995,0.103
7996,0.103
7997,0.007
7998,0.076
7999,0.098
8000,0.037
8001,0.088
8002,0.029
8003,0.164
8004,0.112
8005,0.066
8006,0.039
8007,0.068
8008,0.034
8009,0.034
8010,0.022
8011,0.01
8012,0.007
8013,0.1
8014,0.078
8015,0.088
8016,0.073
8017,0.02
8018,-0.095
8019,0.032
8020,0.186
8021,0.0
8022,0.01
8023,-0.02
8024,0.017
8025,0.002
8026,-0.068
8027,-0.01
8028,0.005
8029,-0.01
8030,-0.056
8031,-0.11
8032,0.061
8033,0.112
8034,-0.042
8035,-0.068
8036,-0.042
8037,0.073
8038,0.066
8039,-0.012
8040,0.017
8041,-0.005
8042,-0.032
8043,-0.059
8044,-0.024
8045,-0.032
8046,-0.02
8047,-0.066
8048,0.015
8049,-0.002
8050,-0.105
8051,-0.054
8052,-0.024
8053,0.044
8054,0.005
8055,0.103
8056,0.117
8057,0.042
8058,0.044
8059,0.181
8060,0.095
8061,-0.09
8062,0.037
8063,0.146
8064,0.056
8065,-0.083
8066,-0.056
8067,-0.02
8068,-0.149
8069,-0.09
8070,-0.085
8071,-0.066
8072,-0.051
8073,0.002
8074,0.12
8075,0.01
8076,-0.032
8077,0.012
8078,0.105
8079,0.002
8080,0.078
8081,0.1
8082,0.107
8083,0.0
8084,0.049
8085,-0.007
8086,0.012
8087,0.039
8088,0.032
8089,-0.017
8090,-0.002
8091,-0.098
8092,-0.032
8093,0.063
8094,-0.029
8095,-0.034
8096,0.044
8097,0.017
8098,0.056
8099,0.042
8100,-0.034
8101,0.063
8102,0.037
8103,-0.039
8104,-0.1
8105,-0.02
8106,0.146
8107,0.056
8108,-0.117
8109,-0.12
8110,0.005
8111,-0.02
8112,0.029
8113,-0.054
8114,-0.061
8115,0.129
8116,0.083
8117,0.027
8118,0.142
8119,0.049
8120,-0.039
8121,0.015
8122,0.083
8123,0.032
8124,0.142
8125,-0.02
8126,-0.017
8127,0.1
8128,-0.042
8129,-0.046
8130,0.071
8131,-0.002
8132,-0.149
8133,0.034
8134,0.12
8135,0.061
8136,0.007
8137,0.12
8138,0.081
8139,0.012
8140,-0.02
8141,0.083
8142,0.02
8143,0.015
8144,0.042
8145,-0.029
8146,0.032
8147,-0.024
8148,0.027
8149,0.054
8150,-0.059
8151,0.024
8152,0.044
8153,0.029
8154,0.032
8155,0.042
8156,-0.012
8157,-0.049
8158,-0.139
8159,0.066
8160,0.085
8161,-0.051
8162,0.046
8163,0.049
8164,-0.039
8165,-0.078
8166,-0.083
8167,-0.125
8168,-0.09
8169,0.056
8170,-0.005
8171,0.032
8172,-0.007
8173,-0.015
8174,-0.132
8175,0.034
8176,0.205
8177,0.21
8178,0.078
8179,0.083
8180,-0.012
8181,0.161
8182,0.11
8183,0.012
8184,-0.017
8185,0.005
8186,0.061
8187,-0.044
8188,0.017
8189,-0.09
8190,0.015
8191,-0.039
8192,-0.078
8193,0.059
8194,-0.02
8195,-0.044
8196,0.017
8197,0.044
8198,0.034
8199,-0.002
8200,0.085
8201,0.078
8202,-0.09
8203,-0.02
8204,0.107
8205,-0.042
8206,0.017
8207,0.01
8208,-0.032
8209,-0.042
8210,0.039
8211,-0.027
8212,-0.068
8213,-0.139
8214,-0.059
8215,0.044
8216,-0.11
8217,-0.049
8218,0.076
8219,0.017
8220,0.007
8221,0.029
8222,0.063
8223,0.132
8224,-0.002
8225,0.024
8226,-0.071
8227,-0.012
8228,-0.056
8229,0.012
8230,-0.034
8231,-0.088
8232,-0.046
8233,-0.083
8234,-0.093
8235,-0.015
8236,0.039
8237,-0.02
8238,-0.078
8239,0.032
8240,-0.056
8241,0.046
8242,-0.024
8243,0.037
8244,0.046
8245,0.034
8246,-0.117
8247,0.002
8248,0.002
8249,-0.012
8250,0.098
8251,-0.022
8252,-0.054
8253,0.046
8254,-0.029
8255,0.037
8256,-0.027
8257,-0.044
8258,0.049
8259,-0.015
8260,0.056
8261,0.015
8262,0.039
8263,0.156
8264,0.017
8265,-0.017
8266,0.032
8267,0.034
8268,-0.017
8269,-0.039
8270,-0.054
8271,0.02
8272,-0.1
8273,-0.056
8274,0.044
8275,-0.02
8276,0.063
8277,0.034
8278,-0.046
8279,0.061
8280,0.081
8281,0.117
8282,0.042
8283,-0.078
8284,0.054
8285,-0.046
8286,-0.002
8287,0.039
8288,-0.068
8289,-0.044
8290,-0.039
8291,-0.076
8292,-0.137
8293,-0.037
8294,-0.078
8295,-0.044
8296,-0.127
8297,-0.09
8298,0.042
8299,-0.027
8300,0.061
8301,0.132
8302,0.139
8303,-0.015
8304,-0.042
8305,0.071
8306,0.085
8307,0.288
8308,0.051
8309,0.027
8310,-0.032
8311,-0.137
8312,0.007
8313,-0.012
8314,-0.042
8315,0.0
8316,-0.017
8317,-0.059
8318,-0.039
8319,-0.01
8320,-0.09
8321,-0.051
8322,-0.129
8323,0.005
8324,0.002
8325,-0.005
8326,0.002
8327,0.034
8328,0.015
8329,-0.117
8330,-0.01
8331,-0.122
8332,-0.054
8333,-0.083
8334,-0.076
8335,-0.054
8336,0.012
8337,0.046
8338,-0.098
8339,-0.051
8340,0.039
8341,0.039
8342,0.007
8343,-0.044
8344,0.081
8345,0.159
8346,0.049
8347,-0.029
8348,-0.085
8349,0.029
8350,0.002
8351,-0.076
8352,-0.085
8353,0.007
8354,-0.122
8355,-0.09
8356,-0.005
8357,-0.012
8358,-0.059
8359,-0.112
8360,-0.081
8361,0.005
8362,0.024
8363,0.022
8364,0.083
8365,-0.032
8366,-0.027
8367,-0.01
8368,-0.007
8369,-0.071
8370,-0.027
8371,0.09
8372,-0.015
8373,-0.103
8374,-0.046
8375,0.042
8376,-0.073
8377,-0.071
8378,-0.078
8379,-0.085
8380,-0.051
8381,0.054
8382,0.103
8383,0.044
8384,0.056
8385,0.081
8386,0.066
8387,0.134
8388,0.073
8389,0.029
8390,-0.046
8391,-0.044
8392,-0.066
8393,-0.046
8394,-0.039
8395,-0.024
8396,-0.151
8397,-0.017
8398,-0.195
8399,-0.168
8400,-0.066
8401,-0.042
8402,-0.051
8403,0.056
8404,0.037
8405,-0.029
8406,0.042
8407,0.002
8408,0.029
8409,0.042
8410,-0.024
8411,-0.002
8412,0.056
8413,0.083
8414,0.039
8415,-0.073
8416,-0.032
8417,0.059
8418,0.034
8419,0.039
8420,-0.024
8421,0.139
8422,-0.159
8423,-0.161
8424,0.127
8425,0.046
8426,-0.107
8427,-0.076
8428,0.105
8429,0.022
8430,-0.017
8431,0.0
8432,0.002
8433,0.005
8434,-0.095
8435,-0.054
8436,0.005
8437,-0.002
8438,-0.022
8439,0.042
8440,-0.037
8441,-0.068
8442,0.056
8443,0.068
8444,0.022
8445,-0.007
8446,0.081
8447,0.112
8448,0.093
8449,0.017
8450,0.027
8451,0.017
8452,0.1
8453,0.122
8454,-0.022
8455,-0.059
8456,0.061
8457,-0.029
8458,-0.024
8459,0.09
8460,-0.088
8461,-0.012
8462,0.034
8463,-0.073
8464,-0.117
8465,0.042
8466,0.129
8467,-0.073
8468,-0.012
8469,0.068
8470,-0.007
8471,-0.039
8472,-0.024
8473,-0.015
8474,-0.039
8475,-0.029
8476,-0.088
8477,-0.056
8478,-0.068
8479,-0.042
8480,0.007
8481,0.017
8482,0.051
8483,0.012
8484,0.01
8485,0.071
8486,0.081
8487,0.039
8488,0.039
8489,-0.039
8490,0.01
8491,0.015
8492,0.032
8493,-0.029
8494,-0.017
8495,-0.034
8496,-0.044
8497,-0.081
8498,-0.059
8499,0.017
8500,-0.002
8501,0.01
8502,-0.002
8503,0.046
8504,0.063
8505,-0.034
8506,0.027
8507,0.103
8508,0.095
8509,0.02
8510,0.083
8511,0.029
8512,0.01
8513,-0.085
8514,-0.059
8515,0.1
8516,-0.063
8517,-0.051
8518,0.098
8519,-0.066
8520,-0.046
8521,0.007
8522,-0.002
8523,-0.01
8524,0.032
8525,0.056
8526,0.127
8527,-0.039
8528,0.068
8529,0.037
8530,0.078
8531,-0.071
8532,0.042
8533,0.095
8534,-0.046
8535,-0.093
8536,-0.046
8537,0.049
8538,-0.024
8539,-0.022
8540,0.027
8541,-0.002
8542,-0.002
8543,-0.049
8544,0.02
8545,0.137
8546,0.088
8547,0.029
8548,-0.042
8549,-0.01
8550,-0.022
8551,-0.01
8552,0.063
8553,0.007
8554,0.046
8555,-0.068
8556,-0.017
8557,0.015
8558,-0.071
8559,-0.09
8560,-0.063
8561,-0.044
8562,-0.09
8563,-0.103
8564,0.02
8565,0.054
8566,0.005
8567,-0.073
8568,-0.024
8569,0.032
8570,-0.061
8571,-0.042
8572,0.049
8573,-0.007
8574,0.059
8575,-0.037
8576,-0.112
8577,-0.063
8578,-0.024
8579,0.073
8580,-0.034
8581,-0.017
8582,0.01
8583,0.059
8584,0.073
8585,0.024
8586,-0.042
8587,0.015
8588,0.076
8589,-0.024
8590,0.01
8591,0.056
8592,0.032
8593,-0.022
8594,-0.007
8595,-0.076
8596,-0.044
8597,-0.063
8598,-0.054
8599,-0.015
8600,-0.078
8601,0.1
8602,0.017
8603,0.022
8604,0.083
8605,0.015
8606,0.073
8607,0.059
8608,-0.007
8609,0.002
8610,0.081
8611,0.022
8612,0.034
8613,0.005
8614,-0.039
8615,-0.081
8616,-0.039
8617,0.066
8618,0.002
8619,-0.039
8620,0.022
8621,-0.01
8622,0.066
8623,0.046
8624,-0.022
8625,-0.017
8626,-0.066
8627,-0.063
8628,0.063
8629,0.015
8630,-0.078
8631,-0.017
8632,0.076
8633,-0.022
8634,0.056
8635,0.007
8636,-0.12
8637,0.01
8638,-0.027
8639,-0.127
8640,-0.068
8641,-0.071
8642,-0.068
8643,-0.044
8644,-0.042
8645,0.046
8646,0.037
8647,0.007
8648,0.012
8649,-0.059
8650,0.029
8651,0.017
8652,0.037
8653,0.037
8654,-0.068
8655,-0.022
8656,0.0
8657,-0.022
8658,-0.015
8659,0.107
8660,0.063
8661,-0.105
8662,-0.02
8663,0.059
8664,0.007
8665,-0.076
8666,0.022
8667,0.171
8668,0.09
8669,-0.061
8670,0.105
8671,0.107
8672,-0.024
8673,-0.061
8674,0.083
8675,-0.037
8676,-0.027
8677,0.068
8678,0.066
8679,0.037
8680,-0.063
8681,0.0
8682,0.188
8683,0.051
8684,-0.073
8685,0.007
8686,0.042
8687,-0.017
8688,0.0
8689,0.073
8690,0.125
8691,-0.037
8692,-0.01
8693,0.024
8694,-0.076
8695,-0.115
8696,0.083
8697,0.149
8698,-0.02
8699,-0.134
8700,-0.046
8701,0.115
8702,0.083
8703,-0.117
8704,-0.007
8705,0.046
8706,0.037
8707,-0.059
8708,0.017
8709,0.095
8710,-0.012
8711,-0.007
8712,0.002
8713,0.007
8714,0.142
8715,0.11
8716,0.0
8717,-0.103
8718,-0.093
8719,0.017
8720,-0.046
8721,-0.056
8722,-0.186
8723,-0.039
8724,0.059
8725,0.017
8726,-0.061
8727,-0.015
8728,0.017
8729,0.015
8730,-0.02
8731,0.049
8732,0.042
8733,-0.049
8734,-0.083
8735,-0.093
8736,-0.054
8737,-0.115
8738,0.005
8739,0.078
8740,-0.11
8741,-0.073
8742,0.034
8743,0.044
8744,-0.015
8745,-0.044
8746,-0.049
8747,-0.032
8748,0.02
8749,0.037
8750,0.032
8751,0.032
8752,0.105
8753,0.076
8754,0.022
8755,-0.015
8756,-0.029
8757,0.005
8758,0.081
8759,-0.029
8760,-0.032
8761,0.005
8762,0.022
8763,0.049
8764,0.061
8765,0.115
8766,0.117
8767,0.051
8768,0.076
8769,0.029
8770,0.029
8771,0.066
8772,0.056
8773,0.051
8774,0.159
8775,0.068
8776,-0.002
8777,-0.017
8778,0.11
8779,0.034
8780,-0.151
8781,-0.112
8782,0.037
8783,0.066
8784,0.051
8785,-0.083
8786,0.027
8787,0.2
8788,0.073
8789,-0.017
8790,0.068
8791,-0.002
8792,0.115
8793,0.007
8794,0.02
8795,0.01
8796,0.039
8797,-0.012
8798,-0.049
8799,-0.125
8800,-0.042
8801,-0.029
8802,-0.017
8803,-0.032
8804,-0.127
8805,-0.002
8806,0.054
8807,0.027
8808,-0.103
8809,-0.042
8810,-0.015
8811,0.01
8812,-0.024
8813,0.042
8814,0.09
8815,-0.049
8816,0.146
8817,-0.095
8818,-0.188
8819,-0.09
8820,-0.01
8821,-0.159
8822,-0.149
8823,-0.083
8824,0.125
8825,-0.044
8826,0.034
8827,0.022
8828,-0.015
8829,0.005
8830,0.042
8831,0.137
8832,0.078
8833,0.127
8834,0.046
8835,0.034
8836,0.083
8837,-0.071
8838,-0.039
8839,0.056
8840,-0.02
8841,-0.059
8842,-0.083
8843,-0.012
8844,0.01
8845,0.081
8846,0.051
8847,-0.081
8848,0.024
8849,0.061
8850,-0.002
8851,0.015
8852,0.027
8853,-0.01
8854,0.002
8855,-0.051
8856,-0.061
8857,0.012
8858,-0.012
8859,-0.044
8860,-0.007
8861,0.002
8862,-0.015
8863,-0.137
8864,-0.017
8865,0.085
8866,0.012
8867,-0.032
8868,-0.01
8869,0.002
8870,0.007
8871,0.046
8872,0.039
8873,0.051
8874,0.088
8875,0.054
8876,0.098
8877,-0.01
8878,0.024
8879,0.049
8880,-0.105
8881,-0.049
8882,0.029
8883,-0.005
8884,-0.034
8885,0.071
8886,0.039
8887,0.032
8888,0.12
8889,0.068
8890,-0.015
8891,0.085
8892,0.068
8893,0.02
8894,0.024
8895,-0.115
8896,0.017
8897,-0.051
8898,-0.107
8899,-0.063
8900,-0.061
8901,-0.132
8902,-0.029
8903,-0.081
8904,-0.068
8905,0.01
8906,0.029
8907,0.073
8908,0.068
8909,-0.037
8910,0.022
8911,0.059
8912,0.017
8913,0.039
8914,0.076
8915,-0.054
8916,0.024
8917,0.015
8918,0.015
8919,-0.054
8920,-0.127
8921,-0.042
8922,-0.007
8923,-0.044
8924,-0.039
8925,-0.076
8926,-0.039
8927,-0.039
8928,-0.046
8929,-0.005
8930,-0.027
8931,0.039
8932,0.027
8933,-0.044
8934,0.061
8935,0.073
8936,-0.017
8937,0.029
8938,-0.044
8939,-0.002
8940,-0.103
8941,-0.063
8942,0.044
8943,-0.054
8944,-0.115
8945,0.002
8946,-0.051
8947,-0.061
8948,0.042
8949,0.1
8950,0.027
8951,-0.007
8952,0.029
8953,0.032
8954,0.024
8955,-0.059
8956,0.032
8957,0.054
8958,0.017
8959,-0.007
8960,0.015
8961,0.095
8962,-0.046
8963,0.007
8964,0.01
8965,0.002
8966,-0.081
8967,0.032
8968,0.042
8969,-0.059
8970,-0.09
8971,-0.081
8972,-0.054
8973,0.012
8974,0.005
8975,0.034
8976,-0.002
8977,-0.01
8978,0.0
8979,-0.005
8980,-0.085
8981,-0.049
8982,-0.059
8983,0.034
8984,-0.029
8985,-0.044
8986,-0.007
8987,-0.042
8988,-0.034
8989,0.037
8990,0.063
8991,0.029
8992,0.054
8993,0.002
8994,0.046
8995,-0.005
8996,-0.063
8997,0.002
8998,0.051
8999,-0.095
9000,-0.034
9001,-0.029
9002,-0.142
9003,-0.076
9004,0.01
9005,0.037
9006,-0.051
9007,-0.015
9008,-0.051
9009,0.049
9010,-0.012
9011,0.002
9012,0.061
9013,0.059
9014,-0.022
9015,0.034
9016,0.061
9017,0.007
9018,-0.049
9019,0.01
9020,0.01
9021,-0.056
9022,0.007
9023,0.093
9024,-0.068
9025,-0.139
9026,-0.029
9027,0.027
9028,-0.054
9029,-0.066
9030,0.063
9031,0.002
9032,0.044
9033,0.0
9034,0.024
9035,0.081
9036,0.042
9037,-0.046
9038,0.049
9039,-0.007
9040,0.037
9041,-0.002
9042,-0.115
9043,-0.11
9044,-0.049
9045,-0.017
9046,-0.09
9047,-0.037
9048,-0.02
9049,-0.088
9050,-0.068
9051,-0.022
9052,-0.056
9053,-0.044
9054,-0.068
9055,-0.044
9056,0.078
9057,0.01
9058,0.012
9059,-0.007
9060,-0.022
9061,0.032
9062,-0.046
9063,-0.044
9064,-0.002
9065,-0.066
9066,0.081
9067,0.007
9068,-0.1
9069,-0.107
9070,0.11
9071,0.02
9072,0.049
9073,0.144
9074,0.017
9075,-0.09
9076,-0.112
9077,-0.09
9078,-0.063
9079,-0.12
9080,-0.037
9081,-0.112
9082,-0.095
9083,-0.117
9084,-0.159
9085,-0.105
9086,-0.085
9087,0.049
9088,-0.034
9089,-0.142
9090,0.002
9091,0.007
9092,-0.066
9093,-0.029
9094,-0.005
9095,-0.017
9096,0.007
9097,0.0
9098,0.005
9099,-0.078
9100,-0.037
9101,0.005
9102,-0.037
9103,-0.076
9104,-0.042
9105,-0.034
9106,-0.034
9107,-0.039
9108,-0.098
9109,-0.02
9110,-0.046
9111,-0.029
9112,0.017
9113,-0.002
9114,0.042
9115,-0.029
9116,0.039
9117,0.027
9118,0.002
9119,0.168
9120,0.024
9121,-0.081
9122,-0.007
9123,0.007
9124,-0.063
9125,-0.125
9126,-0.063
9127,0.107
9128,-0.037
9129,-0.027
9130,0.063
9131,0.002
9132,0.007
9133,0.0
9134,0.039
9135,0.068
9136,0.132
9137,0.027
9138,-0.039
9139,0.056
9140,-0.042
9141,-0.051
9142,0.012
9143,0.051
9144,-0.093
9145,-0.01
9146,-0.051
9147,-0.161
9148,0.015
9149,0.095
9150,-0.005
9151,-0.051
9152,-0.012
9153,0.007
9154,0.015
9155,-0.049
9156,-0.005
9157,0.117
9158,-0.002
9159,0.005
9160,-0.09
9161,0.015
9162,0.01
9163,-0.054
9164,-0.073
9165,-0.051
9166,-0.027
9167,-0.012
9168,-0.059
9169,-0.024
9170,0.002
9171,-0.01
9172,0.017
9173,-0.024
9174,0.056
9175,0.051
9176,0.046
9177,0.061
9178,0.046
9179,0.088
9180,0.105
9181,0.015
9182,0.029
9183,0.027
9184,0.027
9185,0.024
9186,-0.056
9187,-0.024
9188,0.0
9189,0.005
9190,-0.012
9191,0.007
9192,0.049
9193,0.007
9194,0.044
9195,-0.007
9196,0.056
9197,0.012
9198,0.029
9199,0.027
9200,0.081
9201,0.024
9202,0.039
9203,-0.037
9204,-0.066
9205,0.071
9206,-0.022
9207,-0.024
9208,-0.081
9209,0.01
9210,0.103
9211,0.02
9212,-0.078
9213,0.034
9214,0.12
9215,0.122
9216,0.032
9217,-0.076
9218,0.032
9219,0.076
9220,0.066
9221,-0.056
9222,-0.078
9223,0.105
9224,-0.017
9225,-0.02
9226,-0.115
9227,-0.063
9228,0.051
9229,-0.005
9230,-0.054
9231,-0.037
9232,-0.066
9233,0.063
9234,-0.005
9235,0.012
9236,0.029
9237,0.195
9238,0.063
9239,0.046
9240,0.115
9241,0.076
9242,0.127
9243,0.066
9244,-0.032
9245,-0.056
9246,-0.046
9247,-0.012
9248,0.002
9249,-0.049
9250,-0.081
9251,-0.115
9252,-0.012
9253,-0.093
9254,-0.022
9255,-0.059
9256,0.078
9257,-0.059
9258,-0.015
9259,0.032
9260,-0.049
9261,-0.034
9262,0.015
9263,0.073
9264,-0.081
9265,-0.029
9266,-0.061
9267,-0.012
9268,0.115
9269,-0.071
9270,-0.142
9271,-0.059
9272,-0.105
9273,-0.056
9274,-0.029
9275,0.015
9276,-0.005
9277,0.017
9278,-0.066
9279,-0.027
9280,0.068
9281,0.039
9282,-0.037
9283,-0.024
9284,-0.007
9285,-0.054
9286,-0.122
9287,-0.032
9288,0.032
9289,-0.068
9290,0.046
9291,-0.007
9292,0.1
9293,0.049
9294,-0.054
9295,-0.083
9296,0.02
9297,0.051
9298,0.059
9299,-0.066
9300,-0.005
9301,0.076
9302,0.017
9303,0.015
9304,-0.012
9305,-0.078
9306,0.02
9307,-0.034
9308,-0.051
9309,0.046
9310,0.005
9311,0.022
9312,0.042
9313,0.12
9314,-0.01
9315,-0.017
9316,-0.005
9317,0.02
9318,-0.022
9319,0.046
9320,0.017
9321,-0.042
9322,-0.061
9323,-0.015
9324,-0.088
9325,-0.01
9326,-0.083
9327,-0.088
9328,-0.063
9329,-0.068
9330,-0.137
9331,-0.1
9332,-0.063
9333,-0.063
9334,-0.166
9335,0.034
9336,0.093
9337,-0.107
9338,-0.117
9339,0.117
9340,0.002
9341,0.093
9342,-0.012
9343,0.015
9344,-0.078
9345,-0.095
9346,-0.012
9347,-0.063
9348,-0.146
9349,-0.034
9350,0.0
9351,0.024
9352,-0.068
9353,-0.088
9354,0.027
9355,0.027
9356,0.022
9357,0.071
9358,0.081
9359,0.076
9360,0.039
9361,0.056
9362,0.002
9363,0.09
9364,0.056
9365,-0.005
9366,-0.09
9367,0.01
9368,-0.032
9369,-0.056
9370,-0.1
9371,-0.051
9372,0.11
9373,-0.071
9374,0.11
9375,0.027
9376,-0.044
9377,0.007
9378,-0.046
9379,0.142
9380,0.083
9381,-0.015
9382,0.049
9383,0.037
9384,0.007
9385,0.022
9386,0.01
9387,-0.063
9388,0.005
9389,0.015
9390,-0.139
9391,-0.005
9392,0.063
9393,-0.063
9394,-0.049
9395,0.002
9396,-0.022
9397,-0.02
9398,0.09
9399,0.059
9400,-0.056
9401,-0.029
9402,0.046
9403,0.042
9404,-0.02
9405,0.063
9406,0.029
9407,0.01
9408,-0.042
9409,-0.066
9410,-0.059
9411,-0.02
9412,0.0
9413,-0.059
9414,-0.029
9415,-0.027
9416,0.007
9417,-0.061
9418,0.029
9419,0.02
9420,-0.061
9421,0.1
9422,-0.024
9423,-0.029
9424,0.015
9425,0.071
9426,0.032
9427,-0.066
9428,-0.037
9429,0.054
9430,0.015
9431,-0.012
9432,0.107
9433,0.0
9434,-0.015
9435,0.01
9436,0.007
9437,-0.027
9438,-0.088
9439,0.037
9440,-0.039
9441,-0.027
9442,0.042
9443,0.01
9444,-0.071
9445,0.044
9446,0.042
9447,0.027
9448,-0.056
9449,-0.044
9450,-0.093
9451,-0.093
9452,0.117
9453,-0.01
9454,-0.125
9455,-0.015
9456,0.076
9457,0.105
9458,-0.007
9459,0.051
9460,0.051
9461,0.081
9462,0.098
9463,0.039
9464,-0.044
9465,0.183
9466,0.1
9467,-0.032
9468,0.032
9469,-0.085
9470,0.056
9471,-0.137
9472,-0.032
9473,0.046
9474,0.176
9475,-0.027
9476,-0.103
9477,0.049
9478,0.103
9479,0.044
9480,0.085
9481,0.166
9482,0.081
9483,0.076
9484,0.063
9485,0.173
9486,-0.027
9487,-0.012
9488,0.049
9489,-0.002
9490,-0.007
9491,0.002
9492,0.032
9493,-0.044
9494,-0.081
9495,-0.024
9496,-0.034
9497,0.027
9498,-0.105
9499,0.066
9500,0.056
9501,0.093
9502,0.012
9503,0.144
9504,0.049
9505,0.029
9506,-0.02
9507,-0.005
9508,0.015
9509,-0.125
9510,-0.029
9511,0.054
9512,-0.066
9513,-0.127
9514,0.151
9515,-0.103
9516,-0.085
9517,0.061
9518,-0.059
9519,0.083
9520,0.015
9521,0.049
9522,0.09
9523,0.046
9524,0.073
9525,0.015
9526,-0.002
9527,-0.002
9528,0.056
9529,-0.012
9530,-0.046
9531,0.034
9532,0.002
9533,0.01
9534,-0.039
9535,-0.068
9536,0.046
9537,-0.061
9538,-0.015
9539,0.146
9540,-0.01
9541,0.056
9542,0.098
9543,0.049
9544,-0.061
9545,0.0
9546,0.078
9547,0.024
9548,-0.029
9549,0.02
9550,0.076
9551,-0.044
9552,-0.022
9553,-0.027
9554,-0.029
9555,-0.012
9556,-0.02
9557,0.032
9558,0.037
9559,0.01
9560,0.02
9561,0.024
9562,0.063
9563,0.122
9564,0.085
9565,0.156
9566,0.059
9567,-0.01
9568,0.007
9569,-0.037
9570,0.037
9571,0.024
9572,-0.015
9573,0.059
9574,-0.01
9575,-0.044
9576,0.007
9577,-0.015
9578,-0.044
9579,0.046
9580,0.088
9581,0.054
9582,-0.093
9583,0.073
9584,0.039
9585,0.0
9586,-0.044
9587,-0.02
9588,0.117
9589,-0.027
9590,0.007
9591,0.054
9592,-0.027
9593,-0.039
9594,0.034
9595,0.039
9596,-0.015
9597,-0.042
9598,-0.034
9599,0.098
9600,-0.022
9601,0.015
9602,0.059
9603,0.017
9604,0.007
9605,0.071
9606,0.063
9607,-0.007
9608,0.02
9609,-0.02
9610,0.022
9611,-0.073
9612,-0.081
9613,-0.115
9614,0.022
9615,-0.056
9616,-0.115
9617,-0.061
9618,-0.054
9619,0.002
9620,-0.1
9621,-0.056
9622,0.02
9623,0.044
9624,-0.02
9625,-0.012
9626,0.1
9627,0.095
9628,0.007
9629,-0.002
9630,0.049
9631,-0.01
9632,0.054
9633,-0.059
9634,-0.032
9635,0.063
9636,-0.056
9637,0.029
9638,0.071
9639,-0.066
9640,-0.012
9641,0.061
9642,0.027
9643,0.042
9644,0.02
9645,0.173
9646,-0.024
9647,-0.027
9648,0.049
9649,0.105
9650,-0.037
9651,-0.146
9652,0.037
9653,-0.037
9654,0.002
9655,-0.085
9656,-0.032
9657,0.0
9658,-0.02
9659,-0.024
9660,0.005
9661,0.054
9662,-0.039
9663,-0.002
9664,0.007
9665,-0.051
9666,0.061
9667,-0.049
9668,0.027
9669,-0.002
9670,-0.015
9671,0.005
9672,0.0
9673,0.02
9674,0.002
9675,-0.059
9676,-0.051
9677,0.032
9678,-0.015
9679,0.034
9680,-0.051
9681,0.002
9682,-0.063
9683,0.029
9684,0.056
9685,0.007
9686,0.015
9687,-0.029
9688,-0.071
9689,-0.032
9690,0.044
9691,-0.027
9692,-0.049
9693,-0.063
9694,0.007
9695,0.002
9696,-0.112
9697,0.01
9698,-0.076
9699,0.054
9700,-0.007
9701,-0.059
9702,-0.005
9703,0.005
9704,-0.063
9705,0.039
9706,-0.039
9707,-0.034
9708,0.005
9709,0.061
9710,-0.029
9711,-0.032
9712,-0.005
9713,-0.002
9714,-0.017
9715,-0.11
9716,-0.046
9717,-0.073
9718,-0.081
9719,-0.039
9720,0.017
9721,0.098
9722,-0.078
9723,-0.037
9724,-0.012
9725,-0.034
9726,-0.037
9727,-0.049
9728,-0.044
9729,0.002
9730,0.012
9731,0.029
9732,0.012
9733,-0.061
9734,0.029
9735,0.09
9736,0.015
9737,-0.044
9738,-0.02
9739,-0.027
9740,-0.11
9741,-0.093
9742,-0.01
9743,0.051
9744,-0.051
9745,-0.044
9746,0.044
9747,0.071
9748,-0.037
9749,-0.042
9750,-0.01
9751,-0.039
9752,0.015
9753,-0.037
9754,-0.063
9755,-0.056
9756,-0.11
9757,-0.002
9758,-0.085
9759,-0.078
9760,-0.085
9761,0.002
9762,-0.066
9763,0.017
9764,-0.024
9765,0.032
9766,-0.029
9767,0.012
9768,-0.017
9769,0.171
9770,0.005
9771,-0.073
9772,0.027
9773,0.068
9774,-0.039
9775,-0.039
9776,-0.034
9777,-0.085
9778,-0.193
9779,-0.168
9780,-0.066
9781,-0.112
9782,-0.093
9783,0.127
9784,-0.059
9785,-0.095
9786,-0.066
9787,0.049
9788,0.12
9789,-0.022
9790,0.017
9791,0.015
9792,-0.059
9793,-0.059
9794,0.005
9795,-0.078
9796,-0.034
9797,0.042
9798,-0.015
9799,-0.103
9800,-0.066
9801,0.017
9802,0.071
9803,-0.105
9804,-0.117
9805,0.083
9806,0.034
9807,-0.027
9808,-0.115
9809,-0.068
9810,0.046
9811,-0.061
9812,-0.054
9813,-0.017
9814,0.1
9815,-0.073
9816,-0.103
9817,-0.042
9818,0.02
9819,0.049
9820,-0.09
9821,0.022
9822,0.046
9823,-0.039
9824,-0.081
9825,-0.085
9826,0.0
9827,0.049
9828,0.125
9829,0.017
9830,-0.002
9831,-0.037
9832,0.054
9833,-0.022
9834,0.024
9835,-0.042
9836,0.071
9837,0.0
9838,-0.029
9839,0.02
9840,0.085
9841,0.015
9842,-0.027
9843,0.039
9844,0.017
9845,-0.007
9846,-0.054
9847,-0.081
9848,-0.046
9849,0.002
9850,0.017
9851,-0.095
9852,-0.112
9853,-0.103
9854,-0.054
9855,-0.129
9856,-0.081
9857,-0.105
9858,-0.022
9859,0.024
9860,-0.068
9861,-0.037
9862,-0.029
9863,0.032
9864,0.032
9865,0.0
9866,-0.017
9867,0.027
9868,0.01
9869,0.0
9870,-0.005
9871,-0.007
9872,0.098
9873,0.012
9874,0.02
9875,-0.073
9876,-0.144
9877,-0.144
9878,-0.134
9879,-0.081
9880,-0.029
9881,-0.132
9882,-0.122
9883,0.161
9884,-0.042
9885,-0.093
9886,-0.027
9887,-0.063
9888,0.046
9889,0.049
9890,0.112
9891,0.093
9892,0.107
9893,-0.115
9894,-0.149
9895,-0.02
9896,-0.044
9897,-0.005
9898,0.112
9899,-0.024
9900,-0.056
9901,0.063
9902,0.054
9903,-0.01
9904,-0.083
9905,0.044
9906,0.024
9907,0.039
9908,-0.007
9909,-0.037
9910,0.012
9911,0.081
9912,0.037
9913,0.005
9914,-0.01
9915,-0.042
9916,0.015
9917,-0.029
9918,-0.107
9919,-0.061
9920,0.042
9921,0.127
9922,-0.134
9923,-0.2
9924,-0.103
9925,0.188
9926,0.105
9927,-0.112
9928,0.007
9929,0.144
9930,0.061
9931,-0.083
9932,0.073
9933,0.01
9934,0.015
9935,-0.073
9936,-0.081
9937,-0.103
9938,-0.105
9939,0.002
9940,-0.005
9941,-0.132
9942,-0.085
9943,-0.037
9944,-0.061
9945,-0.044
9946,-0.017
9947,0.022
9948,0.032
9949,0.015
9950,-0.022
9951,0.015
9952,0.085
9953,0.056
9954,-0.022
9955,-0.002
9956,-0.032
9957,-0.066
9958,-0.032
9959,-0.054
9960,-0.073
9961,-0.081
9962,-0.12
9963,-0.034
9964,-0.117
9965,0.085
9966,0.005
9967,-0.054
9968,-0.027
9969,0.078
9970,0.156
9971,-0.005
9972,0.085
9973,0.129
9974,0.042
9975,0.088
9976,0.078
9977,0.007
9978,0.125
9979,-0.01
9980,-0.103
9981,-0.002
9982,0.0
9983,0.051
9984,-0.068
9985,-0.132
9986,0.01
9987,0.037
9988,0.007
9989,0.017
9990,0.042
9991,0.0
9992,0.151
9993,0.056
9994,-0.005
9995,0.027
9996,0.073
9997,0.042
9998,0.032
9999,0.11
10000,-0.029
10001,0.002
10002,0.005
10003,-0.002
10004,0.056
10005,-0.093
10006,-0.164
10007,0.132
10008,0.183
10009,-0.044
10010,-0.061
10011,-0.005
10012,0.129
10013,0.017
10014,0.037
10015,-0.073
10016,0.105
10017,0.122
10018,0.039
10019,0.005
10020,0.005
10021,0.073
10022,0.0
10023,0.061
10024,-0.034
10025,0.024
10026,0.061
10027,-0.044
10028,-0.002
10029,-0.088
10030,-0.002
10031,0.12
10032,-0.002
10033,-0.005
10034,-0.029
10035,-0.002
10036,-0.088
10037,-0.107
10038,-0.039
10039,-0.037
10040,-0.015
10041,0.007
10042,-0.071
10043,-0.093
10044,-0.002
10045,0.061
10046,0.081
10047,0.032
10048,-0.034
10049,0.029
10050,0.1
10051,0.024
10052,0.085
10053,-0.01
10054,0.066
10055,0.007
10056,0.081
10057,-0.02
10058,-0.105
10059,-0.059
10060,-0.083
10061,-0.02
10062,-0.042
10063,-0.007
10064,-0.034
10065,-0.01
10066,0.042
10067,0.037
10068,0.051
10069,-0.007
10070,0.076
10071,0.081
10072,-0.005
10073,0.054
10074,-0.059
10075,0.071
10076,0.122
10077,0.0
10078,-0.042
10079,-0.002
10080,0.076
10081,0.098
10082,0.022
10083,0.005
10084,0.1
10085,0.051
10086,0.056
10087,-0.01
10088,-0.029
10089,0.112
10090,-0.005
10091,-0.061
10092,0.012
10093,0.002
10094,0.032
10095,0.024
10096,0.037
10097,0.022
10098,-0.027
10099,0.007
10100,0.032
10101,0.061
10102,0.01
10103,-0.034
10104,0.061
10105,0.029
10106,0.042
10107,-0.005
10108,0.122
10109,-0.037
10110,-0.01
10111,0.066
10112,0.078
10113,-0.01
10114,0.061
10115,-0.012
10116,0.11
10117,-0.002
10118,-0.007
10119,0.02
10120,0.017
10121,-0.073
10122,-0.093
10123,0.093
10124,0.022
10125,-0.156
10126,0.083
10127,0.085
10128,0.073
10129,-0.01
10130,-0.01
10131,0.09
10132,0.059
10133,0.022
10134,0.061
10135,-0.032
10136,-0.056
10137,-0.01
10138,-0.134
10139,-0.007
10140,-0.144
10141,-0.166
10142,-0.068
10143,0.017
10144,-0.029
10145,-0.085
10146,-0.017
10147,0.044
10148,-0.015
10149,0.071
10150,0.076
10151,0.024
10152,0.015
10153,0.01
10154,-0.061
10155,-0.017
10156,0.002
10157,-0.044
10158,0.029
10159,-0.061
10160,0.002
10161,0.093
10162,-0.127
10163,0.032
10164,-0.042
10165,-0.024
10166,-0.083
10167,0.024
10168,0.105
10169,0.061
10170,0.068
10171,0.068
10172,0.012
10173,-0.002
10174,-0.002
10175,-0.015
10176,-0.068
10177,-0.083
10178,-0.083
10179,-0.085
10180,-0.029
10181,-0.017
10182,-0.088
10183,-0.073
10184,0.073
10185,-0.061
10186,-0.024
10187,-0.042
10188,-0.012
10189,0.024
10190,0.063
10191,0.017
10192,0.088
10193,0.029
10194,0.09
10195,-0.002
10196,0.002
10197,0.02
10198,-0.017
10199,0.01
10200,0.02
10201,-0.037
10202,-0.046
10203,0.007
10204,-0.1
10205,-0.083
10206,-0.01
10207,0.044
10208,0.015
10209,0.002
10210,0.007
10211,-0.034
10212,-0.063
10213,-0.09
10214,-0.002
10215,0.015
10216,-0.027
10217,0.034
10218,0.017
10219,-0.029
10220,-0.042
10221,0.027
10222,-0.01
10223,-0.081
10224,0.042
10225,0.051
10226,-0.105
10227,0.037
10228,0.071
10229,0.01
10230,-0.046
10231,-0.01
10232,0.088
10233,0.056
10234,0.051
10235,0.088
10236,0.027
10237,-0.054
10238,0.078
10239,0.105
10240,0.173
10241,-0.012
10242,-0.005
10243,0.063
10244,-0.01
10245,0.012
10246,-0.156
10247,-0.1
10248,0.044
10249,0.01
10250,-0.1
10251,-0.132
10252,0.034
10253,0.005
10254,-0.066
10255,0.098
10256,0.032
10257,-0.005
10258,0.049
10259,0.0
10260,-0.042
10261,0.034
10262,0.095
10263,-0.034
10264,-0.093
10265,-0.039
10266,0.012
10267,-0.098
10268,-0.037
10269,0.09
10270,0.022
10271,-0.068
10272,-0.056
10273,-0.02
10274,0.071
10275,0.056
10276,0.039
10277,-0.015
10278,0.098
10279,0.046
10280,0.02
10281,-0.007
10282,0.022
10283,0.063
10284,0.083
10285,-0.034
10286,-0.044
10287,0.093
10288,-0.007
10289,-0.076
10290,-0.002
10291,0.054
10292,0.01
10293,-0.034
10294,0.137
10295,0.066
10296,-0.032
10297,0.071
10298,0.061
10299,0.002
10300,-0.017
10301,-0.044
10302,0.027
10303,-0.005
10304,-0.002
10305,0.146
10306,0.061
10307,-0.105
10308,-0.046
10309,0.076
10310,0.078
10311,-0.002
10312,-0.093
10313,0.059
10314,0.068
10315,0.054
10316,0.054
10317,-0.024
10318,-0.049
10319,0.024
10320,0.09
10321,-0.066
10322,-0.042
10323,0.034
10324,0.015
10325,0.017
10326,-0.005
10327,0.032
10328,0.022
10329,-0.017
10330,0.054
10331,-0.02
10332,-0.012
10333,0.0
10334,0.088
10335,0.017
10336,-0.039
10337,0.068
10338,0.071
10339,-0.012
10340,-0.051
10341,-0.034
10342,-0.017
10343,-0.081
10344,-0.049
10345,-0.071
10346,-0.042
10347,0.002
10348,-0.029
10349,-0.034
10350,0.022
10351,0.012
10352,0.02
10353,-0.007
10354,0.02
10355,0.034
10356,0.049
10357,0.076
10358,0.007
10359,-0.024
10360,0.051
10361,0.073
10362,-0.02
10363,-0.051
10364,-0.044
10365,-0.066
10366,0.002
10367,-0.068
10368,-0.073
10369,-0.002
10370,0.103
10371,0.083
10372,0.012
10373,0.061
10374,0.11
10375,-0.015
10376,0.0
10377,0.017
10378,-0.063
10379,0.061
10380,0.024
10381,-0.01
10382,0.002
10383,0.022
10384,-0.005
10385,-0.076
10386,0.015
10387,-0.024
10388,-0.015
10389,0.015
10390,-0.002
10391,0.027
10392,0.083
10393,0.059
10394,-0.02
10395,0.054
10396,0.063
10397,0.061
10398,0.044
10399,-0.056
10400,-0.044
10401,0.037
10402,0.0
10403,-0.073
10404,-0.049
10405,0.039
10406,0.071
10407,-0.042
10408,0.088
10409,0.078
10410,-0.002
10411,0.088
10412,0.022
10413,0.059
10414,0.134
10415,0.039
10416,-0.012
10417,0.066
10418,0.107
10419,0.12
10420,-0.044
10421,-0.073
10422,-0.032
10423,-0.083
10424,-0.073
10425,-0.044
10426,-0.002
10427,-0.002
10428,0.034
10429,-0.073
10430,-0.1
10431,-0.071
10432,0.059
10433,0.01
10434,-0.105
10435,0.063
10436,0.005
10437,-0.083
10438,-0.054
10439,-0.002
10440,-0.037
10441,-0.076
10442,-0.1
10443,-0.051
10444,0.088
10445,-0.017
10446,-0.01
10447,-0.071
10448,0.093
10449,0.051
10450,-0.042
10451,0.054
10452,-0.034
10453,0.056
10454,-0.01
10455,-0.085
10456,-0.012
10457,0.095
10458,0.024
10459,-0.029
10460,-0.073
10461,-0.024
10462,-0.017
10463,-0.076
10464,-0.11
10465,0.029
10466,-0.024
10467,-0.032
10468,0.005
10469,0.0
10470,-0.071
10471,0.002
10472,0.017
10473,0.012
10474,-0.032
10475,0.042
10476,0.054
10477,-0.002
10478,-0.073
10479,-0.02
10480,0.022
10481,-0.129
10482,-0.071
10483,0.034
10484,-0.042
10485,-0.032
10486,0.002
10487,-0.029
10488,-0.095
10489,0.046
10490,0.024
10491,0.051
10492,0.0
10493,0.078
10494,0.093
10495,0.044
10496,0.01
10497,0.076
10498,-0.012
10499,-0.007
10500,0.027
10501,-0.024
10502,-0.046
10503,-0.039
10504,0.007
10505,-0.044
10506,-0.127
10507,-0.039
10508,-0.071
10509,-0.024
10510,-0.005
10511,-0.115
10512,0.0
10513,0.044
10514,0.046
10515,0.044
10516,-0.12
10517,-0.017
10518,-0.044
10519,0.007
10520,-0.1
10521,-0.12
10522,0.027
10523,-0.012
10524,-0.034
10525,-0.105
10526,-0.073
10527,-0.107
10528,-0.054
10529,-0.088
10530,-0.037
10531,0.061
10532,-0.061
10533,0.044
10534,0.032
10535,-0.027
10536,0.044
10537,-0.034
10538,-0.005
10539,0.029
10540,-0.017
10541,-0.042
10542,-0.09
10543,-0.151
10544,-0.061
10545,-0.11
10546,-0.061
10547,-0.063
10548,0.015
10549,-0.029
10550,-0.027
10551,-0.095
10552,-0.037
10553,0.002
10554,0.051
10555,-0.002
10556,-0.029
10557,-0.007
10558,-0.005
10559,-0.012
10560,0.039
10561,0.042
10562,-0.012
10563,-0.044
10564,-0.015
10565,-0.117
10566,-0.12
10567,-0.056
10568,-0.134
10569,-0.183
10570,-0.068
10571,-0.005
10572,-0.12
10573,-0.007
10574,0.007
10575,-0.015
10576,0.024
10577,0.068
10578,0.09
10579,0.129
10580,0.115
10581,0.017
10582,-0.051
10583,0.1
10584,0.049
10585,0.015
10586,0.049
10587,-0.051
10588,-0.017
10589,0.049
10590,0.051
10591,0.115
10592,0.005
10593,0.063
10594,0.015
10595,-0.071
10596,0.081
10597,0.063
10598,0.029
10599,-0.024
10600,-0.012
10601,-0.056
10602,-0.02
10603,-0.049
10604,0.01
10605,-0.1
10606,0.022
10607,0.044
10608,-0.105
10609,-0.044
10610,0.007
10611,-0.061
10612,-0.015
10613,-0.039
10614,-0.046
10615,-0.063
10616,-0.01
10617,-0.022
10618,-0.042
10619,0.039
10620,0.054
10621,-0.002
10622,0.044
10623,-0.081
10624,-0.142
10625,-0.012
10626,0.061
10627,-0.076
10628,0.071
10629,0.037
10630,0.005
10631,-0.081
10632,-0.059
10633,0.039
10634,-0.034
10635,-0.051
10636,0.015
10637,0.059
10638,-0.059
10639,-0.051
10640,-0.01
10641,-0.027
10642,0.022
10643,0.02
10644,-0.024
10645,-0.122
10646,-0.117
10647,0.054
10648,-0.005
10649,-0.103
10650,-0.01
10651,-0.002
10652,0.002
10653,-0.029
10654,-0.032
10655,0.088
10656,0.049
10657,0.161
10658,0.059
10659,-0.029
10660,0.066
10661,0.012
10662,-0.034
10663,-0.007
10664,0.024
10665,-0.115
10666,-0.022
10667,-0.083
10668,0.029
10669,0.002
10670,-0.1
10671,0.005
10672,-0.027
10673,0.0
10674,0.054
10675,0.0
10676,0.093
10677,0.093
10678,-0.034
10679,0.015
10680,0.049
10681,-0.032
10682,0.007
10683,0.12
10684,0.066
10685,-0.024
10686,-0.051
10687,-0.046
10688,-0.122
10689,-0.088
10690,0.022
10691,0.0
10692,-0.015
10693,0.059
10694,0.0
10695,0.02
10696,0.032
10697,0.105
10698,0.164
10699,-0.007
10700,0.059
10701,0.073
10702,0.076
10703,0.039
10704,0.029
10705,0.049
10706,-0.054
10707,-0.037
10708,0.061
10709,-0.037
10710,-0.037
10711,-0.017
10712,-0.073
10713,-0.024
10714,0.002
10715,-0.081
10716,-0.088
10717,0.049
10718,0.1
10719,0.012
10720,-0.024
10721,0.066
10722,0.181
10723,0.068
10724,-0.015
10725,-0.007
10726,0.024
10727,-0.015
10728,0.02
10729,0.005
10730,0.005
10731,-0.015
10732,-0.076
10733,0.083
10734,0.1
10735,0.037
10736,-0.032
10737,0.005
10738,0.115
10739,0.037
10740,-0.012
10741,0.095
10742,0.042
10743,0.005
10744,-0.02
10745,-0.01
10746,0.012
10747,-0.059
10748,-0.034
10749,-0.049
10750,0.056
10751,-0.02
10752,-0.11
10753,-0.002
10754,0.063
10755,0.137
10756,0.051
10757,0.054
10758,0.186
10759,-0.024
10760,-0.11
10761,0.068
10762,0.027
10763,0.007
10764,0.029
10765,-0.022
10766,0.105
10767,0.029
10768,-0.024
10769,0.044
10770,-0.046
10771,-0.015
10772,0.005
10773,-0.022
10774,0.012
10775,0.024
10776,-0.049
10777,-0.034
10778,-0.005
10779,0.029
10780,0.046
10781,0.034
10782,0.061
10783,-0.056
10784,-0.022
10785,-0.022
10786,0.076
10787,0.037
10788,-0.015
10789,0.01
10790,-0.129
10791,-0.103
10792,0.125
10793,0.034
10794,-0.017
10795,-0.159
10796,0.042
10797,0.029
10798,-0.081
10799,0.083
10800,0.173
10801,0.022
10802,0.085
10803,0.083
10804,0.042
10805,0.002
10806,0.088
10807,0.017
10808,-0.042
10809,0.022
10810,0.007
10811,0.007
10812,-0.044
10813,0.007
10814,-0.017
10815,0.0
10816,0.1
10817,0.068
10818,-0.005
10819,-0.012
10820,0.029
10821,0.024
10822,0.015
10823,0.037
10824,-0.098
10825,-0.051
10826,-0.007
10827,-0.117
10828,-0.005
10829,-0.098
10830,-0.037
10831,0.061
10832,-0.085
10833,0.049
10834,0.017
10835,-0.061
10836,0.11
10837,0.085
10838,0.012
10839,0.183
10840,0.142
10841,0.051
10842,-0.002
10843,-0.054
10844,0.081
10845,0.068
10846,0.095
10847,-0.088
10848,0.02
10849,0.085
10850,-0.071
10851,-0.002
10852,0.059
10853,-0.066
10854,-0.09
10855,0.046
10856,0.073
10857,-0.007
10858,-0.049
10859,0.012
10860,0.105
10861,0.0
10862,-0.085
10863,0.085
10864,0.134
10865,-0.049
10866,-0.149
10867,-0.09
10868,0.034
10869,-0.029
10870,-0.063
10871,-0.029
10872,-0.1
10873,-0.083
10874,0.122
10875,0.012
10876,-0.046
10877,0.095
10878,0.088
10879,0.129
10880,-0.039
10881,-0.024
10882,0.159
10883,0.164
10884,0.015
10885,0.032
10886,0.132
10887,0.054
10888,-0.063
10889,0.039
10890,0.034
10891,-0.083
10892,-0.002
10893,0.042
10894,-0.022
10895,-0.059
10896,0.098
10897,0.022
10898,-0.01
10899,0.01
10900,0.19
10901,0.046
10902,-0.09
10903,0.129
10904,0.051
10905,0.078
10906,-0.017
10907,-0.02
10908,0.134
10909,-0.039
10910,-0.12
10911,0.015
10912,-0.024
10913,-0.098
10914,-0.017
10915,-0.051
10916,-0.112
10917,0.034
10918,-0.005
10919,0.01
10920,-0.01
10921,-0.034
10922,0.139
10923,0.122
10924,-0.017
10925,0.024
10926,0.093
10927,0.098
10928,-0.029
10929,-0.034
10930,0.12
10931,-0.146
10932,-0.173
10933,0.02
10934,-0.02
10935,0.178
10936,0.002
10937,-0.093
10938,0.01
10939,0.117
10940,0.1
10941,-0.024
10942,0.007
10943,0.122
10944,0.105
10945,0.01
10946,0.034
10947,0.103
10948,-0.029
10949,-0.017
10950,0.012
10951,-0.024
10952,-0.049
10953,-0.071
10954,-0.005
10955,-0.022
10956,-0.073
10957,0.007
10958,0.005
10959,-0.022
10960,-0.007
10961,0.046
10962,0.056
10963,0.005
10964,0.103
10965,0.02
10966,0.051
10967,-0.024
10968,-0.081
10969,-0.01
10970,-0.032
10971,-0.037
10972,-0.042
10973,-0.063
10974,-0.095
10975,-0.051
10976,0.015
10977,-0.056
10978,0.005
10979,0.054
10980,0.01
10981,0.037
10982,0.063
10983,0.081
10984,-0.034
10985,0.029
10986,0.132
10987,0.071
10988,0.022
10989,0.002
10990,0.005
10991,-0.032
10992,-0.12
10993,-0.015
10994,-0.012
10995,-0.01
10996,-0.017
10997,-0.09
10998,-0.042
10999,0.017
11000,0.056
11001,-0.032
11002,0.081
11003,0.059
11004,-0.046
11005,0.083
11006,0.095
11007,0.039
11008,-0.032
11009,0.085
11010,-0.017
11011,0.0
11012,0.032
11013,-0.046
11014,-0.112
11015,-0.007
11016,0.056
11017,-0.068
11018,0.017
11019,0.024
11020,-0.029
11021,0.002
11022,0.063
11023,-0.054
11024,0.122
11025,0.205
11026,0.002
11027,0.034
11028,0.002
11029,0.044
11030,-0.046
11031,-0.063
11032,-0.059
11033,-0.046
11034,-0.081
11035,-0.024
11036,-0.034
11037,-0.034
11038,-0.098
11039,-0.105
11040,-0.11
11041,-0.012
11042,-0.027
11043,-0.11
11044,0.01
11045,-0.037
11046,-0.115
11047,-0.151
11048,-0.039
11049,-0.034
11050,-0.083
11051,-0.007
11052,-0.164
11053,-0.083
11054,-0.007
11055,-0.037
11056,-0.098
11057,-0.1
11058,0.054
11059,-0.02
11060,0.037
11061,0.046
11062,0.046
11063,0.176
11064,-0.01
11065,0.029
11066,0.046
11067,0.078
11068,0.029
11069,-0.027
11070,-0.073
11071,-0.024
11072,-0.081
11073,-0.049
11074,-0.015
11075,-0.073
11076,-0.078
11077,-0.1
11078,0.032
11079,0.005
11080,-0.056
11081,0.015
11082,0.02
11083,-0.039
11084,-0.081
11085,0.0
11086,0.088
11087,0.005
11088,-0.01
11089,-0.046
11090,-0.178
11091,-0.046
11092,-0.093
11093,-0.022
11094,-0.068
11095,-0.037
11096,0.085
11097,-0.056
11098,-0.024
11099,0.146
11100,0.083
11101,0.059
11102,0.093
11103,0.076
11104,0.044
11105,-0.002
11106,-0.02
11107,-0.01
11108,-0.017
11109,-0.029
11110,0.039
11111,-0.029
11112,-0.054
11113,0.02
11114,-0.051
11115,-0.173
11116,0.002
11117,-0.039
11118,-0.212
11119,-0.059
11120,-0.037
11121,-0.059
11122,-0.144
11123,-0.151
11124,0.01
11125,0.059
11126,-0.027
11127,-0.042
11128,-0.044
11129,0.078
11130,-0.063
11131,-0.151
11132,-0.105
11133,0.0
11134,0.144
11135,0.076
11136,-0.015
11137,-0.029
11138,-0.02
11139,0.029
11140,0.01
11141,-0.09
11142,-0.061
11143,0.022
11144,0.024
11145,0.059
11146,-0.083
11147,0.02
11148,0.066
11149,-0.059
11150,-0.076
11151,-0.073
11152,-0.107
11153,-0.198
11154,-0.054
11155,-0.044
11156,-0.103
11157,-0.176
11158,-0.066
11159,-0.107
11160,-0.088
11161,-0.132
11162,-0.037
11163,0.073
11164,0.015
11165,-0.017
11166,-0.071
11167,0.01
11168,0.044
11169,-0.005
11170,0.071
11171,-0.044
11172,-0.027
11173,0.044
11174,-0.027
11175,-0.139
11176,-0.088
11177,-0.042
11178,0.022
11179,-0.093
11180,-0.1
11181,-0.01
11182,0.051
11183,0.007
11184,-0.059
11185,0.088
11186,0.103
11187,0.188
11188,0.042
11189,-0.042
11190,0.105
11191,0.132
11192,0.024
11193,-0.063
11194,-0.076
11195,0.029
11196,-0.056
11197,-0.137
11198,-0.017
11199,-0.085
11200,-0.002
11201,-0.002
11202,-0.117
11203,-0.068
11204,-0.037
11205,0.088
11206,-0.039
11207,0.076
11208,0.115
11209,0.071
11210,-0.063
11211,-0.051
11212,-0.115
11213,-0.01
11214,-0.063
11215,-0.081
11216,-0.039
11217,-0.042
11218,-0.034
11219,-0.027
11220,-0.098
11221,-0.112
11222,0.046
11223,-0.037
11224,-0.017
11225,0.0
11226,0.034
11227,0.083
11228,0.049
11229,0.073
11230,-0.007
11231,0.076
11232,0.046
11233,-0.022
11234,-0.071
11235,-0.02
11236,0.02
11237,-0.078
11238,-0.168
11239,-0.007
11240,0.027
11241,0.0
11242,0.024
11243,0.063
11244,0.012
11245,0.027
11246,0.093
11247,0.105
11248,0.051
11249,0.056
11250,0.093
11251,0.059
11252,-0.022
11253,-0.044
11254,-0.029
11255,-0.083
11256,-0.044
11257,-0.024
11258,0.051
11259,-0.083
11260,-0.112
11261,0.083
11262,0.042
11263,-0.061
11264,0.029
11265,0.154
11266,0.076
11267,0.002
11268,0.015
11269,0.017
11270,0.024
11271,0.007
11272,0.029
11273,-0.049
11274,-0.034
11275,0.085
11276,-0.01
11277,-0.083
11278,0.024
11279,0.017
11280,0.022
11281,-0.125
11282,-0.027
11283,-0.054
11284,-0.029
11285,0.095
11286,0.039
11287,0.015
11288,0.044
11289,0.005
11290,0.022
11291,-0.027
11292,0.071
11293,-0.015
11294,0.005
11295,0.029
11296,-0.049
11297,-0.137
11298,-0.049
11299,-0.007
11300,0.0
11301,-0.156
11302,-0.081
11303,0.034
11304,-0.024
11305,-0.049
11306,0.095
11307,0.071
11308,-0.09
11309,-0.002
11310,0.054
11311,0.059
11312,0.0
11313,0.01
11314,0.029
11315,0.022
11316,-0.012
11317,-0.02
11318,0.01
11319,-0.063
11320,-0.056
11321,-0.103
11322,-0.022
11323,0.022
11324,0.073
11325,0.115
11326,0.002
11327,0.005
11328,0.02
11329,0.042
11330,0.071
11331,-0.056
11332,0.012
11333,-0.049
11334,-0.09
11335,-0.044
11336,-0.09
11337,-0.042
11338,0.076
11339,-0.056
11340,-0.093
11341,0.071
11342,-0.007
11343,0.042
11344,0.1
11345,0.012
11346,0.061
11347,0.1
11348,0.042
11349,0.117
11350,0.049
11351,0.039
11352,0.1
11353,0.039
11354,-0.039
11355,-0.022
11356,0.066
11357,-0.085
11358,-0.056
11359,0.005
11360,0.042
11361,-0.032
11362,-0.015
11363,0.022
11364,0.029
11365,0.049
11366,0.09
11367,0.115
11368,0.12
11369,0.029
11370,0.007
11371,0.029
11372,-0.022
11373,-0.015
11374,-0.034
11375,-0.066
11376,-0.046
11377,-0.042
11378,0.005
11379,0.002
11380,-0.122
11381,0.02
11382,0.01
11383,-0.068
11384,-0.051
11385,0.056
11386,0.073
11387,0.09
11388,0.093
11389,0.056
11390,0.073
11391,0.11
11392,0.083
11393,-0.081
11394,0.012
11395,-0.095
11396,0.066
11397,-0.029
11398,-0.063
11399,-0.049
11400,-0.051
11401,-0.188
11402,-0.068
11403,-0.073
11404,-0.002
11405,-0.039
11406,0.012
11407,0.129
11408,0.022
11409,-0.1
11410,0.049
11411,0.005
11412,0.0
11413,0.056
11414,-0.027
11415,-0.012
11416,-0.029
11417,-0.027
11418,-0.076
11419,0.022
11420,-0.037
11421,-0.042
11422,-0.046
11423,-0.015
11424,-0.051
11425,-0.029
11426,0.051
11427,0.063
11428,0.078
11429,-0.017
11430,0.005
11431,0.002
11432,-0.02
11433,0.137
11434,0.173
11435,0.02
11436,-0.039
11437,-0.051
11438,-0.078
11439,-0.046
11440,-0.037
11441,-0.117
11442,-0.083
11443,-0.083
11444,-0.063
11445,-0.012
11446,-0.034
11447,-0.012
11448,0.095
11449,0.022
11450,-0.002
11451,0.037
11452,0.054
11453,0.071
11454,0.039
11455,-0.042
11456,0.063
11457,0.042
11458,-0.093
11459,0.027
11460,0.061
11461,-0.105
11462,-0.203
11463,-0.081
11464,0.039
11465,-0.068
11466,-0.054
11467,0.022
11468,0.061
11469,0.078
11470,0.054
11471,0.098
11472,0.017
11473,-0.046
11474,0.034
11475,-0.046
11476,-0.02
11477,0.115
11478,0.063
11479,-0.01
11480,-0.151
11481,-0.078
11482,-0.002
11483,0.0
11484,-0.007
11485,-0.081
11486,0.005
11487,-0.059
11488,-0.059
11489,-0.005
11490,0.0
11491,0.046
11492,-0.005
11493,-0.037
11494,-0.005
11495,0.027
11496,-0.01
11497,0.044
11498,-0.044
11499,-0.032
11500,0.0
11501,-0.039
11502,-0.068
11503,-0.032
11504,0.076
11505,-0.044
11506,-0.015
11507,0.01
11508,0.029
11509,0.017
11510,-0.068
11511,0.078
11512,0.027
11513,0.063
11514,-0.037
11515,0.022
11516,0.078
11517,0.024
11518,0.005
11519,0.002
11520,0.022
11521,-0.027
11522,-0.037
11523,-0.037
11524,0.029
11525,-0.02
11526,-0.042
11527,0.042
11528,0.1
11529,0.071
11530,-0.017
11531,0.0
11532,0.056
11533,0.076
11534,0.0
11535,0.032
11536,-0.034
11537,-0.085
11538,-0.088
11539,-0.071
11540,0.083
11541,0.051
11542,-0.066
11543,0.015
11544,0.054
11545,0.071
11546,-0.005
11547,0.029
11548,0.071
11549,0.061
11550,-0.024
11551,-0.029
11552,0.032
11553,0.142
11554,0.066
11555,0.046
11556,-0.059
11557,-0.071
11558,-0.078
11559,-0.098
11560,-0.056
11561,-0.122
11562,0.029
11563,-0.046
11564,-0.007
11565,0.024
11566,0.01
11567,0.01
11568,0.051
11569,0.024
11570,0.066
11571,0.085
11572,0.034
11573,0.093
11574,-0.002
11575,0.068
11576,-0.056
11577,-0.029
11578,-0.049
11579,0.015
11580,-0.005
11581,-0.002
11582,-0.017
11583,-0.105
11584,-0.029
11585,0.007
11586,0.051
11587,-0.01
11588,-0.105
11589,0.085
11590,0.032
11591,0.002
11592,0.042
11593,0.022
11594,0.032
11595,0.127
11596,0.054
11597,0.012
11598,0.073
11599,-0.042
11600,0.049
11601,0.078
11602,0.039
11603,0.032
11604,-0.046
11605,-0.02
11606,0.027
11607,0.049
11608,0.044
11609,0.01
11610,-0.049
11611,0.054
11612,0.088
11613,-0.051
11614,-0.007
11615,0.078
11616,0.042
11617,0.024
11618,0.005
11619,-0.029
11620,0.024
11621,-0.027
11622,-0.015
11623,-0.056
11624,-0.012
11625,-0.081
11626,0.029
11627,0.088
11628,0.0
11629,0.059
11630,0.044
11631,0.056
11632,-0.073
11633,0.071
11634,0.098
11635,0.022
11636,0.117
11637,0.044
11638,0.054
11639,-0.056
11640,-0.027
11641,0.046
11642,-0.051
11643,-0.112
11644,-0.037
11645,0.01
11646,0.017
11647,0.007
11648,0.002
11649,0.081
11650,0.083
11651,0.051
11652,0.012
11653,0.068
11654,0.024
11655,0.095
11656,-0.015
11657,0.01
11658,0.032
11659,-0.032
11660,-0.073
11661,-0.012
11662,-0.11
11663,-0.095
11664,-0.022
11665,0.015
11666,-0.066
11667,-0.024
11668,0.081
11669,0.037
11670,-0.146
11671,0.049
11672,0.068
11673,-0.039
11674,0.022
11675,0.146
11676,0.032
11677,-0.061
11678,0.005
11679,0.061
11680,-0.042
11681,0.039
11682,0.02
11683,-0.09
11684,-0.02
11685,0.002
11686,-0.066
11687,-0.068
11688,-0.1
11689,-0.002
11690,0.017
11691,0.0
11692,0.056
11693,-0.007
11694,0.002
11695,0.015
11696,-0.005
11697,-0.063
11698,-0.007
11699,0.012
11700,-0.051
11701,-0.129
11702,-0.044
11703,0.0
11704,-0.144
11705,0.073
11706,0.073
11707,0.017
11708,0.017
11709,-0.042
11710,0.093
11711,0.137
11712,0.02
11713,-0.024
11714,0.029
11715,0.127
11716,0.103
11717,0.051
11718,0.103
11719,0.002
11720,-0.193
11721,-0.046
11722,-0.044
11723,-0.183
11724,0.044
11725,0.042
11726,-0.183
11727,-0.154
11728,0.054
11729,0.02
11730,-0.095
11731,-0.046
11732,0.034
11733,-0.027
11734,-0.012
11735,0.049
11736,-0.01
11737,0.022
11738,-0.042
11739,0.002
11740,-0.005
11741,0.042
11742,0.105
11743,-0.02
11744,0.034
11745,-0.093
11746,0.039
11747,0.195
11748,-0.146
11749,-0.095
11750,0.103
11751,0.063
11752,0.037
11753,0.1
11754,0.027
11755,0.146
11756,-0.042
11757,-0.112
11758,-0.015
11759,-0.227
11760,-0.059
11761,-0.032
11762,-0.039
11763,-0.081
11764,0.017
11765,-0.042
11766,-0.083
11767,0.012
11768,0.015
11769,-0.02
11770,-0.085
11771,0.051
11772,0.095
11773,0.007
11774,0.093
11775,0.09
11776,0.002
11777,0.132
11778,0.122
11779,-0.054
11780,-0.054
11781,-0.046
11782,-0.032
11783,-0.017
11784,-0.071
11785,-0.034
11786,0.032
11787,-0.056
11788,-0.11
11789,-0.046
11790,0.044
11791,-0.071
11792,0.098
11793,0.129
11794,-0.112
11795,0.085
11796,0.051
11797,-0.015
11798,-0.1
11799,-0.034
11800,0.09
11801,0.027
11802,-0.146
11803,-0.049
11804,0.005
11805,-0.1
11806,-0.02
11807,-0.022
11808,-0.095
11809,-0.085
11810,-0.022
11811,0.042
11812,-0.066
11813,-0.078
11814,-0.007
11815,0.042
11816,0.029
11817,-0.059
11818,-0.032
11819,-0.081
11820,-0.01
11821,0.034
11822,-0.024
11823,0.005
11824,0.068
11825,0.051
11826,0.088
11827,0.051
11828,-0.105
11829,0.0
11830,0.002
11831,-0.037
11832,0.051
11833,0.11
11834,0.054
11835,0.017
11836,-0.066
11837,-0.002
11838,0.024
11839,-0.002
11840,0.012
11841,-0.042
11842,-0.056
11843,-0.071
11844,-0.068
11845,-0.076
11846,-0.049
11847,0.076
11848,0.066
11849,0.022
11850,-0.078
11851,-0.017
11852,-0.01
11853,0.1
11854,-0.032
11855,0.032
11856,0.056
11857,-0.037
11858,0.037
11859,-0.066
11860,-0.049
11861,0.02
11862,-0.015
11863,-0.012
11864,-0.002
11865,-0.063
11866,-0.02
11867,-0.044
11868,-0.061
11869,-0.088
11870,-0.054
11871,0.093
11872,0.007
11873,0.044
11874,0.044
11875,0.059
11876,0.012
11877,0.032
11878,0.103
11879,0.002
11880,0.085
11881,0.056
11882,0.059
11883,-0.015
11884,0.005
11885,-0.139
11886,-0.042
11887,0.044
11888,-0.005
11889,-0.112
11890,-0.125
11891,-0.054
11892,0.007
11893,0.022
11894,-0.056
11895,-0.044
11896,-0.044
11897,0.007
11898,-0.093
11899,-0.071
11900,0.02
11901,0.049
11902,0.042
11903,-0.051
11904,-0.098
11905,-0.171
11906,-0.083
11907,-0.015
11908,-0.054
11909,-0.081
11910,-0.09
11911,-0.012
11912,0.0
11913,-0.129
11914,-0.056
11915,0.015
11916,0.156
11917,0.054
11918,-0.002
11919,-0.042
11920,0.066
11921,-0.044
11922,0.017
11923,0.095
11924,0.09
11925,0.032
11926,-0.056
11927,-0.093
11928,-0.017
11929,-0.085
11930,-0.059
11931,0.015
11932,0.017
11933,0.007
11934,0.0
11935,0.005
11936,0.095
11937,0.071
11938,-0.007
11939,0.024
11940,0.056
11941,-0.005
11942,0.159
11943,0.078
11944,-0.002
11945,0.012
11946,-0.044
11947,0.11
11948,0.098
11949,0.029
11950,0.054
11951,0.122
11952,-0.051
11953,-0.127
11954,-0.007
11955,-0.039
11956,0.081
11957,0.042
11958,0.007
11959,-0.095
11960,0.046
11961,0.027
11962,0.012
11963,-0.056
11964,-0.042
11965,-0.029
11966,-0.034
11967,0.024
11968,-0.044
11969,-0.105
11970,-0.068
11971,-0.095
11972,-0.09
11973,0.005
11974,-0.022
11975,0.049
11976,-0.054
11977,0.044
11978,0.071
11979,0.076
11980,0.081
11981,0.081
11982,0.007
11983,0.149
11984,0.051
11985,0.046
11986,-0.034
11987,-0.11
11988,-0.078
11989,0.015
11990,-0.017
11991,-0.034
11992,0.002
11993,0.024
11994,0.024
11995,0.049
11996,0.027
11997,0.017
11998,-0.042
11999,0.059
12000,0.103
12001,0.024
12002,0.054
12003,0.002
12004,0.015
12005,-0.022
12006,0.039
12007,0.046
12008,0.022
12009,-0.046
12010,-0.02
12011,-0.078
12012,-0.073
12013,-0.002
12014,0.066
12015,0.039
12016,0.073
12017,0.005
12018,0.117
12019,0.105
12020,0.066
12021,-0.068
12022,0.046
12023,0.129
12024,0.051
12025,0.039
12026,0.01
12027,-0.068
12028,-0.066
12029,-0.005
12030,-0.129
12031,-0.1
12032,-0.046
12033,-0.027
12034,-0.01
12035,-0.088
12036,-0.083
12037,-0.085
12038,-0.02
12039,0.037
12040,-0.024
12041,-0.005
12042,0.002
12043,0.01
12044,0.132
12045,-0.063
12046,-0.137
12047,-0.027
12048,0.02
12049,0.051
12050,-0.037
12051,-0.056
12052,-0.029
12053,0.0
12054,0.022
12055,0.071
12056,0.029
12057,0.112
12058,0.046
12059,-0.002
12060,0.107
12061,0.083
12062,-0.017
12063,0.005
12064,-0.012
12065,0.103
12066,-0.029
12067,-0.027
12068,-0.007
12069,-0.073
12070,0.042
12071,-0.125
12072,-0.125
12073,0.012
12074,-0.125
12075,-0.09
12076,-0.142
12077,0.034
12078,-0.005
12079,-0.129
12080,0.085
12081,-0.022
12082,0.054
12083,-0.02
12084,-0.015
12085,-0.034
12086,0.095
12087,0.012
12088,-0.005
12089,-0.017
12090,0.005
12091,0.127
12092,0.068
12093,0.039
12094,0.117
12095,0.059
12096,0.029
12097,0.01
12098,-0.042
12099,0.056
12100,-0.081
12101,-0.017
12102,-0.022
12103,-0.061
12104,-0.09
12105,-0.115
12106,-0.095
12107,-0.161
12108,-0.115
12109,-0.042
12110,-0.11
12111,0.007
12112,-0.01
12113,-0.061
12114,-0.081
12115,-0.066
12116,0.029
12117,0.044
12118,0.1
12119,0.129
12120,0.034
12121,0.042
12122,-0.029
12123,-0.022
12124,0.037
12125,0.007
12126,-0.085
12127,-0.083
12128,-0.068
12129,-0.056
12130,0.032
12131,-0.063
12132,-0.088
12133,-0.044
12134,-0.068
12135,-0.093
12136,-0.024
12137,0.02
12138,0.015
12139,-0.022
12140,-0.02
12141,-0.066
12142,0.066
12143,-0.027
12144,-0.002
12145,0.022
12146,-0.029
12147,0.059
12148,-0.051
12149,-0.066
12150,-0.015
12151,-0.085
12152,-0.073
12153,0.01
12154,-0.071
12155,0.039
12156,0.032
12157,-0.007
12158,-0.027
12159,0.0
12160,0.132
12161,-0.007
12162,-0.061
12163,-0.056
12164,0.061
12165,0.039
12166,-0.049
12167,-0.042
12168,-0.007
12169,-0.071
12170,-0.083
12171,-0.107
12172,-0.071
12173,-0.073
12174,-0.193
12175,-0.042
12176,0.002
12177,-0.002
12178,-0.103
12179,0.071
12180,-0.046
12181,0.042
12182,0.061
12183,0.049
12184,0.068
12185,0.005
12186,0.1
12187,0.002
12188,-0.078
12189,0.049
12190,-0.078
12191,-0.068
12192,-0.029
12193,-0.046
12194,-0.054
12195,0.081
12196,0.007
12197,-0.046
12198,-0.044
12199,0.027
12200,0.022
12201,0.088
12202,0.066
12203,0.0
12204,0.112
12205,0.068
12206,0.095
12207,0.085
12208,0.01
12209,0.027
12210,0.012
12211,0.088
12212,0.049
12213,0.032
12214,-0.02
12215,-0.007
12216,-0.032
12217,0.022
12218,-0.061
12219,-0.066
12220,0.127
12221,0.068
12222,-0.015
12223,-0.005
12224,0.103
12225,0.144
12226,0.022
12227,-0.005
12228,0.032
12229,0.01
12230,-0.01
12231,0.071
12232,0.012
12233,-0.054
12234,-0.051
12235,0.027
12236,0.005
12237,0.093
12238,0.061
12239,-0.037
12240,-0.061
12241,0.09
12242,0.081
12243,-0.063
12244,0.015
12245,0.222
12246,0.059
12247,0.02
12248,0.078
12249,0.12
12250,0.029
12251,-0.088
12252,0.002
12253,0.071
12254,-0.054
12255,-0.01
12256,0.02
12257,-0.037
12258,-0.032
12259,-0.01
12260,0.032
12261,-0.027
12262,-0.024
12263,0.02
12264,-0.051
12265,-0.012
12266,0.066
12267,0.076
12268,0.02
12269,-0.012
12270,-0.042
12271,-0.002
12272,0.0
12273,0.049
12274,-0.042
12275,-0.051
12276,0.046
12277,0.139
12278,0.029
12279,-0.039
12280,0.068
12281,0.125
12282,-0.029
12283,0.042
12284,0.154
12285,-0.007
12286,-0.012
12287,0.054
12288,0.063
12289,0.012
12290,0.01
12291,0.027
12292,0.09
12293,-0.115
12294,-0.054
12295,0.022
12296,-0.156
12297,-0.056
12298,0.098
12299,0.037
12300,-0.005
12301,-0.059
12302,0.012
12303,0.09
12304,-0.029
12305,0.012
12306,0.083
12307,0.105
12308,0.022
12309,-0.027
12310,0.129
12311,0.039
12312,-0.081
12313,0.027
12314,-0.015
12315,0.059
12316,-0.066
12317,0.042
12318,-0.054
12319,0.066
12320,0.11
12321,0.024
12322,0.061
12323,0.188
12324,0.027
12325,-0.044
12326,0.078
12327,0.056
12328,-0.01
12329,-0.015
12330,0.034
12331,0.056
12332,-0.044
12333,-0.024
12334,0.022
12335,-0.034
12336,-0.1
12337,-0.017
12338,-0.044
12339,-0.032
12340,0.034
12341,0.129
12342,0.046
12343,-0.042
12344,0.103
12345,0.063
12346,0.017
12347,-0.029
12348,-0.002
12349,0.027
12350,0.088
12351,0.056
12352,-0.015
12353,-0.063
12354,-0.002
12355,0.078
12356,-0.166
12357,0.005
12358,0.063
12359,-0.095
12360,0.002
12361,0.107
12362,0.073
12363,0.02
12364,0.156
12365,0.156
12366,0.051
12367,-0.037
12368,0.039
12369,0.095
12370,0.015
12371,-0.037
12372,0.085
12373,-0.032
12374,-0.059
12375,0.037
12376,-0.034
12377,-0.115
12378,-0.034
12379,0.1
12380,-0.002
12381,-0.11
12382,-0.063
12383,-0.022
12384,0.022
12385,-0.01
12386,-0.022
12387,0.039
12388,-0.022
12389,-0.024
12390,-0.012
12391,-0.063
12392,-0.149
12393,0.027
12394,-0.017
12395,-0.015
12396,-0.085
12397,0.039
12398,0.188
12399,-0.002
12400,-0.11
12401,0.125
12402,0.129
12403,0.095
12404,0.11
12405,0.02
12406,0.061
12407,0.005
12408,0.12
12409,-0.015
12410,-0.002
12411,0.1
12412,-0.005
12413,0.005
12414,-0.01
12415,0.005
12416,-0.061
12417,-0.046
12418,-0.005
12419,0.034
12420,-0.022
12421,0.005
12422,0.093
12423,0.015
12424,-0.044
12425,0.098
12426,-0.063
12427,-0.081
12428,-0.037
12429,-0.066
12430,-0.049
12431,-0.129
12432,0.085
12433,-0.024
12434,-0.061
12435,0.007
12436,-0.083
12437,0.01
12438,-0.088
12439,-0.024
12440,-0.01
12441,0.029
12442,0.034
12443,-0.049
12444,0.032
12445,-0.078
12446,0.071
12447,0.144
12448,0.112
12449,-0.034
12450,-0.002
12451,0.117
12452,0.022
12453,-0.02
12454,-0.039
12455,0.029
12456,-0.071
12457,-0.081
12458,-0.051
12459,0.02
12460,-0.046
12461,0.02
12462,0.032
12463,-0.056
12464,0.115
12465,0.02
12466,0.085
12467,0.0
12468,-0.046
12469,0.044
12470,0.01
12471,-0.076
12472,-0.061
12473,0.1
12474,-0.049
12475,-0.056
12476,-0.042
12477,0.022
12478,-0.01
12479,-0.159
12480,-0.002
12481,0.085
12482,-0.015
12483,-0.059
12484,-0.042
12485,0.002
12486,0.063
12487,-0.029
12488,0.078
12489,-0.02
12490,0.061
12491,0.022
12492,-0.032
12493,0.027
12494,-0.093
12495,0.061
12496,0.076
12497,-0.107
12498,-0.146
12499,-0.061
12500,-0.151
12501,-0.054
12502,-0.083
12503,-0.107
12504,-0.042
12505,-0.032
12506,-0.088
12507,-0.068
12508,0.017
12509,-0.059
12510,0.029
12511,0.022
12512,-0.081
12513,-0.02
12514,-0.049
12515,-0.002
12516,-0.034
12517,-0.093
12518,0.054
12519,-0.01
12520,-0.122
12521,-0.007
12522,0.068
12523,-0.059
12524,-0.083
12525,0.037
12526,-0.005
12527,0.012
12528,0.078
12529,-0.015
12530,0.02
12531,0.027
12532,-0.017
12533,0.037
12534,0.027
12535,-0.015
12536,-0.015
12537,-0.015
12538,0.061
12539,0.01
12540,0.02
12541,0.044
12542,-0.095
12543,-0.039
12544,0.0
12545,0.015
12546,0.115
12547,0.063
12548,-0.056
12549,-0.046
12550,-0.056
12551,0.0
12552,-0.037
12553,-0.032
12554,-0.049
12555,-0.039
12556,-0.156
12557,-0.012
12558,0.039
12559,0.022
12560,-0.017
12561,-0.093
12562,0.0
12563,-0.002
12564,-0.061
12565,-0.034
12566,0.017
12567,0.005
12568,0.027
12569,0.0
12570,0.081
12571,0.034
12572,0.044
12573,0.039
12574,0.076
12575,-0.071
12576,-0.042
12577,-0.01
12578,-0.005
12579,-0.059
12580,-0.127
12581,-0.11
12582,-0.066
12583,-0.076
12584,-0.015
12585,0.02
12586,0.027
12587,-0.046
12588,0.088
12589,-0.105
12590,-0.103
12591,0.02
12592,-0.002
12593,-0.044
12594,-0.054
12595,0.005
12596,0.01
12597,-0.161
12598,-0.105
12599,-0.054
12600,-0.002
12601,0.015
12602,0.02
12603,-0.029
12604,-0.037
12605,-0.002
12606,-0.012
12607,-0.005
12608,0.049
12609,0.071
12610,0.017
12611,-0.078
12612,-0.044
12613,-0.056
12614,-0.007
12615,-0.088
12616,-0.11
12617,-0.039
12618,-0.044
12619,-0.063
12620,-0.083
12621,-0.027
12622,-0.161
12623,-0.056
12624,-0.085
12625,-0.115
12626,0.022
12627,0.076
12628,0.039
12629,0.056
12630,0.078
12631,-0.017
12632,0.068
12633,0.017
12634,-0.059
12635,-0.034
12636,-0.01
12637,0.039
12638,0.015
12639,-0.027
12640,0.012
12641,0.0
12642,-0.044
12643,-0.044
12644,0.046
12645,0.039
12646,-0.046
12647,-0.054
12648,-0.005
12649,-0.005
12650,-0.017
12651,0.049
12652,0.093
12653,0.02
12654,0.0
12655,-0.046
12656,0.083
12657,0.005
12658,-0.017
12659,0.115
12660,-0.051
12661,-0.002
12662,0.024
12663,-0.063
12664,-0.034
12665,-0.02
12666,0.032
12667,0.002
12668,0.034
12669,0.098
12670,0.005
12671,0.034
12672,0.068
12673,-0.034
12674,-0.063
12675,0.032
12676,0.007
12677,-0.068
12678,-0.129
12679,-0.024
12680,-0.032
12681,-0.081
12682,0.007
12683,-0.037
12684,-0.139
12685,0.015
12686,0.034
12687,-0.059
12688,-0.066
12689,0.071
12690,0.088
12691,-0.083
12692,0.027
12693,-0.002
12694,0.081
12695,0.059
12696,-0.027
12697,0.005
12698,-0.071
12699,-0.112
12700,-0.012
12701,0.017
12702,-0.061
12703,0.103
12704,0.078
12705,0.085
12706,0.088
12707,0.029
12708,0.046
12709,-0.015
12710,0.051
12711,0.154
12712,0.144
12713,0.032
12714,0.046
12715,0.039
12716,-0.002
12717,-0.081
12718,-0.034
12719,0.007
12720,0.042
12721,-0.073
12722,-0.042
12723,-0.022
12724,-0.083
12725,-0.071
12726,-0.002
12727,-0.024
12728,0.034
12729,0.078
12730,0.19
12731,-0.061
12732,-0.085
12733,-0.024
12734,0.046
12735,0.081
12736,-0.09
12737,-0.076
12738,-0.088
12739,-0.088
12740,-0.039
12741,-0.103
12742,-0.09
12743,-0.01
12744,-0.042
12745,-0.015
12746,-0.002
12747,0.01
12748,0.051
12749,-0.01
12750,-0.037
12751,0.054
12752,0.049
12753,0.1
12754,0.034
12755,0.044
12756,0.002
12757,-0.056
12758,-0.042
12759,-0.051
12760,-0.054
12761,-0.093
12762,-0.076
12763,-0.088
12764,-0.027
12765,-0.156
12766,-0.122
12767,-0.1
12768,-0.083
12769,0.071
12770,0.015
12771,-0.017
12772,0.037
12773,0.002
12774,0.037
12775,0.024
12776,0.042
12777,-0.022
12778,0.007
12779,-0.002
12780,0.015
12781,0.002
12782,-0.02
12783,-0.022
12784,-0.09
12785,-0.073
12786,-0.059
12787,-0.01
12788,-0.051
12789,-0.046
12790,0.029
12791,0.039
12792,0.005
12793,-0.049
12794,0.051
12795,0.095
12796,0.085
12797,0.027
12798,0.095
12799,0.044
12800,0.017
12801,0.093
12802,0.061
12803,0.002
12804,-0.027
12805,-0.017
12806,0.027
12807,0.054
12808,0.095
12809,-0.051
12810,-0.034
12811,0.107
12812,0.11
12813,0.129
12814,0.042
12815,0.061
12816,0.144
12817,0.02
12818,0.042
12819,0.051
12820,-0.017
12821,-0.02
12822,0.002
12823,0.032
12824,0.059
12825,0.117
12826,0.015
12827,0.005
12828,0.032
12829,0.061
12830,0.083
12831,0.044
12832,0.029
12833,0.061
12834,0.049
12835,0.056
12836,0.02
12837,-0.034
12838,0.051
12839,-0.022
12840,0.01
12841,-0.039
12842,0.083
12843,0.061
12844,-0.017
12845,0.071
12846,-0.037
12847,-0.063
12848,0.049
12849,0.01
12850,0.083
12851,0.11
12852,-0.01
12853,0.068
12854,-0.01
12855,-0.012
12856,0.007
12857,-0.032
12858,-0.034
12859,-0.037
12860,-0.098
12861,-0.024
12862,-0.088
12863,-0.034
12864,0.044
12865,-0.037
12866,-0.046
12867,-0.024
12868,0.007
12869,0.034
12870,0.044
12871,-0.032
12872,-0.093
12873,-0.1
12874,-0.056
12875,0.049
12876,-0.061
12877,0.056
12878,-0.054
12879,0.037
12880,0.01
12881,0.007
12882,0.0
12883,-0.088
12884,0.054
12885,0.066
12886,0.039
12887,0.017
12888,-0.042
12889,0.117
12890,0.132
12891,0.015
12892,0.098
12893,0.059
12894,0.088
12895,-0.012
12896,-0.066
12897,-0.002
12898,0.034
12899,0.073
12900,-0.042
12901,-0.015
12902,0.039
12903,0.032
12904,0.078
12905,-0.015
12906,0.051
12907,0.078
12908,-0.002
12909,0.042
12910,0.085
12911,0.059
12912,0.095
12913,-0.11
12914,-0.032
12915,0.098
12916,-0.029
12917,0.066
12918,0.083
12919,0.044
12920,0.076
12921,-0.046
12922,0.056
12923,0.073
12924,-0.002
12925,0.012
12926,0.029
12927,0.078
12928,0.061
12929,0.02
12930,0.051
12931,-0.056
12932,0.044
12933,0.139
12934,0.095
12935,-0.012
12936,-0.059
12937,0.007
12938,-0.061
12939,-0.032
12940,-0.017
12941,-0.098
12942,-0.083
12943,-0.059
12944,-0.12
12945,-0.11
12946,-0.068
12947,-0.071
12948,-0.156
12949,-0.139
12950,-0.002
12951,-0.085
12952,-0.103
12953,-0.022
12954,-0.1
12955,-0.049
12956,-0.007
12957,0.022
12958,-0.051
12959,-0.112
12960,-0.098
12961,-0.088
12962,-0.066
12963,-0.032
12964,0.015
12965,-0.076
12966,-0.061
12967,-0.027
12968,-0.037
12969,-0.032
12970,-0.012
12971,0.024
12972,-0.034
12973,0.029
12974,0.039
12975,-0.071
12976,-0.042
12977,-0.054
12978,-0.063
12979,-0.02
12980,-0.029
12981,-0.042
12982,-0.09
12983,-0.046
12984,-0.112
12985,-0.061
12986,-0.029
12987,0.022
12988,0.088
12989,0.007
12990,0.093
12991,0.068
12992,0.015
12993,0.127
12994,0.178
12995,0.178
12996,-0.037
12997,0.044
12998,0.171
12999,0.115
13000,0.044
13001,-0.054
13002,-0.076
13003,0.059
13004,-0.044
13005,0.0
13006,-0.083
13007,0.054
13008,0.093
13009,-0.071
13010,-0.01
13011,0.024
13012,0.054
13013,0.21
13014,0.007
13015,0.044
13016,0.09
13017,-0.037
13018,0.01
13019,0.056
13020,0.024
13021,0.039
13022,-0.034
13023,0.012
13024,0.054
13025,0.037
13026,0.032
13027,0.034
13028,-0.093
13029,-0.061
13030,-0.061
13031,0.11
13032,-0.056
13033,-0.115
13034,0.056
13035,0.029
13036,-0.01
13037,0.024
13038,0.034
13039,0.034
13040,0.034
13041,0.154
13042,0.034
13043,-0.11
13044,-0.015
13045,-0.034
13046,-0.12
13047,-0.034
13048,-0.044
13049,-0.266
13050,-0.088
13051,0.027
13052,0.088
13053,-0.088
13054,-0.037
13055,0.042
13056,0.042
13057,-0.071
13058,-0.024
13059,0.027
13060,-0.061
13061,-0.037
13062,0.029
13063,-0.029
13064,0.051
13065,-0.085
13066,-0.061
13067,-0.029
13068,-0.081
13069,-0.056
13070,0.02
13071,0.002
13072,0.0
13073,-0.037
13074,-0.09
13075,0.049
13076,0.078
13077,0.132
13078,0.056
13079,0.127
13080,0.042
13081,0.054
13082,0.029
13083,0.115
13084,0.095
13085,0.137
13086,0.081
13087,-0.039
13088,-0.005
13089,0.037
13090,0.017
13091,-0.09
13092,0.066
13093,0.085
13094,-0.088
13095,0.083
13096,-0.002
13097,-0.012
13098,0.017
13099,0.029
13100,0.01
13101,0.042
13102,0.054
13103,-0.076
13104,-0.051
13105,0.09
13106,0.122
13107,0.005
13108,0.02
13109,0.007
13110,0.044
13111,0.129
13112,0.042
13113,0.063
13114,0.039
13115,-0.002
13116,0.054
13117,0.039
13118,0.012
13119,0.112
13120,0.178
13121,-0.015
13122,-0.066
13123,-0.125
13124,-0.059
13125,-0.068
13126,-0.144
13127,0.039
13128,-0.054
13129,-0.022
13130,-0.054
13131,-0.005
13132,0.063
13133,0.029
13134,-0.007
13135,0.083
13136,0.071
13137,0.049
13138,0.105
13139,0.081
13140,0.056
13141,0.073
13142,-0.02
13143,-0.076
13144,-0.029
13145,-0.01
13146,-0.078
13147,-0.073
13148,-0.002
13149,-0.046
13150,0.032
13151,0.068
13152,0.024
13153,0.032
13154,0.073
13155,-0.024
13156,-0.007
13157,-0.042
13158,0.042
13159,0.107
13160,0.024
13161,0.022
13162,0.056
13163,0.024
13164,-0.085
13165,0.056
13166,-0.024
13167,0.027
13168,-0.083
13169,-0.059
13170,0.083
13171,-0.017
13172,0.032
13173,-0.056
13174,-0.024
13175,0.073
13176,0.073
13177,-0.01
13178,0.071
13179,0.044
13180,0.002
13181,0.027
13182,0.037
13183,-0.012
13184,0.1
13185,0.078
13186,-0.017
13187,0.029
13188,0.166
13189,-0.037
13190,-0.012
13191,-0.107
13192,-0.063
13193,0.015
13194,-0.039
13195,-0.024
13196,-0.015
13197,-0.017
13198,0.161
13199,0.034
13200,0.083
13201,0.146
13202,0.024
13203,0.049
13204,-0.066
13205,-0.103
13206,-0.005
13207,-0.037
13208,0.02
13209,-0.029
13210,0.081
13211,0.051
13212,0.032
13213,0.042
13214,0.01
13215,-0.042
13216,-0.005
13217,0.046
13218,0.088
13219,0.083
13220,0.005
13221,-0.115
13222,-0.034
13223,0.103
13224,-0.032
13225,-0.022
13226,-0.049
13227,0.017
13228,-0.012
13229,0.0
13230,0.061
13231,0.002
13232,-0.007
13233,0.059
13234,0.09
13235,0.01
13236,0.027
13237,0.115
13238,0.137
13239,-0.017
13240,-0.071
13241,0.017
13242,-0.095
13243,-0.051
13244,-0.005
13245,-0.105
13246,-0.078
13247,-0.073
13248,-0.012
13249,-0.022
13250,-0.029
13251,-0.044
13252,-0.022
13253,-0.015
13254,0.01
13255,0.005
13256,-0.029
13257,0.051
13258,-0.007
13259,0.032
13260,0.024
13261,0.024
13262,-0.063
13263,-0.034
13264,-0.02
13265,-0.083
13266,-0.085
13267,-0.049
13268,-0.037
13269,-0.056
13270,-0.005
13271,0.085
13272,-0.005
13273,0.107
13274,0.059
13275,0.002
13276,0.039
13277,0.007
13278,-0.032
13279,0.012
13280,-0.051
13281,-0.044
13282,-0.054
13283,-0.078
13284,-0.081
13285,0.015
13286,-0.217
13287,-0.098
13288,-0.1
13289,-0.063
13290,-0.107
13291,-0.107
13292,0.0
13293,-0.105
13294,-0.042
13295,-0.029
13296,-0.042
13297,-0.059
13298,-0.015
13299,0.024
13300,-0.024
13301,-0.012
13302,-0.015
13303,-0.061
13304,-0.115
13305,-0.09
13306,-0.037
13307,-0.1
13308,-0.142
13309,-0.044
13310,-0.022
13311,-0.139
13312,-0.007
13313,0.024
13314,-0.027
13315,-0.081
13316,0.059
13317,-0.002
13318,0.078
13319,0.183
13320,0.032
13321,0.044
13322,0.039
13323,0.017
13324,0.068
13325,-0.051
13326,0.007
13327,-0.015
13328,-0.083
13329,-0.088
13330,-0.083
13331,-0.059
13332,-0.027
13333,-0.059
13334,-0.107
13335,-0.068
13336,0.039
13337,0.078
13338,-0.042
13339,-0.032
13340,-0.017
13341,-0.039
13342,0.066
13343,-0.027
13344,0.034
13345,0.0
13346,-0.076
13347,-0.063
13348,-0.061
13349,0.044
13350,-0.017
13351,-0.083
13352,0.002
13353,-0.039
13354,-0.056
13355,-0.056
13356,-0.039
13357,-0.044
13358,-0.12
13359,-0.022
13360,0.007
13361,0.01
13362,-0.039
13363,-0.083
13364,-0.088
13365,-0.049
13366,-0.071
13367,-0.095
13368,-0.002
13369,0.005
13370,-0.076
13371,-0.068
13372,-0.093
13373,-0.144
13374,-0.024
13375,-0.085
13376,-0.02
13377,0.012
13378,-0.122
13379,0.027
13380,-0.085
13381,-0.081
13382,0.088
13383,-0.032
13384,-0.042
13385,-0.017
13386,0.002
13387,-0.005
13388,-0.068
13389,-0.129
13390,-0.115
13391,-0.022
13392,0.017
13393,0.015
13394,-0.095
13395,0.081
13396,0.071
13397,-0.005
13398,-0.039
13399,-0.037
13400,0.01
13401,-0.073
13402,0.024
13403,0.032
13404,-0.046
13405,0.002
13406,-0.007
13407,-0.088
13408,-0.105
13409,-0.068
13410,-0.034
13411,-0.066
13412,-0.046
13413,0.017
13414,0.015
13415,0.1
13416,0.105
13417,0.034
13418,-0.039
13419,0.032
13420,0.012
13421,-0.032
13422,0.005
13423,0.076
13424,0.002
13425,0.027
13426,0.012
13427,-0.1
13428,-0.024
13429,-0.005
13430,-0.081
13431,-0.105
13432,0.02
13433,-0.02
13434,-0.09
13435,-0.127
13436,-0.054
13437,-0.012
13438,-0.012
13439,-0.024
13440,0.002
13441,0.032
13442,0.098
13443,0.059
13444,-0.012
13445,0.034
13446,0.105
13447,0.076
13448,-0.029
13449,0.085
13450,-0.039
13451,0.063
13452,0.059
13453,-0.032
13454,0.061
13455,-0.049
13456,0.037
13457,0.09
13458,-0.037
13459,0.122
13460,0.068
13461,-0.032
13462,0.11
13463,0.034
13464,-0.02
13465,0.076
13466,0.024
13467,-0.007
13468,-0.042
13469,0.061
13470,-0.017
13471,-0.137
13472,-0.044
13473,0.029
13474,-0.095
13475,-0.093
13476,-0.037
13477,-0.034
13478,0.024
13479,0.039
13480,0.01
13481,0.034
13482,-0.017
13483,0.049
13484,0.081
13485,0.027
13486,0.046
13487,-0.032
13488,0.039
13489,0.015
13490,-0.051
13491,-0.039
13492,0.054
13493,0.015
13494,-0.022
13495,0.002
13496,0.088
13497,0.015
13498,0.095
13499,0.212
13500,0.076
13501,-0.007
13502,0.054
13503,0.081
13504,-0.027
13505,-0.083
13506,0.066
13507,-0.061
13508,-0.005
13509,-0.051
13510,-0.037
13511,0.039
13512,0.088
13513,0.1
13514,0.017
13515,-0.029
13516,-0.044
13517,0.044
13518,0.161
13519,0.054
13520,0.022
13521,0.073
13522,0.066
13523,0.027
13524,0.005
13525,0.037
13526,0.098
13527,0.073
13528,-0.046
13529,-0.046
13530,0.054
13531,0.093
13532,0.156
13533,0.029
13534,0.063
13535,-0.015
13536,-0.042
13537,0.024
13538,0.005
13539,-0.117
13540,0.09
13541,-0.005
13542,-0.027
13543,0.002
13544,0.059
13545,-0.061
13546,-0.056
13547,-0.051
13548,-0.195
13549,-0.264
13550,-0.085
13551,-0.042
13552,0.0
13553,-0.044
13554,-0.1
13555,-0.063
13556,0.068
13557,-0.078
13558,0.017
13559,-0.022
13560,0.078
13561,0.034
13562,0.039
13563,-0.051
13564,-0.049
13565,-0.1
13566,0.095
13567,-0.039
13568,-0.168
13569,-0.083
13570,0.063
13571,0.044
13572,-0.088
13573,-0.027
13574,0.107
13575,-0.071
13576,0.122
13577,0.093
13578,0.042
13579,0.22
13580,0.188
13581,0.029
13582,0.046
13583,0.034
13584,0.176
13585,0.081
13586,-0.039
13587,0.076
13588,0.012
13589,0.029
13590,0.0
13591,-0.063
13592,-0.044
13593,0.037
13594,0.061
13595,-0.039
13596,-0.151
13597,0.063
13598,0.056
13599,0.168
13600,0.12
13601,-0.049
13602,0.083
13603,0.112
13604,0.156
13605,0.1
13606,-0.032
13607,0.027
13608,0.066
13609,0.027
13610,0.046
13611,0.149
13612,0.051
13613,-0.012
13614,-0.12
13615,0.015
13616,0.093
13617,-0.01
13618,0.117
13619,0.073
13620,-0.068
13621,-0.073
13622,0.015
13623,0.054
13624,-0.012
13625,-0.044
13626,0.078
13627,0.061
13628,-0.059
13629,-0.134
13630,-0.02
13631,-0.027
13632,-0.068
13633,-0.002
13634,0.076
13635,-0.164
13636,-0.005
13637,0.132
13638,0.107
13639,-0.01
13640,0.051
13641,0.034
13642,0.173
13643,-0.073
13644,0.046
13645,0.002
13646,-0.081
13647,0.059
13648,-0.02
13649,-0.164
13650,-0.11
13651,-0.056
13652,-0.039
13653,-0.19
13654,-0.137
13655,-0.107
13656,-0.005
13657,0.024
13658,-0.042
13659,0.015
13660,-0.007
13661,0.095
13662,0.122
13663,-0.034
13664,0.107
13665,0.107
13666,0.015
13667,0.042
13668,0.051
13669,0.007
13670,0.032
13671,0.046
13672,-0.076
13673,-0.022
13674,-0.024
13675,0.002
13676,0.007
13677,-0.088
13678,0.049
13679,0.042
13680,0.071
13681,0.015
13682,0.051
13683,-0.01
13684,-0.017
13685,0.068
13686,0.054
13687,-0.002
13688,-0.007
13689,-0.042
13690,-0.071
13691,-0.071
13692,0.061
13693,-0.022
13694,-0.073
13695,0.02
13696,-0.093
13697,-0.085
13698,-0.002
13699,0.144
13700,0.178
13701,0.002
13702,0.0
13703,0.039
13704,0.203
13705,0.193
13706,0.076
13707,0.144
13708,0.132
13709,0.186
13710,-0.042
13711,0.046
13712,0.103
13713,0.037
13714,0.027
13715,-0.017
13716,-0.007
13717,-0.032
13718,0.027
13719,0.007
13720,0.0
13721,0.032
13722,0.007
13723,-0.156
13724,0.039
13725,0.129
13726,0.012
13727,-0.115
13728,0.015
13729,0.076
13730,-0.105
13731,-0.12
13732,-0.061
13733,0.002
13734,-0.007
13735,-0.015
13736,-0.183
13737,-0.095
13738,-0.032
13739,0.002
13740,-0.027
13741,-0.049
13742,0.051
13743,-0.029
13744,0.007
13745,0.061
13746,0.083
13747,0.071
13748,0.032
13749,0.022
13750,0.042
13751,-0.046
13752,-0.112
13753,0.024
13754,-0.012
13755,-0.103
13756,-0.01
13757,0.054
13758,-0.007
13759,-0.002
13760,0.022
13761,-0.059
13762,0.049
13763,-0.034
13764,-0.093
13765,0.01
13766,-0.054
13767,0.068
13768,0.142
13769,0.002
13770,-0.034
13771,0.088
13772,-0.002
13773,0.071
13774,-0.046
13775,-0.103
13776,0.032
13777,-0.034
13778,0.002
13779,0.039
13780,0.105
13781,0.11
13782,0.0
13783,0.095
13784,-0.007
13785,0.017
13786,0.059
13787,0.066
13788,0.037
13789,-0.022
13790,0.032
13791,-0.002
13792,-0.159
13793,0.005
13794,-0.039
13795,-0.034
13796,-0.022
13797,0.068
13798,0.098
13799,-0.054
13800,0.112
13801,0.083
13802,0.1
13803,0.056
13804,0.122
13805,0.071
13806,-0.022
13807,0.051
13808,-0.083
13809,-0.093
13810,-0.081
13811,-0.034
13812,-0.12
13813,-0.115
13814,-0.134
13815,-0.012
13816,-0.027
13817,-0.281
13818,-0.073
13819,-0.012
13820,-0.034
13821,-0.027
13822,0.054
13823,0.01
13824,0.005
13825,0.032
13826,0.005
13827,0.103
13828,0.032
13829,0.12
13830,-0.015
13831,-0.002
13832,-0.005
13833,-0.022
13834,-0.066
13835,-0.078
13836,0.0
13837,-0.049
13838,-0.127
13839,-0.005
13840,-0.002
13841,-0.049
13842,0.076
13843,0.066
13844,-0.049
13845,-0.012
13846,0.059
13847,0.015
13848,0.024
13849,0.022
13850,0.0
13851,-0.059
13852,-0.115
13853,0.09
13854,-0.01
13855,-0.073
13856,-0.039
13857,-0.037
13858,-0.042
13859,-0.049
13860,0.039
13861,-0.046
13862,-0.01
13863,0.037
13864,0.178
13865,0.032
13866,0.01
13867,0.056
13868,-0.054
13869,0.081
13870,0.032
13871,0.056
13872,-0.063
13873,0.029
13874,0.024
13875,-0.054
13876,-0.105
13877,-0.115
13878,-0.034
13879,-0.027
13880,-0.049
13881,-0.066
13882,-0.037
13883,-0.127
13884,0.049
13885,0.039
13886,0.015
13887,0.002
13888,0.02
13889,0.017
13890,-0.107
13891,0.029
13892,-0.032
13893,0.02
13894,-0.073
13895,-0.122
13896,-0.061
13897,-0.149
13898,-0.129
13899,-0.093
13900,-0.027
13901,0.007
13902,-0.044
13903,-0.051
13904,0.071
13905,0.088
13906,-0.02
13907,0.012
13908,0.015
13909,-0.061
13910,-0.02
13911,0.034
13912,-0.024
13913,-0.034
13914,-0.081
13915,-0.071
13916,-0.129
13917,-0.068
13918,-0.015
13919,-0.071
13920,-0.151
13921,-0.046
13922,0.029
13923,0.068
13924,0.0
13925,0.046
13926,0.005
13927,0.1
13928,-0.029
13929,-0.005
13930,-0.015
13931,-0.042
13932,-0.056
13933,-0.081
13934,-0.125
13935,-0.044
13936,-0.09
13937,-0.061
13938,-0.117
13939,-0.134
13940,0.037
13941,-0.066
13942,-0.007
13943,-0.037
13944,-0.029
13945,0.027
13946,0.037
13947,0.056
13948,0.02
13949,0.0
13950,-0.042
13951,0.0
13952,-0.024
13953,0.059
13954,0.039
13955,-0.173
13956,-0.107
13957,-0.076
13958,-0.046
13959,-0.076
13960,-0.068
13961,-0.1
13962,-0.066
13963,-0.002
13964,-0.059
13965,0.027
13966,0.02
13967,0.068
13968,-0.022
13969,-0.044
13970,0.066
13971,0.024
13972,0.015
13973,-0.063
13974,-0.017
13975,-0.037
13976,-0.09
13977,-0.137
13978,0.017
13979,-0.081
13980,0.002
13981,-0.071
13982,-0.046
13983,-0.12
13984,0.02
13985,0.034
13986,0.042
13987,0.039
13988,-0.039
13989,0.005
13990,-0.01
13991,0.029
13992,0.039
13993,0.032
13994,-0.039
13995,-0.076
13996,0.034
13997,-0.022
13998,0.032
13999,-0.007
14000,-0.017
14001,-0.044
14002,0.073
14003,-0.125
14004,0.017
14005,0.088
14006,0.039
14007,-0.002
14008,-0.029
14009,0.061
14010,0.022
14011,0.081
14012,0.0
14013,0.01
14014,0.051
14015,0.002
14016,-0.051
14017,-0.056
14018,-0.002
14019,-0.103
14020,-0.066
14021,-0.063
14022,0.151
14023,0.037
14024,-0.012
14025,0.002
14026,0.002
14027,0.117
14028,-0.005
14029,0.059
14030,0.063
14031,-0.017
14032,-0.017
14033,0.029
14034,0.049
14035,-0.034
14036,-0.042
14037,-0.002
14038,0.054
14039,-0.039
14040,-0.012
14041,-0.042
14042,-0.132
14043,0.012
14044,0.068
14045,-0.02
14046,-0.015
14047,0.134
14048,0.071
14049,0.071
14050,-0.049
14051,0.061
14052,0.005
14053,-0.066
14054,0.002
14055,-0.032
14056,0.024
14057,0.012
14058,-0.015
14059,-0.039
14060,-0.112
14061,-0.007
14062,0.017
14063,-0.02
14064,0.059
14065,0.083
14066,0.037
14067,0.029
14068,0.01
14069,0.051
14070,0.005
14071,0.007
14072,0.081
14073,0.081
14074,-0.032
14075,-0.017
14076,-0.029
14077,-0.083
14078,-0.081
14079,-0.12
14080,-0.051
14081,-0.061
14082,-0.083
14083,-0.01
14084,-0.015
14085,-0.034
14086,0.098
14087,0.081
14088,0.0
14089,0.007
14090,0.051
14091,0.095
14092,0.005
14093,0.034
14094,-0.005
14095,-0.095
14096,0.0
14097,-0.032
14098,-0.037
14099,-0.015
14100,-0.027
14101,0.073
14102,0.012
14103,-0.134
14104,-0.005
14105,0.071
14106,0.032
14107,0.059
14108,0.034
14109,0.054
14110,0.01
14111,0.022
14112,0.073
14113,0.066
14114,0.051
14115,0.09
14116,0.056
14117,0.054
14118,0.02
14119,-0.032
14120,-0.002
14121,-0.066
14122,0.032
14123,-0.01
14124,0.032
14125,0.059
14126,-0.071
14127,-0.002
14128,-0.039
14129,-0.034
14130,0.095
14131,-0.007
14132,-0.049
14133,0.083
14134,-0.01
14135,0.066
14136,0.02
14137,-0.051
14138,0.01
14139,-0.024
14140,0.112
14141,0.029
14142,0.029
14143,0.066
14144,0.095
14145,0.071
14146,0.017
14147,0.061
14148,0.056
14149,0.076
14150,0.115
14151,0.09
14152,-0.015
14153,0.015
14154,-0.002
14155,-0.063
14156,-0.024
14157,0.032
14158,-0.068
14159,-0.076
14160,-0.129
14161,-0.225
14162,-0.066
14163,-0.107
14164,-0.042
14165,-0.093
14166,0.002
14167,0.095
14168,0.034
14169,-0.024
14170,0.032
14171,0.042
14172,0.032
14173,0.105
14174,0.066
14175,-0.071
14176,-0.032
14177,-0.015
14178,-0.029
14179,-0.115
14180,-0.063
14181,0.056
14182,0.115
14183,-0.151
14184,-0.083
14185,0.085
14186,0.029
14187,-0.024
14188,0.005
14189,0.154
14190,0.022
14191,0.017
14192,0.061
14193,-0.002
14194,0.005
14195,-0.02
14196,-0.012
14197,-0.005
14198,-0.127
14199,-0.061
14200,-0.051
14201,-0.051
14202,-0.063
14203,-0.093
14204,0.02
14205,0.042
14206,0.007
14207,0.005
14208,0.034
14209,0.149
14210,0.059
14211,0.129
14212,0.042
14213,0.051
14214,0.007
14215,0.034
14216,0.017
14217,0.032
14218,-0.01
14219,-0.007
14220,0.085
14221,0.039
14222,-0.129
14223,-0.039
14224,0.144
14225,-0.056
14226,-0.002
14227,0.034
14228,0.022
14229,-0.056
14230,-0.005
14231,0.034
14232,0.09
14233,0.029
14234,0.127
14235,0.051
14236,-0.037
14237,0.068
14238,0.039
14239,0.007
14240,-0.039
14241,-0.095
14242,0.039
14243,0.02
14244,-0.081
14245,-0.085
14246,-0.015
14247,0.032
14248,-0.046
14249,0.024
14250,-0.002
14251,-0.027
14252,-0.042
14253,0.017
14254,-0.059
14255,-0.056
14256,0.005
14257,0.034
14258,0.032
14259,-0.063
14260,-0.083
14261,-0.01
14262,-0.039
14263,-0.046
14264,-0.034
14265,-0.024
14266,-0.103
14267,-0.02
14268,0.046
14269,-0.051
14270,-0.134
14271,-0.068
14272,0.037
14273,0.005
14274,-0.063
14275,0.0
14276,0.005
14277,0.054
14278,0.01
14279,0.046
14280,0.007
14281,-0.017
14282,0.085
14283,0.063
14284,-0.02
14285,-0.002
14286,0.093
14287,0.005
14288,-0.017
14289,-0.029
14290,-0.002
14291,0.093
14292,0.017
14293,0.007
14294,-0.051
14295,0.071
14296,-0.002
14297,0.042
14298,0.112
14299,-0.049
14300,-0.017
14301,-0.007
14302,-0.015
14303,-0.027
14304,0.098
14305,0.112
14306,0.071
14307,-0.059
14308,0.042
14309,0.142
14310,-0.002
14311,0.132
14312,0.024
14313,0.032
14314,0.115
14315,0.11
14316,0.044
14317,0.024
14318,-0.022
14319,-0.032
14320,-0.093
14321,-0.12
14322,-0.044
14323,-0.134
14324,-0.112
14325,-0.012
14326,-0.017
14327,0.0
14328,-0.024
14329,0.017
14330,-0.02
14331,0.085
14332,-0.015
14333,-0.081
14334,0.073
14335,0.029
14336,0.034
14337,0.017
14338,0.02
14339,-0.076
14340,-0.154
14341,-0.183
14342,0.022
14343,-0.056
14344,0.0
14345,0.017
14346,-0.168
14347,-0.205
14348,0.122
14349,0.105
14350,0.01
14351,0.11
14352,0.122
14353,0.146
14354,0.029
14355,0.056
14356,0.071
14357,0.068
14358,0.107
14359,-0.005
14360,-0.071
14361,-0.029
14362,-0.037
14363,-0.032
14364,0.022
14365,0.034
14366,0.002
14367,0.088
14368,-0.015
14369,-0.005
14370,-0.024
14371,0.105
14372,0.061
14373,0.051
14374,0.066
14375,0.0
14376,0.107
14377,0.098
14378,0.024
14379,-0.044
14380,-0.037
14381,0.046
14382,-0.012
14383,-0.039
14384,-0.007
14385,-0.085
14386,-0.017
14387,-0.02
14388,0.0
14389,0.0
14390,-0.01
14391,0.083
14392,-0.012
14393,0.039
14394,0.122
14395,0.034
14396,0.139
14397,0.115
14398,0.1
14399,0.037
14400,0.002
14401,0.017
14402,0.059
14403,-0.01
14404,0.059
14405,0.015
14406,-0.012
14407,-0.046
14408,0.002
14409,-0.015
14410,0.103
14411,0.032
14412,-0.005
14413,0.103
14414,0.01
14415,-0.034
14416,-0.024
14417,-0.017
14418,0.015
14419,-0.005
14420,0.0
14421,-0.095
14422,-0.044
14423,-0.09
14424,-0.19
14425,-0.142
14426,0.002
14427,-0.007
14428,-0.01
14429,-0.012
14430,0.039
14431,0.063
14432,-0.059
14433,0.051
14434,0.032
14435,0.1
14436,0.068
14437,0.063
14438,-0.012
14439,-0.022
14440,-0.049
14441,0.034
14442,-0.002
14443,-0.056
14444,-0.042
14445,-0.037
14446,-0.125
14447,0.117
14448,0.046
14449,-0.032
14450,-0.056
14451,0.027
14452,0.049
14453,-0.044
14454,0.022
14455,0.137
14456,-0.017
14457,0.029
14458,-0.042
14459,-0.051
14460,0.032
14461,0.017
14462,-0.061
14463,-0.112
14464,-0.085
14465,0.017
14466,0.007
14467,-0.095
14468,0.059
14469,0.015
14470,0.039
14471,-0.002
14472,-0.034
14473,0.19
14474,0.054
14475,0.078
14476,0.12
14477,0.083
14478,0.085
14479,0.022
14480,0.032
14481,0.063
14482,-0.01
14483,-0.049
14484,-0.027
14485,0.015
14486,-0.098
14487,-0.164
14488,-0.073
14489,-0.022
14490,-0.1
14491,0.029
14492,0.059
14493,0.017
14494,-0.061
14495,0.015
14496,0.105
14497,0.044
14498,-0.015
14499,0.005
14500,-0.007
14501,-0.105
14502,-0.078
14503,0.005
14504,-0.017
14505,-0.039
14506,0.081
14507,-0.12
14508,-0.037
14509,0.02
14510,0.015
14511,0.083
14512,-0.051
14513,-0.02
14514,0.054
14515,-0.002
14516,-0.017
14517,0.027
14518,-0.032
14519,-0.054
14520,0.063
14521,-0.046
14522,-0.132
14523,-0.132
14524,0.012
14525,-0.083
14526,-0.203
14527,0.015
14528,0.024
14529,-0.059
14530,-0.103
14531,-0.107
14532,0.02
14533,-0.076
14534,-0.044
14535,0.061
14536,-0.02
14537,0.032
14538,0.02
14539,0.0
14540,0.037
14541,-0.098
14542,0.012
14543,-0.007
14544,-0.132
14545,-0.051
14546,-0.027
14547,-0.034
14548,-0.022
14549,0.017
14550,-0.037
14551,-0.034
14552,-0.059
14553,-0.042
14554,0.027
14555,-0.02
14556,0.005
14557,0.11
14558,0.059
14559,-0.042
14560,0.066
14561,0.049
14562,0.022
14563,-0.071
14564,0.056
14565,-0.002
14566,-0.151
14567,-0.066
14568,0.024
14569,-0.134
14570,-0.088
14571,-0.049
14572,-0.078
14573,0.012
14574,0.007
14575,0.022
14576,-0.061
14577,0.0
14578,0.149
14579,-0.061
14580,-0.063
14581,-0.164
14582,-0.046
14583,-0.095
14584,0.015
14585,-0.068
14586,-0.056
14587,-0.01
14588,-0.029
14589,-0.098
14590,-0.032
14591,0.032
14592,-0.085
14593,-0.046
14594,0.024
14595,0.037
14596,0.068
14597,-0.017
14598,-0.049
14599,-0.002
14600,-0.073
14601,-0.122
14602,-0.015
14603,0.022
14604,-0.061
14605,-0.037
14606,-0.103
14607,-0.022
14608,-0.161
14609,-0.049
14610,0.02
14611,-0.02
14612,-0.066
14613,-0.039
14614,-0.125
14615,-0.061
14616,-0.044
14617,0.051
14618,0.02
14619,-0.032
14620,-0.017
14621,0.01
14622,-0.049
14623,-0.12
14624,-0.054
14625,0.139
14626,0.002
14627,-0.105
14628,0.015
14629,0.081
14630,-0.134
14631,-0.173
14632,0.037
14633,0.093
14634,-0.076
14635,-0.059
14636,0.125
14637,0.071
14638,0.083
14639,0.059
14640,-0.022
14641,0.027
14642,-0.071
14643,-0.037
14644,0.049
14645,0.054
14646,0.071
14647,-0.022
14648,-0.017
14649,0.005
14650,-0.007
14651,-0.002
14652,-0.059
14653,0.0
14654,0.034
14655,-0.01
14656,-0.005
14657,0.007
14658,0.078
14659,0.103
14660,0.066
14661,0.002
14662,0.081
14663,0.098
14664,0.015
14665,0.015
14666,0.012
14667,0.027
14668,-0.029
14669,-0.029
14670,0.032
14671,0.051
14672,0.002
14673,-0.144
14674,-0.046
14675,0.049
14676,-0.032
14677,-0.02
14678,-0.051
14679,0.037
14680,-0.02
14681,0.005
14682,-0.034
14683,-0.122
14684,-0.063
14685,-0.073
14686,-0.061
14687,-0.085
14688,-0.103
14689,-0.042
14690,-0.159
14691,-0.107
14692,-0.015
14693,-0.007
14694,0.02
14695,-0.046
14696,-0.132
14697,-0.022
14698,0.005
14699,-0.024
14700,-0.073
14701,-0.005
14702,0.015
14703,-0.088
14704,-0.007
14705,-0.095
14706,-0.039
14707,-0.017
14708,0.007
14709,-0.085
14710,-0.024
14711,0.037
14712,-0.095
14713,-0.11
14714,0.007
14715,0.002
14716,0.068
14717,-0.002
14718,0.024
14719,0.039
14720,-0.007
14721,0.085
14722,0.02
14723,-0.007
14724,0.076
14725,0.022
14726,0.095
14727,0.149
14728,0.032
14729,-0.063
14730,-0.085
14731,-0.02
14732,-0.078
14733,-0.007
14734,-0.007
14735,-0.005
14736,-0.012
14737,0.046
14738,0.107
14739,0.12
14740,0.076
14741,0.081
14742,0.078
14743,0.081
14744,0.137
14745,0.024
14746,0.02
14747,0.068
14748,0.042
14749,0.059
14750,0.007
14751,-0.034
14752,0.068
14753,0.022
14754,-0.01
14755,-0.042
14756,-0.012
14757,0.039
14758,0.051
14759,0.078
14760,0.056
14761,0.088
14762,0.061
14763,0.034
14764,0.132
14765,-0.024
14766,-0.012
14767,-0.051
14768,-0.112
14769,-0.088
14770,-0.066
14771,-0.015
14772,0.061
14773,-0.117
14774,-0.015
14775,-0.027
14776,-0.154
14777,0.049
14778,0.137
14779,0.002
14780,-0.051
14781,0.032
14782,0.01
14783,-0.032
14784,-0.066
14785,0.017
14786,-0.034
14787,0.022
14788,0.032
14789,0.027
14790,-0.071
14791,-0.132
14792,0.027
14793,0.017
14794,-0.137
14795,-0.115
14796,-0.024
14797,-0.024
14798,0.027
14799,0.081
14800,0.056
14801,0.039
14802,0.083
14803,0.134
14804,0.012
14805,0.007
14806,0.09
14807,0.022
14808,0.034
14809,0.042
14810,0.015
14811,0.061
14812,0.049
14813,0.044
14814,0.088
14815,-0.049
14816,0.044
14817,0.105
14818,0.051
14819,0.061
14820,0.115
14821,0.166
14822,0.083
14823,0.073
14824,0.132
14825,-0.002
14826,0.049
14827,0.027
14828,0.085
14829,0.002
14830,-0.024
14831,0.095
14832,0.149
14833,-0.022
14834,0.061
14835,0.085
14836,0.078
14837,0.042
14838,0.029
14839,0.002
14840,0.081
14841,0.037
14842,-0.044
14843,0.061
14844,0.11
14845,0.024
14846,0.027
14847,-0.132
14848,0.012
14849,0.022
14850,0.085
14851,0.022
14852,-0.022
14853,0.012
14854,0.054
14855,-0.071
14856,0.02
14857,-0.007
14858,-0.01
14859,-0.046
14860,-0.046
14861,-0.027
14862,-0.144
14863,0.115
14864,-0.007
14865,-0.059
14866,-0.181
14867,-0.127
14868,-0.022
14869,-0.09
14870,-0.149
14871,-0.085
14872,-0.071
14873,0.007
14874,-0.129
14875,-0.027
14876,0.02
14877,-0.081
14878,0.022
14879,0.029
14880,-0.02
14881,0.044
14882,-0.002
14883,-0.056
14884,-0.1
14885,0.037
14886,-0.056
14887,-0.085
14888,0.007
14889,0.024
14890,0.02
14891,-0.073
14892,-0.024
14893,-0.022
14894,-0.017
14895,0.103
14896,-0.024
14897,0.01
14898,-0.012
14899,-0.061
14900,-0.029
14901,0.071
14902,-0.042
14903,0.0
14904,0.012
14905,-0.063
14906,0.032
14907,-0.015
14908,-0.039
14909,-0.083
14910,-0.168
14911,-0.063
14912,-0.015
14913,-0.085
14914,0.061
14915,0.005
14916,-0.051
14917,0.164
14918,0.044
14919,0.051
14920,0.042
14921,0.071
14922,0.085
14923,-0.002
14924,0.132
14925,0.093
14926,-0.029
14927,0.054
14928,0.032
14929,0.032
14930,-0.01
14931,-0.083
14932,-0.027
14933,-0.015
14934,0.0
14935,0.049
14936,-0.093
14937,0.059
14938,-0.063
14939,0.042
14940,0.142
14941,0.076
14942,0.029
14943,-0.012
14944,0.063
14945,0.005
14946,-0.02
14947,-0.024
14948,-0.1
14949,-0.132
14950,-0.054
14951,-0.078
14952,-0.103
14953,-0.068
14954,-0.037
14955,-0.066
14956,-0.078
14957,-0.098
14958,-0.034
14959,0.051
14960,0.007
14961,0.029
14962,-0.085
14963,-0.005
14964,0.059
14965,0.022
14966,-0.037
14967,-0.029
14968,0.017
14969,0.032
14970,0.066
14971,-0.061
14972,-0.137
14973,-0.134
14974,-0.046
14975,-0.1
14976,-0.059
14977,0.071
14978,-0.039
14979,-0.046
14980,-0.007
14981,-0.017
14982,0.005
14983,0.039
14984,-0.005
14985,0.022
14986,-0.083
14987,-0.005
14988,0.005
14989,-0.049
14990,-0.01
14991,-0.09
14992,-0.049
14993,-0.02
14994,0.02
14995,-0.029
14996,-0.024
14997,-0.007
14998,0.037
14999,0.024
15000,0.115
15001,0.076
15002,0.071
15003,0.117
15004,0.071
15005,0.0
15006,0.168
15007,0.117
15008,0.081
15009,0.049
15010,-0.032
15011,0.0
15012,0.01
15013,-0.061
15014,-0.056
15015,-0.059
15016,-0.156
15017,-0.059
15018,-0.1
15019,-0.034
15020,-0.015
15021,-0.015
15022,0.068
15023,0.02
15024,-0.015
15025,0.02
15026,-0.066
15027,-0.054
15028,-0.005
15029,0.061
15030,0.068
15031,-0.09
15032,-0.044
15033,0.093
15034,-0.017
15035,-0.051
15036,-0.071
15037,-0.007
15038,-0.056
15039,-0.09
15040,-0.02
15041,-0.066
15042,-0.071
15043,0.01
15044,0.063
15045,0.122
15046,-0.017
15047,0.022
15048,0.117
15049,0.005
15050,-0.049
15051,-0.022
15052,-0.015
15053,-0.063
15054,-0.034
15055,0.042
15056,-0.024
15057,-0.103
15058,-0.02
15059,0.007
15060,0.012
15061,-0.012
15062,0.024
15063,0.095
15064,0.029
15065,0.063
15066,0.146
15067,0.049
15068,-0.012
15069,-0.037
15070,0.073
15071,0.027
15072,-0.061
15073,-0.015
15074,0.139
15075,-0.01
15076,-0.071
15077,0.078
15078,0.076
15079,-0.134
15080,-0.029
15081,0.122
15082,0.083
15083,0.071
15084,0.01
15085,0.103
15086,0.037
15087,-0.083
15088,0.066
15089,0.105
15090,0.029
15091,-0.063
15092,0.027
15093,0.098
15094,-0.11
15095,0.029
15096,0.007
15097,-0.093
15098,0.034
15099,-0.01
15100,0.017
15101,0.02
15102,0.112
15103,0.081
15104,0.059
15105,0.12
15106,-0.007
15107,0.117
15108,0.095
15109,0.042
15110,0.095
15111,-0.007
15112,-0.015
15113,0.063
15114,-0.012
15115,-0.024
15116,-0.049
15117,-0.059
15118,0.024
15119,-0.054
15120,-0.015
15121,-0.017
15122,0.015
15123,0.078
15124,0.071
15125,-0.015
15126,-0.027
15127,0.054
15128,0.049
15129,-0.01
15130,-0.002
15131,0.029
15132,0.083
15133,0.044
15134,0.01
15135,-0.037
15136,-0.017
15137,0.005
15138,-0.095
15139,-0.032
15140,-0.112
15141,-0.024
15142,0.046
15143,0.02
15144,0.1
15145,-0.005
15146,0.142
15147,0.151
15148,-0.012
15149,0.037
15150,-0.005
15151,0.044
15152,0.005
15153,-0.015
15154,0.022
15155,-0.078
15156,0.071
15157,0.134
15158,-0.017
15159,-0.078
15160,-0.005
15161,0.061
15162,0.059
15163,0.051
15164,-0.02
15165,0.017
15166,0.093
15167,0.037
15168,0.002
15169,0.027
15170,-0.027
15171,0.044
15172,0.068
15173,0.0
15174,-0.032
15175,-0.037
15176,-0.044
15177,-0.017
15178,-0.061
15179,0.022
15180,0.02
15181,-0.029
15182,0.061
15183,-0.034
15184,0.032
15185,0.017
15186,0.032
15187,0.059
15188,-0.051
15189,0.005
15190,0.049
15191,0.005
15192,0.042
15193,-0.071
15194,-0.063
15195,-0.078
15196,-0.049
15197,-0.076
15198,-0.005
15199,0.1
15200,-0.002
15201,-0.012
15202,-0.02
15203,0.034
15204,0.024
15205,-0.085
15206,-0.059
15207,0.056
15208,-0.015
15209,0.007
15210,0.044
15211,-0.073
15212,-0.088
15213,0.01
15214,0.042
15215,0.015
15216,-0.022
15217,-0.005
15218,-0.024
15219,0.022
15220,0.005
15221,-0.083
15222,-0.022
15223,-0.046
15224,0.034
15225,0.029
15226,0.01
15227,0.044
15228,-0.051
15229,-0.005
15230,-0.054
15231,-0.024
15232,0.002
15233,-0.042
15234,-0.037
15235,-0.039
15236,-0.054
15237,-0.034
15238,-0.083
15239,0.037
15240,0.005
15241,0.046
15242,0.029
15243,-0.027
15244,0.051
15245,0.024
15246,-0.042
15247,0.09
15248,0.059
15249,0.1
15250,0.071
15251,-0.012
15252,-0.046
15253,0.061
15254,0.078
15255,-0.066
15256,-0.156
15257,0.054
15258,-0.015
15259,-0.02
15260,-0.12
15261,0.005
15262,0.093
15263,0.032
15264,-0.164
15265,0.0
15266,0.059
15267,0.024
15268,-0.044
15269,0.02
15270,-0.032
15271,-0.107
15272,-0.017
15273,-0.063
15274,-0.132
15275,-0.076
15276,0.034
15277,-0.042
15278,-0.02
15279,-0.007
15280,-0.051
15281,-0.085
15282,-0.095
15283,0.022
15284,-0.073
15285,0.005
15286,0.083
15287,0.073
15288,0.01
15289,-0.01
15290,-0.017
15291,-0.002
15292,0.095
15293,0.049
15294,-0.061
15295,-0.054
15296,-0.115
15297,-0.154
15298,-0.056
15299,0.005
15300,-0.051
15301,-0.088
15302,-0.139
15303,-0.051
15304,-0.11
15305,-0.002
15306,0.024
15307,0.034
15308,-0.005
15309,0.054
15310,0.0
15311,-0.044
15312,0.034
15313,-0.056
15314,-0.068
15315,-0.024
15316,0.039
15317,0.042
15318,-0.051
15319,-0.046
15320,-0.012
15321,-0.007
15322,-0.071
15323,-0.024
15324,-0.063
15325,0.11
15326,-0.049
15327,-0.027
15328,0.027
15329,0.068
15330,0.0
15331,-0.034
15332,0.005
15333,0.122
15334,-0.02
15335,-0.017
15336,-0.027
15337,-0.085
15338,-0.063
15339,-0.125
15340,0.022
15341,0.037
15342,-0.022
15343,0.063
15344,-0.012
15345,-0.051
15346,-0.012
15347,0.015
15348,0.017
15349,0.059
15350,0.076
15351,-0.015
15352,-0.02
15353,0.015
15354,-0.005
15355,-0.105
15356,0.054
15357,-0.059
15358,-0.051
15359,-0.015
15360,-0.022
15361,-0.024
15362,-0.061
15363,-0.005
15364,0.002
15365,0.068
15366,0.071
15367,0.078
15368,0.105
15369,0.022
15370,-0.007
15371,-0.029
15372,-0.002
15373,-0.059
15374,-0.068
15375,-0.159
15376,0.005
15377,-0.022
15378,-0.112
15379,-0.093
15380,-0.088
15381,-0.039
15382,-0.12
15383,-0.051
15384,-0.054
15385,-0.024
15386,-0.032
15387,-0.083
15388,-0.015
15389,-0.093
15390,-0.027
15391,0.076
15392,0.044
15393,-0.071
15394,-0.01
15395,-0.029
15396,0.02
15397,-0.032
15398,-0.078
15399,-0.09
15400,0.029
15401,-0.002
15402,-0.054
15403,-0.002
15404,0.037
15405,0.002
15406,-0.042
15407,0.017
15408,0.051
15409,0.007
15410,-0.022
15411,0.085
15412,0.107
15413,-0.046
15414,0.027
15415,-0.007
15416,0.039
15417,-0.066
15418,-0.042
15419,0.015
15420,-0.071
15421,-0.144
15422,-0.037
15423,-0.037
15424,-0.056
15425,0.034
15426,0.076
15427,0.068
15428,0.103
15429,0.146
15430,0.098
15431,0.034
15432,0.007
15433,0.103
15434,0.125
15435,-0.01
15436,-0.007
15437,0.049
15438,0.076
15439,0.056
15440,-0.002
15441,-0.015
15442,-0.061
15443,0.078
15444,0.093
15445,0.071
15446,0.044
15447,0.034
15448,0.073
15449,0.093
15450,0.046
15451,-0.051
15452,-0.022
15453,0.09
15454,0.083
15455,-0.051
15456,0.039
15457,-0.09
15458,0.068
15459,0.0
15460,-0.034
15461,-0.093
15462,0.056
15463,-0.037
15464,-0.029
15465,0.034
15466,-0.056
15467,0.02
15468,-0.042
15469,0.105
15470,0.088
15471,-0.054
15472,0.105
15473,-0.007
15474,0.076
15475,-0.076
15476,0.012
15477,0.032
15478,-0.088
15479,-0.042
15480,-0.081
15481,-0.051
15482,-0.032
15483,0.02
15484,0.068
15485,-0.083
15486,-0.024
15487,0.032
15488,0.098
15489,-0.032
15490,-0.085
15491,0.105
15492,0.11
15493,-0.059
15494,-0.059
15495,-0.049
15496,0.09
15497,0.0
15498,0.063
15499,0.007
15500,-0.017
15501,-0.02
15502,-0.068
15503,-0.088
15504,-0.002
15505,0.059
15506,-0.049
15507,0.056
15508,-0.015
15509,0.032
15510,0.061
15511,0.09
15512,-0.022
15513,0.034
15514,0.059
15515,-0.002
15516,0.024
15517,0.032
15518,0.0
15519,-0.01
15520,-0.029
15521,-0.032
15522,-0.139
15523,-0.068
15524,0.081
15525,0.081
15526,0.093
15527,0.071
15528,-0.024
15529,0.032
15530,0.1
15531,0.161
15532,0.063
15533,-0.054
15534,0.076
15535,0.012
15536,0.02
15537,-0.051
15538,-0.029
15539,0.037
15540,-0.083
15541,-0.068
15542,-0.056
15543,-0.088
15544,0.002
15545,-0.034
15546,-0.095
15547,-0.063
15548,-0.11
15549,-0.032
15550,-0.068
15551,-0.01
15552,0.0
15553,-0.029
15554,0.098
15555,0.046
15556,0.046
15557,0.002
15558,0.066
15559,-0.024
15560,-0.078
15561,-0.063
15562,-0.051
15563,-0.161
15564,-0.164
15565,0.032
15566,-0.117
15567,-0.107
15568,-0.01
15569,-0.134
15570,-0.164
15571,0.063
15572,-0.078
15573,-0.081
15574,0.059
15575,-0.039
15576,0.093
15577,0.01
15578,-0.034
15579,0.015
15580,0.02
15581,0.046
15582,-0.034
15583,-0.029
15584,-0.073
15585,-0.046
15586,-0.12
15587,-0.029
15588,0.029
15589,-0.071
15590,0.032
15591,-0.015
15592,-0.002
15593,0.164
15594,0.044
15595,0.024
15596,0.151
15597,0.085
15598,0.105
15599,0.083
15600,0.095
15601,0.132
15602,0.076
15603,0.112
15604,0.022
15605,0.078
15606,0.034
15607,-0.056
15608,0.005
15609,0.017
15610,0.078
15611,-0.024
15612,-0.103
15613,0.093
15614,0.11
15615,0.105
15616,0.159
15617,0.02
15618,0.02
15619,0.078
15620,0.017
15621,0.022
15622,-0.027
15623,0.081
15624,-0.007
15625,-0.01
15626,-0.122
15627,0.117
15628,0.034
15629,0.022
15630,0.042
15631,-0.012
15632,0.071
15633,0.112
15634,0.032
15635,0.059
15636,0.027
15637,-0.007
15638,0.027
15639,-0.015
15640,-0.071
15641,-0.044
15642,-0.054
15643,-0.012
15644,-0.11
15645,-0.068
15646,0.039
15647,0.056
15648,-0.034
15649,-0.105
15650,-0.046
15651,-0.017
15652,-0.044
15653,0.01
15654,0.039
15655,-0.061
15656,-0.115
15657,-0.081
15658,-0.024
15659,-0.112
15660,-0.071
15661,0.02
15662,-0.039
15663,0.015
15664,-0.066
15665,-0.061
15666,-0.081
15667,-0.015
15668,0.063
15669,-0.007
15670,-0.071
15671,-0.022
15672,0.066
15673,0.063
15674,0.005
15675,-0.005
15676,0.034
15677,0.032
15678,0.1
15679,0.017
15680,-0.037
15681,-0.046
15682,-0.103
15683,-0.164
15684,-0.103
15685,0.01
15686,0.017
15687,0.02
15688,-0.054
15689,-0.09
15690,0.049
15691,0.149
15692,0.081
15693,-0.039
15694,0.164
15695,0.215
15696,0.159
15697,0.076
15698,-0.015
15699,0.103
15700,-0.017
15701,-0.029
15702,0.029
15703,-0.12
15704,-0.029
15705,-0.032
15706,0.049
15707,0.142
15708,0.022
15709,-0.078
15710,-0.115
15711,0.015
15712,0.188
15713,0.105
15714,0.039
15715,-0.032
15716,0.044
15717,-0.061
15718,0.081
15719,0.056
15720,0.054
15721,0.002
15722,-0.022
15723,-0.107
15724,-0.076
15725,0.127
15726,0.044
15727,-0.01
15728,0.134
15729,0.02
15730,0.005
15731,0.122
15732,0.1
15733,0.054
15734,-0.015
15735,-0.007
15736,-0.029
15737,-0.042
15738,0.027
15739,-0.034
15740,-0.063
15741,-0.103
15742,0.01
15743,0.034
15744,0.0
15745,-0.115
15746,-0.154
15747,-0.054
15748,-0.093
15749,0.027
15750,0.063
15751,-0.063
15752,0.083
15753,-0.005
15754,-0.049
15755,-0.007
15756,-0.042
15757,0.005
15758,0.083
15759,0.017
15760,-0.007
15761,-0.11
15762,-0.105
15763,0.061
15764,-0.137
15765,-0.039
15766,-0.054
15767,-0.044
15768,-0.012
15769,-0.059
15770,0.01
15771,-0.032
15772,-0.146
15773,0.051
15774,-0.032
15775,-0.007
15776,-0.061
15777,-0.083
15778,-0.02
15779,0.046
15780,-0.095
15781,0.007
15782,0.007
15783,-0.051
15784,-0.081
15785,-0.032
15786,-0.012
15787,-0.056
15788,-0.09
15789,-0.029
15790,-0.049
15791,-0.078
15792,0.01
15793,0.09
15794,-0.01
15795,-0.032
15796,0.005
15797,0.051
15798,-0.088
15799,-0.02
15800,0.061
15801,0.005
15802,0.071
15803,0.059
15804,0.042
15805,0.02
15806,0.164
15807,0.054
15808,-0.168
15809,-0.176
15810,0.088
15811,-0.027
15812,-0.161
15813,-0.002
15814,0.076
15815,-0.127
15816,-0.088
15817,0.007
15818,0.068
15819,-0.024
15820,-0.022
15821,0.059
15822,0.076
15823,0.005
15824,-0.112
15825,-0.027
15826,-0.11
15827,-0.022
15828,-0.063
15829,-0.078
15830,-0.059
15831,-0.105
15832,-0.034
15833,-0.066
15834,-0.11
15835,-0.103
15836,-0.017
15837,0.037
15838,-0.029
15839,0.054
15840,0.068
15841,0.073
15842,-0.022
15843,0.051
15844,0.071
15845,0.01
15846,0.054
15847,0.063
15848,-0.007
15849,0.12
15850,-0.039
15851,0.007
15852,-0.015
15853,0.029
15854,0.068
15855,0.049
15856,0.049
15857,0.02
15858,0.034
15859,0.029
15860,-0.032
15861,0.068
15862,-0.017
15863,-0.002
15864,0.005
15865,-0.066
15866,0.024
15867,-0.063
15868,0.0
15869,-0.005
15870,-0.054
15871,-0.063
15872,-0.022
15873,-0.115
15874,-0.007
15875,-0.01
15876,0.051
15877,-0.11
15878,0.005
15879,-0.02
15880,-0.017
15881,0.022
15882,0.132
15883,-0.007
15884,0.061
15885,-0.012
15886,-0.002
15887,-0.01
15888,-0.083
15889,0.002
15890,-0.01
15891,-0.02
15892,0.007
15893,-0.034
15894,0.1
15895,0.01
15896,0.042
15897,0.0
15898,-0.034
15899,0.063
15900,0.01
15901,-0.005
15902,0.095
15903,0.081
15904,0.083
15905,0.122
15906,-0.005
15907,0.103
15908,0.02
15909,-0.083
15910,0.039
15911,0.066
15912,0.056
15913,0.088
15914,-0.02
15915,0.078
15916,-0.034
15917,-0.027
15918,-0.09
15919,0.022
15920,0.027
15921,-0.042
15922,-0.105
15923,-0.012
15924,0.027
15925,-0.044
15926,-0.071
15927,-0.09
15928,-0.034
15929,-0.093
15930,-0.078
15931,-0.051
15932,-0.044
15933,0.061
15934,0.007
15935,0.024
15936,0.042
15937,0.129
15938,0.129
15939,-0.002
15940,-0.007
15941,0.125
15942,0.066
15943,-0.056
15944,-0.015
15945,0.022
15946,-0.044
15947,-0.054
15948,0.073
15949,0.0
15950,-0.137
15951,-0.034
15952,-0.02
15953,-0.049
15954,0.044
15955,0.1
15956,0.022
15957,-0.049
15958,-0.073
15959,0.088
15960,0.051
15961,0.122
15962,0.02
15963,-0.054
15964,-0.039
15965,-0.024
15966,-0.024
15967,-0.017
15968,-0.139
15969,-0.142
15970,0.02
15971,-0.037
15972,-0.083
15973,-0.012
15974,-0.01
15975,-0.085
15976,-0.073
15977,0.029
15978,0.012
15979,-0.002
15980,-0.032
15981,-0.034
15982,0.034
15983,-0.022
15984,-0.002
15985,0.103
15986,-0.032
15987,-0.01
15988,0.039
15989,0.039
15990,0.017
15991,-0.029
15992,0.02
15993,0.11
15994,0.085
15995,-0.012
15996,-0.061
15997,0.066
15998,0.107
15999,0.022
16000,0.059
16001,-0.095
16002,-0.022
16003,0.032
16004,-0.039
16005,0.007
16006,-0.129
16007,-0.076
16008,0.012
16009,0.02
16010,-0.017
16011,0.103
16012,0.051
16013,-0.015
16014,0.022
16015,0.022
16016,0.1
16017,0.146
16018,0.098
16019,0.154
16020,0.071
16021,-0.034
16022,-0.042
16023,0.032
16024,0.129
16025,0.032
16026,0.063
16027,-0.012
16028,0.029
16029,0.076
16030,-0.071
16031,-0.034
16032,-0.034
16033,-0.017
16034,0.054
16035,-0.044
16036,-0.012
16037,0.044
16038,0.015
16039,-0.022
16040,0.098
16041,0.042
16042,0.095
16043,-0.122
16044,0.024
16045,0.039
16046,-0.029
16047,-0.034
16048,0.037
16049,-0.054
16050,-0.139
16051,-0.054
16052,0.042
16053,0.039
16054,0.037
16055,0.012
16056,0.115
16057,0.0
16058,-0.122
16059,0.049
16060,0.115
16061,0.007
16062,0.037
16063,0.085
16064,0.093
16065,-0.032
16066,-0.063
16067,-0.022
16068,-0.051
16069,-0.02
16070,0.049
16071,-0.073
16072,-0.022
16073,0.051
16074,-0.051
16075,0.005
16076,-0.117
16077,0.024
16078,-0.042
16079,-0.103
16080,0.015
16081,-0.127
16082,-0.039
16083,-0.015
16084,-0.076
16085,-0.032
16086,-0.042
16087,0.024
16088,-0.029
16089,-0.054
16090,-0.015
16091,-0.068
16092,-0.046
16093,-0.012
16094,0.059
16095,0.076
16096,-0.134
16097,0.024
16098,-0.056
16099,-0.073
16100,0.032
16101,-0.068
16102,-0.022
16103,0.037
16104,0.022
16105,-0.139
16106,-0.093
16107,-0.063
16108,-0.02
16109,-0.061
16110,-0.093
16111,-0.085
16112,-0.002
16113,0.093
16114,0.122
16115,0.051
16116,0.046
16117,0.078
16118,0.12
16119,0.12
16120,-0.034
16121,-0.039
16122,0.068
16123,0.088
16124,-0.1
16125,-0.066
16126,0.076
16127,-0.095
16128,-0.059
16129,-0.073
16130,-0.1
16131,-0.046
16132,0.0
16133,-0.012
16134,-0.002
16135,0.012
16136,0.034
16137,0.078
16138,0.037
16139,-0.073
16140,-0.012
16141,-0.049
16142,-0.034
16143,0.073
16144,0.09
16145,0.037
16146,-0.051
16147,-0.046
16148,0.005
16149,-0.078
16150,-0.132
16151,0.022
16152,0.054
16153,-0.005
16154,-0.007
16155,0.063
16156,-0.029
16157,-0.027
16158,-0.024
16159,0.01
16160,0.056
16161,0.051
16162,0.046
16163,-0.056
16164,-0.054
16165,0.042
16166,-0.044
16167,-0.076
16168,-0.059
16169,-0.078
16170,-0.046
16171,-0.156
16172,-0.129
16173,-0.066
16174,-0.105
16175,-0.068
16176,-0.024
16177,0.093
16178,0.049
16179,0.076
16180,-0.002
16181,-0.01
16182,0.0
16183,0.02
16184,0.01
16185,-0.066
16186,-0.002
16187,0.044
16188,0.063
16189,-0.039
16190,-0.015
16191,0.007
16192,-0.015
16193,-0.049
16194,-0.093
16195,-0.093
16196,0.015
16197,0.012
16198,-0.078
16199,0.042
16200,0.063
16201,0.022
16202,0.034
16203,0.015
16204,-0.005
16205,-0.039
16206,-0.039
16207,0.015
16208,-0.046
16209,-0.051
16210,0.007
16211,0.01
16212,0.005
16213,-0.007
16214,-0.056
16215,-0.09
16216,-0.032
16217,0.022
16218,0.095
16219,-0.012
16220,-0.066
16221,0.01
16222,-0.02
16223,-0.076
16224,-0.01
16225,-0.049
16226,-0.09
16227,0.007
16228,-0.044
16229,-0.042
16230,-0.017
16231,-0.039
16232,-0.073
16233,-0.002
16234,0.046
16235,-0.078
16236,-0.081
16237,-0.037
16238,0.012
16239,-0.022
16240,-0.005
16241,0.024
16242,0.061
16243,0.063
16244,0.034
16245,-0.046
16246,0.049
16247,-0.017
16248,-0.078
16249,-0.095
16250,0.042
16251,-0.076
16252,-0.129
16253,-0.034
16254,-0.066
16255,-0.012
16256,0.037
16257,-0.007
16258,-0.059
16259,-0.02
16260,0.051
16261,0.051
16262,0.054
16263,0.037
16264,0.051
16265,0.054
16266,0.049
16267,-0.002
16268,0.073
16269,0.027
16270,-0.015
16271,0.01
16272,-0.056
16273,-0.144
16274,0.015
16275,0.005
16276,-0.129
16277,-0.024
16278,0.078
16279,0.0
16280,0.049
16281,0.037
16282,-0.029
16283,0.042
16284,0.059
16285,-0.029
16286,0.017
16287,0.098
16288,0.01
16289,-0.039
16290,-0.046
16291,0.046
16292,0.098
16293,-0.071
16294,0.042
16295,0.005
16296,-0.068
16297,0.117
16298,0.024
16299,-0.093
16300,-0.042
16301,0.125
16302,0.093
16303,0.059
16304,0.093
16305,0.164
16306,-0.042
16307,-0.095
16308,-0.012
16309,-0.01
16310,0.1
16311,-0.024
16312,-0.098
16313,0.037
16314,0.105
16315,0.002
16316,0.051
16317,0.049
16318,0.029
16319,-0.017
16320,0.007
16321,0.029
16322,-0.042
16323,0.02
16324,0.061
16325,0.017
16326,0.068
16327,0.005
16328,0.024
16329,0.0
16330,-0.017
16331,-0.029
16332,-0.017
16333,-0.012
16334,-0.024
16335,0.049
16336,0.024
16337,0.015
16338,0.034
16339,0.085
16340,0.002
16341,0.015
16342,0.127
16343,-0.01
16344,-0.037
16345,-0.073
16346,-0.029
16347,-0.063
16348,-0.046
16349,-0.088
16350,-0.115
16351,-0.049
16352,0.02
16353,0.02
16354,-0.12
16355,-0.063
16356,-0.049
16357,-0.051
16358,0.037
16359,0.129
16360,0.015
16361,-0.073
16362,0.015
16363,0.181
16364,-0.051
16365,0.002
16366,0.11
16367,-0.01
16368,0.046
16369,-0.007
16370,0.066
16371,0.0
16372,-0.039
16373,-0.007
16374,-0.007
16375,-0.027
16376,0.015
16377,0.012
16378,-0.063
16379,0.015
16380,0.054
16381,0.056
16382,0.125
16383,-0.01
16384,0.029
16385,0.095
16386,0.029
16387,-0.017
16388,-0.039
16389,-0.024
16390,0.032
16391,0.029
16392,-0.032
16393,0.007
16394,-0.049
16395,-0.042
16396,0.034
16397,-0.015
16398,-0.022
16399,0.071
16400,-0.059
16401,0.068
16402,0.154
16403,0.11
16404,0.076
16405,0.044
16406,0.122
16407,0.015
16408,0.098
16409,-0.01
16410,-0.095
16411,0.0
16412,0.002
16413,0.02
16414,-0.015
16415,-0.034
16416,0.029
16417,-0.024
16418,0.002
16419,0.059
16420,0.056
16421,0.068
16422,0.061
16423,0.107
16424,0.139
16425,0.015
16426,0.01
16427,0.054
16428,0.015
16429,-0.027
16430,-0.093
16431,-0.039
16432,0.0
16433,-0.01
16434,0.051
16435,-0.042
16436,-0.017
16437,-0.051
16438,-0.027
16439,0.027
16440,0.056
16441,0.049
16442,0.042
16443,-0.037
16444,0.063
16445,0.149
16446,0.005
16447,-0.032
16448,-0.112
16449,-0.022
16450,0.015
16451,-0.044
16452,0.005
16453,-0.061
16454,0.012
16455,0.005
16456,0.02
16457,-0.09
16458,-0.039
16459,0.103
16460,0.088
16461,-0.02
16462,-0.068
16463,0.032
16464,0.09
16465,-0.034
16466,-0.042
16467,0.056
16468,0.137
16469,0.056
16470,-0.049
16471,0.024
16472,0.112
16473,0.11
16474,-0.022
16475,-0.146
16476,-0.039
16477,0.044
16478,0.0
16479,0.022
16480,-0.005
16481,-0.012
16482,0.034
16483,0.002
16484,0.012
16485,0.039
16486,-0.029
16487,0.005
16488,-0.012
16489,-0.007
16490,0.081
16491,-0.015
16492,-0.024
16493,-0.032
16494,0.02
16495,-0.078
16496,-0.015
16497,0.0
16498,-0.024
16499,-0.032
16500,-0.049
16501,0.068
16502,0.017
16503,-0.027
16504,0.056
16505,0.034
16506,0.137
16507,0.066
16508,0.029
16509,0.11
16510,0.056
16511,-0.059
16512,-0.022
16513,-0.032
16514,-0.071
16515,0.002
16516,0.056
16517,-0.029
16518,-0.042
16519,-0.093
16520,-0.005
16521,0.044
16522,0.024
16523,-0.002
16524,0.034
16525,0.1
16526,-0.032
16527,-0.007
16528,0.01
16529,0.024
16530,0.02
16531,0.005
16532,-0.01
16533,-0.037
16534,-0.039
16535,0.051
16536,0.029
16537,-0.049
16538,-0.044
16539,0.083
16540,-0.007
16541,0.024
16542,0.044
16543,0.032
16544,0.103
16545,0.039
16546,-0.024
16547,0.039
16548,0.071
16549,0.056
16550,-0.063
16551,0.042
16552,-0.042
16553,-0.103
16554,-0.044
16555,-0.005
16556,-0.063
16557,-0.112
16558,-0.022
16559,-0.027
16560,-0.066
16561,-0.032
16562,0.059
16563,0.017
16564,0.022
16565,-0.022
16566,-0.034
16567,-0.027
16568,0.137
16569,0.078
16570,-0.012
16571,0.029
16572,-0.046
16573,0.02
16574,-0.049
16575,-0.002
16576,-0.015
16577,-0.056
16578,-0.046
16579,-0.034
16580,0.017
16581,0.039
16582,0.063
16583,0.015
16584,0.029
16585,0.02
16586,0.044
16587,0.129
16588,-0.012
16589,0.027
16590,0.002
16591,-0.12
16592,0.024
16593,0.002
16594,-0.051
16595,0.017
16596,-0.085
16597,-0.095
16598,-0.022
16599,-0.042
16600,-0.02
16601,-0.049
16602,-0.037
16603,-0.002
16604,0.017
16605,-0.015
16606,-0.02
16607,0.11
16608,0.085
16609,-0.068
16610,-0.029
16611,0.056
16612,0.005
16613,-0.105
16614,-0.076
16615,-0.066
16616,-0.029
16617,-0.051
16618,-0.046
16619,-0.105
16620,-0.071
16621,0.015
16622,-0.103
16623,-0.051
16624,0.002
16625,0.054
16626,0.19
16627,-0.012
16628,-0.029
16629,0.051
16630,0.078
16631,-0.002
16632,-0.066
16633,0.044
16634,0.02
16635,-0.022
16636,-0.002
16637,-0.007
16638,0.027
16639,-0.017
16640,0.005
16641,-0.02
16642,0.054
16643,0.176
16644,-0.037
16645,-0.027
16646,0.095
16647,0.066
16648,0.02
16649,-0.081
16650,-0.024
16651,0.022
16652,-0.115
16653,-0.015
16654,-0.066
16655,-0.007
16656,-0.103
16657,-0.11
16658,-0.073
16659,0.007
16660,0.024
16661,-0.049
16662,-0.046
16663,0.056
16664,0.049
16665,0.049
16666,0.037
16667,0.049
16668,-0.046
16669,0.085
16670,0.012
16671,-0.09
16672,-0.034
16673,-0.112
16674,0.007
16675,-0.073
16676,-0.166
16677,-0.105
16678,-0.083
16679,-0.073
16680,-0.073
16681,-0.056
16682,-0.056
16683,0.002
16684,0.083
16685,-0.034
16686,0.005
16687,0.024
16688,0.01
16689,0.088
16690,-0.005
16691,-0.061
16692,-0.042
16693,-0.02
16694,-0.056
16695,-0.144
16696,-0.164
16697,-0.056
16698,-0.022
16699,-0.088
16700,-0.19
16701,-0.071
16702,-0.042
16703,-0.012
16704,-0.051
16705,0.005
16706,-0.056
16707,0.093
16708,0.024
16709,-0.032
16710,0.049
16711,0.085
16712,0.002
16713,0.051
16714,0.029
16715,-0.022
16716,-0.002
16717,-0.107
16718,-0.051
16719,-0.049
16720,-0.054
16721,0.037
16722,-0.044
16723,-0.063
16724,-0.083
16725,-0.01
16726,0.012
16727,-0.017
16728,0.093
16729,0.037
16730,-0.017
16731,0.027
16732,0.076
16733,0.12
16734,0.09
16735,-0.027
16736,0.068
16737,-0.103
16738,0.024
16739,0.032
16740,-0.103
16741,-0.044
16742,0.002
16743,-0.076
16744,-0.137
16745,-0.039
16746,0.11
16747,0.039
16748,-0.042
16749,0.034
16750,0.085
16751,0.093
16752,0.085
16753,-0.002
16754,0.051
16755,0.039
16756,-0.032
16757,-0.125
16758,-0.142
16759,-0.029
16760,-0.005
16761,-0.034
16762,-0.125
16763,-0.149
16764,0.061
16765,0.054
16766,0.0
16767,-0.005
16768,0.132
16769,0.149
16770,-0.012
16771,-0.132
16772,-0.005
16773,0.007
16774,-0.02
16775,0.037
16776,0.005
16777,0.042
16778,0.049
16779,0.034
16780,-0.044
16781,-0.063
16782,-0.017
16783,-0.12
16784,0.039
16785,0.027
16786,0.01
16787,-0.059
16788,0.088
16789,0.071
16790,0.088
16791,0.105
16792,0.137
16793,0.056
16794,0.002
16795,0.076
16796,0.037
16797,0.01
16798,-0.024
16799,-0.073
16800,0.024
16801,-0.093
16802,-0.029
16803,-0.046
16804,-0.015
16805,0.027
16806,-0.017
16807,-0.002
16808,0.054
16809,0.085
16810,0.02
16811,-0.044
16812,-0.017
16813,0.1
16814,0.076
16815,0.034
16816,0.032
16817,0.037
16818,0.083
16819,-0.049
16820,-0.076
16821,-0.044
16822,0.005
16823,0.022
16824,0.054
16825,-0.012
16826,-0.078
16827,-0.042
16828,0.027
16829,0.002
16830,-0.056
16831,-0.039
16832,0.083
16833,-0.012
16834,-0.032
16835,-0.107
16836,-0.146
16837,0.071
16838,-0.027
16839,-0.002
16840,-0.078
16841,-0.054
16842,-0.015
16843,-0.088
16844,-0.066
16845,-0.027
16846,-0.034
16847,0.024
16848,0.115
16849,0.012
16850,-0.044
16851,0.066
16852,0.034
16853,0.076
16854,-0.027
16855,-0.093
16856,-0.032
16857,-0.068
16858,-0.037
16859,-0.022
16860,-0.093
16861,0.002
16862,-0.012
16863,-0.105
16864,-0.034
16865,-0.056
16866,-0.007
16867,-0.012
16868,0.015
16869,0.063
16870,0.022
16871,0.029
16872,-0.034
16873,-0.02
16874,0.012
16875,0.01
16876,0.017
16877,-0.037
16878,-0.063
16879,0.0
16880,0.005
16881,-0.061
16882,-0.071
16883,-0.024
16884,0.027
16885,-0.071
16886,0.022
16887,0.027
16888,0.061
16889,0.081
16890,0.164
16891,0.107
16892,0.115
16893,0.125
16894,0.073
16895,0.129
16896,0.146
16897,-0.029
16898,-0.076
16899,-0.027
16900,-0.071
16901,0.01
16902,0.039
16903,-0.068
16904,0.059
16905,0.012
16906,-0.071
16907,0.015
16908,0.02
16909,-0.012
16910,-0.027
16911,-0.002
16912,0.066
16913,0.039
16914,-0.017
16915,0.017
16916,0.171
16917,0.093
16918,0.042
16919,0.056
16920,-0.037
16921,-0.073
16922,0.029
16923,-0.037
16924,-0.11
16925,-0.02
16926,-0.042
16927,-0.049
16928,0.066
16929,-0.002
16930,0.022
16931,-0.027
16932,0.007
16933,0.107
16934,-0.054
16935,-0.063
16936,-0.046
16937,0.005
16938,-0.063
16939,0.029
16940,-0.071
16941,-0.022
16942,0.046
16943,0.01
16944,-0.005
16945,0.034
16946,0.054
16947,0.1
16948,-0.088
16949,0.044
16950,0.129
16951,-0.01
16952,0.046
16953,0.0
16954,0.083
16955,0.054
16956,0.061
16957,0.103
16958,-0.022
16959,0.066
16960,0.0
16961,-0.056
16962,0.012
16963,-0.12
16964,-0.029
16965,-0.059
16966,-0.02
16967,0.039
16968,0.068
16969,0.027
16970,0.076
16971,0.103
16972,-0.012
16973,0.081
16974,0.032
16975,0.044
16976,0.068
16977,0.103
16978,0.105
16979,0.085
16980,0.117
16981,0.027
16982,0.015
16983,-0.015
16984,0.01
16985,0.015
16986,-0.059
16987,0.103
16988,0.002
16989,-0.059
16990,0.037
16991,0.051
16992,0.125
16993,0.017
16994,-0.007
16995,0.081
16996,-0.012
16997,0.032
16998,-0.037
16999,0.078
17000,-0.029
17001,-0.127
17002,-0.012
17003,-0.044
17004,-0.081
17005,-0.093
17006,0.02
17007,0.056
17008,0.029
17009,-0.103
17010,0.024
17011,0.027
17012,0.01
17013,0.037
17014,0.01
17015,0.046
17016,0.022
17017,-0.032
17018,-0.059
17019,-0.078
17020,0.002
17021,-0.061
17022,-0.002
17023,-0.078
17024,-0.076
17025,-0.044
17026,-0.002
17027,0.012
17028,-0.095
17029,-0.01
17030,0.059
17031,0.068
17032,-0.02
17033,-0.059
17034,-0.029
17035,-0.027
17036,-0.044
17037,0.027
17038,0.017
17039,0.1
17040,0.02
17041,-0.09
17042,-0.059
17043,0.032
17044,0.017
17045,-0.085
17046,-0.017
17047,0.061
17048,0.046
17049,-0.015
17050,0.042
17051,0.046
17052,0.005
17053,0.051
17054,0.098
17055,-0.005
17056,-0.012
17057,0.034
17058,0.037
17059,0.027
17060,-0.02
17061,-0.068
17062,-0.103
17063,0.122
17064,0.007
17065,0.044
17066,0.015
17067,0.151
17068,0.12
17069,0.039
17070,0.142
17071,0.134
17072,0.049
17073,0.125
17074,0.024
17075,0.11
17076,0.071
17077,0.0
17078,-0.071
17079,0.066
17080,0.044
17081,-0.093
17082,0.0
17083,-0.002
17084,-0.137
17085,0.032
17086,-0.073
17087,-0.037
17088,-0.022
17089,0.049
17090,0.061
17091,-0.046
17092,-0.044
17093,0.088
17094,0.054
17095,-0.027
17096,-0.027
17097,0.12
17098,0.044
17099,0.063
17100,-0.024
17101,-0.027
17102,-0.054
17103,-0.027
17104,-0.083
17105,-0.01
17106,-0.129
17107,-0.1
17108,0.0
17109,-0.088
17110,-0.027
17111,0.078
17112,0.0
17113,0.112
17114,0.017
17115,-0.073
17116,0.046
17117,0.002
17118,-0.024
17119,-0.017
17120,-0.154
17121,0.046
17122,0.02
17123,-0.151
17124,-0.066
17125,-0.076
17126,-0.061
17127,-0.112
17128,-0.022
17129,0.063
17130,-0.09
17131,-0.142
17132,0.054
17133,0.012
17134,0.02
17135,0.024
17136,-0.037
17137,0.017
17138,0.122
17139,0.115
17140,0.078
17141,-0.078
17142,0.037
17143,0.107
17144,-0.024
17145,-0.063
17146,-0.056
17147,0.037
17148,0.007
17149,-0.061
17150,0.002
17151,0.078
17152,0.073
17153,0.142
17154,0.049
17155,0.015
17156,0.093
17157,0.142
17158,0.098
17159,0.059
17160,0.063
17161,-0.015
17162,0.022
17163,-0.117
17164,-0.107
17165,0.095
17166,0.022
17167,0.032
17168,-0.076
17169,0.034
17170,0.037
17171,-0.066
17172,0.007
17173,-0.024
17174,-0.005
17175,0.015
17176,0.078
17177,0.005
17178,-0.01
17179,-0.127
17180,-0.198
17181,-0.017
17182,0.005
17183,-0.01
17184,-0.032
17185,-0.125
17186,-0.037
17187,0.056
17188,-0.103
17189,-0.11
17190,-0.029
17191,0.024
17192,0.046
17193,-0.007
17194,-0.071
17195,0.054
17196,0.042
17197,-0.032
17198,0.024
17199,0.076
17200,0.0
17201,0.044
17202,0.095
17203,-0.027
17204,-0.042
17205,0.039
17206,-0.022
17207,-0.105
17208,-0.005
17209,0.049
17210,-0.154
17211,-0.09
17212,-0.09
17213,-0.005
17214,-0.044
17215,-0.012
17216,-0.01
17217,-0.098
17218,-0.107
17219,0.1
17220,-0.044
17221,-0.098
17222,-0.098
17223,-0.061
17224,-0.01
17225,0.027
17226,-0.234
17227,-0.024
17228,0.046
17229,0.098
17230,0.029
17231,-0.071
17232,-0.012
17233,0.095
17234,0.1
17235,0.049
17236,0.042
17237,0.103
17238,0.078
17239,0.063
17240,0.095
17241,-0.029
17242,0.044
17243,0.103
17244,-0.007
17245,-0.034
17246,-0.01
17247,0.105
17248,0.1
17249,-0.015
17250,0.007
17251,-0.002
17252,-0.017
17253,0.046
17254,-0.083
17255,0.012
17256,0.039
17257,-0.037
17258,0.093
17259,-0.107
17260,-0.142
17261,-0.012
17262,-0.063
17263,0.066
17264,-0.044
17265,-0.071
17266,-0.007
17267,-0.027
17268,-0.088
17269,-0.098
17270,-0.107
17271,0.081
17272,0.02
17273,-0.024
17274,0.103
17275,0.024
17276,0.066
17277,0.054
17278,0.01
17279,0.0
17280,-0.061
17281,-0.115
17282,0.042
17283,-0.022
17284,-0.012
17285,-0.098
17286,-0.049
17287,-0.081
17288,-0.066
17289,0.042
17290,-0.042
17291,-0.051
17292,-0.134
17293,-0.032
17294,0.012
17295,-0.005
17296,-0.039
17297,-0.012
17298,-0.01
17299,-0.056
17300,-0.061
17301,-0.063
17302,-0.083
17303,-0.134
17304,-0.127
17305,-0.056
17306,-0.19
17307,-0.193
17308,-0.105
17309,-0.024
17310,-0.1
17311,-0.073
17312,-0.027
17313,0.024
17314,0.02
17315,0.022
17316,0.1
17317,-0.005
17318,0.037
17319,0.088
17320,0.054
17321,0.02
17322,0.132
17323,0.059
17324,0.034
17325,-0.01
17326,-0.056
17327,-0.015
17328,-0.051
17329,-0.078
17330,-0.056
17331,0.012
17332,0.027
17333,-0.093
17334,-0.027
17335,-0.01
17336,-0.007
17337,0.032
17338,0.024
17339,0.049
17340,-0.039
17341,-0.022
17342,-0.071
17343,-0.002
17344,-0.015
17345,-0.093
17346,-0.046
17347,-0.044
17348,-0.039
17349,0.054
17350,-0.088
17351,-0.085
17352,0.042
17353,0.039
17354,-0.024
17355,0.029
17356,0.029
17357,0.115
17358,0.0
17359,0.024
17360,0.088
17361,-0.024
17362,0.051
17363,0.066
17364,-0.115
17365,-0.073
17366,-0.034
17367,0.01
17368,-0.027
17369,-0.088
17370,-0.037
17371,-0.032
17372,0.002
17373,-0.076
17374,0.0
17375,0.046
17376,0.068
17377,-0.007
17378,-0.012
17379,-0.005
17380,-0.037
17381,-0.103
17382,-0.068
17383,0.022
17384,-0.029
17385,-0.063
17386,-0.078
17387,-0.044
17388,-0.046
17389,-0.11
17390,-0.051
17391,-0.112
17392,-0.061
17393,-0.002
17394,0.081
17395,0.027
17396,-0.046
17397,0.166
17398,0.068
17399,-0.071
17400,0.088
17401,0.151
17402,-0.005
17403,-0.029
17404,0.044
17405,0.027
17406,-0.056
17407,-0.051
17408,0.068
17409,-0.017
17410,-0.015
17411,-0.081
17412,-0.007
17413,-0.107
17414,-0.076
17415,-0.034
17416,0.046
17417,0.056
17418,0.107
17419,0.146
17420,0.095
17421,-0.029
17422,-0.007
17423,-0.01
17424,0.105
17425,0.059
17426,0.059
17427,0.007
17428,-0.042
17429,0.037
17430,-0.015
17431,0.085
17432,0.051
17433,-0.024
17434,-0.007
17435,0.01
17436,-0.112
17437,0.078
17438,0.117
17439,0.122
17440,0.005
17441,0.085
17442,-0.002
17443,-0.054
17444,-0.027
17445,0.076
17446,-0.005
17447,0.02
17448,0.083
17449,-0.12
17450,-0.127
17451,-0.029
17452,-0.046
17453,-0.002
17454,-0.122
17455,-0.037
17456,0.073
17457,-0.056
17458,0.024
17459,0.071
17460,0.01
17461,0.007
17462,0.049
17463,0.039
17464,-0.02
17465,-0.093
17466,0.015
17467,-0.012
17468,-0.11
17469,-0.034
17470,-0.012
17471,-0.007
17472,0.017
17473,-0.098
17474,-0.049
17475,0.061
17476,-0.044
17477,0.029
17478,0.007
17479,-0.007
17480,0.002
17481,0.044
17482,-0.088
17483,-0.107
17484,-0.037
17485,-0.105
17486,-0.017
17487,-0.002
17488,-0.046
17489,-0.024
17490,-0.112
17491,-0.103
17492,-0.012
17493,-0.059
17494,0.012
17495,0.032
17496,0.083
17497,0.105
17498,0.103
17499,0.056
17500,0.071
17501,0.088
17502,0.132
17503,0.088
17504,0.103
17505,0.017
17506,0.002
17507,0.01
17508,-0.068
17509,0.007
17510,-0.022
17511,-0.107
17512,-0.105
17513,-0.107
17514,-0.017
17515,0.103
17516,-0.049
17517,-0.046
17518,0.061
17519,0.029
17520,0.027
17521,0.012
17522,0.027
17523,0.032
17524,0.081
17525,0.034
17526,-0.029
17527,-0.046
17528,-0.024
17529,-0.095
17530,-0.049
17531,-0.032
17532,-0.02
17533,-0.095
17534,-0.1
17535,-0.156
17536,-0.142
17537,-0.005
17538,0.093
17539,-0.007
17540,-0.002
17541,0.085
17542,0.032
17543,0.068
17544,0.039
17545,0.0
17546,-0.059
17547,-0.007
17548,0.1
17549,0.015
17550,-0.117
17551,-0.068
17552,-0.1
17553,-0.032
17554,-0.09
17555,-0.046
17556,0.012
17557,-0.076
17558,-0.056
17559,-0.002
17560,-0.044
17561,0.01
17562,0.063
17563,0.042
17564,0.007
17565,0.063
17566,0.076
17567,0.046
17568,-0.042
17569,0.032
17570,0.129
17571,0.063
17572,0.054
17573,0.017
17574,0.049
17575,-0.002
17576,0.056
17577,0.076
17578,0.015
17579,0.056
17580,0.117
17581,0.073
17582,0.056
17583,0.032
17584,0.022
17585,0.088
17586,0.071
17587,0.015
17588,-0.017
17589,0.068
17590,0.044
17591,-0.029
17592,0.029
17593,-0.007
17594,-0.024
17595,-0.005
17596,0.11
17597,-0.015
17598,0.039
17599,0.078
17600,0.085
17601,0.012
17602,0.0
17603,0.261
17604,0.105
17605,-0.007
17606,-0.022
17607,0.017
17608,-0.029
17609,0.0
17610,0.002
17611,0.029
17612,-0.032
17613,-0.105
17614,0.0
17615,-0.061
17616,0.078
17617,-0.042
17618,-0.115
17619,0.037
17620,0.083
17621,-0.022
17622,0.002
17623,0.056
17624,-0.02
17625,0.032
17626,-0.112
17627,-0.032
17628,0.024
17629,-0.059
17630,-0.088
17631,-0.142
17632,-0.083
17633,-0.007
17634,0.005
17635,-0.11
17636,-0.063
17637,-0.017
17638,0.02
17639,0.01
17640,-0.027
17641,0.095
17642,0.042
17643,0.061
17644,0.005
17645,0.015
17646,0.029
17647,-0.024
17648,-0.032
17649,-0.029
17650,0.012
17651,-0.046
17652,-0.066
17653,0.044
17654,-0.042
17655,0.0
17656,-0.027
17657,-0.129
17658,0.103
17659,0.002
17660,-0.054
17661,-0.054
17662,-0.083
17663,0.049
17664,-0.017
17665,-0.022
17666,0.051
17667,-0.01
17668,-0.012
17669,-0.012
17670,-0.024
17671,0.022
17672,-0.029
17673,0.015
17674,0.027
17675,0.005
17676,-0.027
17677,-0.042
17678,0.093
17679,0.088
17680,-0.088
17681,0.071
17682,0.044
17683,0.015
17684,0.007
17685,-0.01
17686,-0.022
17687,0.022
17688,0.061
17689,0.017
17690,0.061
17691,0.073
17692,0.056
17693,0.037
17694,-0.007
17695,0.105
17696,0.159
17697,0.139
17698,0.134
17699,0.042
17700,-0.012
17701,0.015
17702,-0.039
17703,0.0
17704,-0.071
17705,0.015
17706,-0.059
17707,-0.002
17708,-0.054
17709,-0.103
17710,-0.151
17711,-0.09
17712,0.049
17713,-0.088
17714,-0.076
17715,-0.071
17716,0.056
17717,0.039
17718,-0.061
17719,-0.037
17720,-0.017
17721,0.029
17722,-0.044
17723,-0.02
17724,-0.056
17725,-0.017
17726,-0.022
17727,0.093
17728,-0.034
17729,-0.059
17730,-0.066
17731,-0.054
17732,-0.154
17733,-0.083
17734,-0.076
17735,-0.032
17736,-0.061
17737,-0.049
17738,-0.054
17739,-0.12
17740,0.095
17741,0.051
17742,0.12
17743,0.073
17744,-0.088
17745,0.056
17746,0.059
17747,0.042
17748,0.024
17749,0.017
17750,0.049
17751,-0.073
17752,0.024
17753,0.017
17754,0.0
17755,0.02
17756,0.029
17757,0.078
17758,0.01
17759,0.015
17760,0.125
17761,0.032
17762,0.054
17763,0.125
17764,-0.017
17765,0.066
17766,0.039
17767,0.11
17768,0.051
17769,-0.059
17770,0.037
17771,0.005
17772,-0.076
17773,-0.037
17774,-0.039
17775,-0.071
17776,-0.151
17777,-0.176
17778,-0.051
17779,-0.081
17780,0.034
17781,0.044
17782,-0.034
17783,-0.112
17784,-0.005
17785,0.056
17786,0.105
17787,0.032
17788,0.076
17789,0.11
17790,-0.081
17791,-0.037
17792,0.107
17793,0.002
17794,-0.103
17795,-0.093
17796,-0.137
17797,-0.042
17798,-0.039
17799,0.012
17800,-0.049
17801,-0.1
17802,0.078
17803,-0.044
17804,-0.117
17805,-0.039
17806,0.032
17807,0.125
17808,-0.015
17809,0.032
17810,0.066
17811,-0.002
17812,0.054
17813,0.068
17814,0.022
17815,-0.027
17816,-0.007
17817,-0.061
17818,0.02
17819,-0.015
17820,0.01
17821,-0.002
17822,0.032
17823,0.024
17824,-0.002
17825,-0.015
17826,0.078
17827,-0.051
17828,-0.078
17829,0.063
17830,0.007
17831,-0.005
17832,0.098
17833,0.078
17834,0.024
17835,-0.024
17836,0.11
17837,0.017
17838,-0.044
17839,-0.02
17840,-0.015
17841,0.037
17842,0.083
17843,0.063
17844,0.073
17845,-0.01
17846,0.066
17847,0.107
17848,-0.01
17849,0.125
17850,0.12
17851,-0.042
17852,-0.056
17853,0.046
17854,0.029
17855,-0.024
17856,-0.042
17857,0.017
17858,-0.01
17859,-0.02
17860,0.081
17861,0.046
17862,-0.066
17863,0.049
17864,0.107
17865,0.01
17866,0.02
17867,0.037
17868,0.1
17869,-0.076
17870,-0.095
17871,0.0
17872,0.056
17873,0.059
17874,-0.034
17875,-0.01
17876,-0.051
17877,0.032
17878,0.049
17879,-0.11
17880,0.054
17881,0.122
17882,0.042
17883,0.012
17884,-0.002
17885,-0.068
17886,0.01
17887,-0.005
17888,-0.09
17889,0.073
17890,-0.037
17891,0.02
17892,-0.015
17893,0.029
17894,-0.015
17895,-0.068
17896,-0.029
17897,-0.068
17898,0.037
17899,-0.09
17900,-0.081
17901,0.049
17902,-0.059
17903,0.034
17904,0.01
17905,0.061
17906,0.068
17907,0.088
17908,0.042
17909,0.007
17910,-0.015
17911,0.063
17912,0.01
17913,-0.012
17914,0.054
17915,0.002
17916,0.022
17917,0.02
17918,0.029
17919,-0.015
17920,0.012
17921,0.137
17922,0.02
17923,-0.012
17924,0.122
17925,0.054
17926,0.068
17927,-0.02
17928,0.039
17929,0.156
17930,0.059
17931,0.01
17932,0.073
17933,0.093
17934,-0.02
17935,-0.029
17936,-0.02
17937,0.098
17938,0.044
17939,-0.02
17940,-0.029
17941,0.029
17942,-0.073
17943,-0.022
17944,0.015
17945,0.039
17946,0.002
17947,0.051
17948,0.068
17949,-0.015
17950,0.046
17951,0.034
17952,-0.073
17953,0.012
17954,0.012
17955,0.029
17956,0.078
17957,-0.1
17958,-0.022
17959,0.015
17960,-0.093
17961,0.051
17962,0.1
17963,-0.059
17964,-0.076
17965,-0.105
17966,0.088
17967,0.127
17968,0.024
17969,0.066
17970,0.081
17971,0.051
17972,0.027
17973,-0.095
17974,-0.034
17975,0.027
17976,-0.076
17977,0.005
17978,-0.024
17979,-0.017
17980,0.044
17981,-0.01
17982,-0.02
17983,0.012
17984,0.063
17985,-0.044
17986,-0.015
17987,-0.002
17988,-0.034
17989,-0.059
17990,-0.063
17991,0.022
17992,-0.037
17993,-0.046
17994,0.022
17995,-0.012
17996,0.042
17997,0.002
17998,-0.061
17999,0.0
18000,0.042
18001,0.11
18002,0.032
18003,0.015
18004,0.076
18005,0.054
18006,0.1
18007,0.095
18008,-0.015
18009,-0.007
18010,0.059
18011,0.054
18012,-0.024
18013,0.127
18014,0.09
18015,-0.034
18016,-0.002
18017,-0.039
18018,0.005
18019,0.002
18020,-0.059
18021,0.039
18022,-0.01
18023,-0.061
18024,0.046
18025,0.037
18026,0.029
18027,-0.029
18028,-0.017
18029,0.034
18030,-0.024
18031,0.002
18032,0.007
18033,-0.037
18034,-0.056
18035,0.024
18036,-0.083
18037,0.061
18038,-0.032
18039,-0.032
18040,0.061
18041,0.015
18042,0.032
18043,-0.022
18044,0.02
18045,0.095
18046,0.049
18047,-0.039
18048,-0.103
18049,-0.112
18050,-0.117
18051,-0.046
18052,-0.007
18053,0.01
18054,0.042
18055,-0.046
18056,-0.205
18057,-0.015
18058,-0.051
18059,-0.154
18060,-0.037
18061,-0.032
18062,-0.085
18063,-0.037
18064,-0.012
18065,-0.032
18066,-0.005
18067,-0.02
18068,0.022
18069,0.007
18070,-0.11
18071,-0.01
18072,0.0
18073,0.044
18074,0.012
18075,0.007
18076,0.012
18077,-0.056
18078,-0.051
18079,-0.076
18080,-0.061
18081,-0.076
18082,-0.081
18083,-0.129
18084,0.007
18085,0.073
18086,0.037
18087,0.027
18088,0.007
18089,0.005
18090,0.066
18091,0.032
18092,0.02
18093,0.039
18094,-0.024
18095,0.066
18096,0.02
18097,-0.051
18098,-0.027
18099,-0.042
18100,0.0
18101,-0.093
18102,-0.012
18103,-0.049
18104,-0.005
18105,-0.061
18106,-0.002
18107,-0.066
18108,0.037
18109,0.061
18110,0.02
18111,-0.017
18112,0.037
18113,0.032
18114,-0.034
18115,-0.039
18116,-0.017
18117,0.005
18118,0.022
18119,-0.073
18120,0.002
18121,0.063
18122,0.02
18123,-0.054
18124,-0.027
18125,-0.02
18126,-0.022
18127,0.039
18128,0.112
18129,0.039
18130,-0.01
18131,0.0
18132,-0.002
18133,0.005
18134,0.049
18135,0.056
18136,0.134
18137,0.005
18138,-0.044
18139,-0.073
18140,-0.034
18141,-0.042
18142,-0.073
18143,-0.098
18144,-0.029
18145,-0.034
18146,-0.085
18147,-0.103
18148,-0.088
18149,-0.002
18150,0.049
18151,-0.032
18152,0.007
18153,-0.032
18154,-0.056
18155,0.022
18156,0.029
18157,0.012
18158,0.02
18159,-0.056
18160,-0.071
18161,-0.034
18162,-0.015
18163,-0.154
18164,-0.078
18165,-0.039
18166,0.0
18167,-0.134
18168,-0.039
18169,0.063
18170,0.022
18171,0.005
18172,0.044
18173,-0.007
18174,0.024
18175,0.037
18176,0.024
18177,-0.02
18178,0.007
18179,-0.017
18180,-0.012
18181,-0.076
18182,-0.134
18183,-0.117
18184,0.015
18185,0.071
18186,-0.007
18187,-0.017
18188,0.09
18189,-0.002
18190,-0.015
18191,0.037
18192,0.1
18193,0.059
18194,0.015
18195,0.11
18196,-0.01
18197,-0.063
18198,0.034
18199,0.044
18200,-0.103
18201,-0.073
18202,0.01
18203,-0.061
18204,-0.063
18205,-0.007
18206,0.037
18207,0.007
18208,0.024
18209,0.071
18210,0.01
18211,0.024
18212,-0.007
18213,-0.012
18214,0.005
18215,0.046
18216,0.046
18217,-0.039
18218,0.046
18219,0.044
18220,-0.071
18221,-0.034
18222,-0.088
18223,-0.134
18224,-0.068
18225,-0.081
18226,-0.051
18227,-0.037
18228,0.105
18229,-0.012
18230,-0.081
18231,-0.029
18232,0.015
18233,0.027
18234,-0.007
18235,-0.01
18236,0.027
18237,-0.034
18238,-0.024
18239,0.005
18240,-0.022
18241,-0.056
18242,0.01
18243,-0.037
18244,-0.088
18245,-0.051
18246,-0.09
18247,0.09
18248,0.01
18249,-0.02
18250,-0.002
18251,-0.029
18252,-0.02
18253,0.024
18254,0.029
18255,0.002
18256,-0.039
18257,-0.029
18258,0.002
18259,0.015
18260,-0.063
18261,-0.083
18262,-0.017
18263,-0.022
18264,0.015
18265,0.066
18266,0.02
18267,-0.002
18268,-0.039
18269,0.005
18270,-0.061
18271,-0.032
18272,-0.005
18273,0.015
18274,-0.015
18275,-0.007
18276,0.073
18277,-0.054
18278,0.054
18279,0.098
18280,0.063
18281,-0.007
18282,0.02
18283,0.056
18284,0.093
18285,0.073
18286,-0.071
18287,0.002
18288,0.054
18289,0.1
18290,-0.02
18291,0.071
18292,0.09
18293,0.017
18294,0.022
18295,0.056
18296,0.027
18297,0.0
18298,0.076
18299,0.107
18300,0.027
18301,0.015
18302,0.049
18303,0.007
18304,-0.015
18305,-0.022
18306,0.046
18307,0.066
18308,0.007
18309,0.061
18310,0.049
18311,0.005
18312,-0.022
18313,0.054
18314,0.061
18315,0.054
18316,0.024
18317,0.01
18318,-0.042
18319,0.037
18320,-0.034
18321,-0.078
18322,0.012
18323,-0.078
18324,0.017
18325,0.015
18326,-0.09
18327,0.095
18328,0.029
18329,-0.027
18330,0.115
18331,0.012
18332,0.1
18333,0.081
18334,0.051
18335,0.098
18336,0.005
18337,0.037
18338,0.039
18339,-0.022
18340,0.022
18341,-0.02
18342,-0.112
18343,-0.01
18344,-0.122
18345,-0.068
18346,-0.125
18347,-0.093
18348,-0.107
18349,-0.039
18350,-0.115
18351,0.01
18352,0.039
18353,0.01
18354,-0.044
18355,-0.042
18356,-0.127
18357,0.027
18358,0.034
18359,-0.051
18360,0.02
18361,0.0
18362,-0.103
18363,-0.103
18364,-0.022
18365,-0.107
18366,-0.071
18367,-0.063
18368,-0.002
18369,-0.105
18370,0.032
18371,-0.005
18372,-0.093
18373,-0.051
18374,0.078
18375,0.068
18376,0.051
18377,0.002
18378,0.015
18379,0.078
18380,0.093
18381,0.024
18382,0.032
18383,0.046
18384,0.073
18385,0.061
18386,-0.015
18387,-0.054
18388,0.015
18389,0.0
18390,-0.061
18391,-0.029
18392,0.029
18393,-0.015
18394,-0.054
18395,-0.042
18396,0.02
18397,0.007
18398,-0.02
18399,0.068
18400,0.081
18401,0.122
18402,-0.02
18403,0.078
18404,0.005
18405,0.0
18406,0.046
18407,-0.054
18408,-0.103
18409,0.017
18410,0.105
18411,0.095
18412,-0.056
18413,-0.122
18414,0.056
18415,0.054
18416,-0.039
18417,-0.034
18418,0.083
18419,0.029
18420,-0.098
18421,0.0
18422,0.066
18423,-0.034
18424,-0.017
18425,-0.078
18426,-0.027
18427,0.017
18428,-0.049
18429,0.044
18430,-0.027
18431,-0.11
18432,0.042
18433,0.002
18434,-0.063
18435,-0.002
18436,0.0
18437,0.02
18438,-0.032
18439,0.015
18440,0.029
18441,-0.142
18442,0.024
18443,-0.034
18444,-0.012
18445,0.063
18446,0.037
18447,-0.061
18448,-0.054
18449,0.078
18450,0.11
18451,0.024
18452,0.037
18453,0.066
18454,0.046
18455,0.002
18456,0.012
18457,0.02
18458,0.029
18459,0.012
18460,0.051
18461,-0.005
18462,-0.054
18463,-0.063
18464,-0.029
18465,-0.02
18466,0.002
18467,0.103
18468,0.068
18469,0.002
18470,-0.056
18471,0.015
18472,0.066
18473,-0.01
18474,-0.022
18475,-0.024
18476,0.076
18477,0.112
18478,0.01
18479,-0.024
18480,-0.007
18481,-0.154
18482,-0.054
18483,-0.017
18484,-0.085
18485,-0.173
18486,-0.095
18487,-0.01
18488,-0.176
18489,-0.1
18490,0.056
18491,0.024
18492,0.032
18493,-0.024
18494,0.19
18495,0.051
18496,-0.059
18497,0.164
18498,0.112
18499,0.049
18500,0.051
18501,0.122
18502,0.122
18503,0.049
18504,0.073
18505,0.078
18506,-0.022
18507,-0.032
18508,0.063
18509,0.024
18510,-0.029
18511,0.015
18512,-0.005
18513,0.071
18514,0.125
18515,-0.037
18516,0.02
18517,0.09
18518,-0.012
18519,0.002
18520,0.068
18521,-0.024
18522,0.005
18523,-0.049
18524,-0.012
18525,0.024
18526,-0.066
18527,0.046
18528,0.081
18529,0.054
18530,0.093
18531,0.115
18532,0.059
18533,-0.015
18534,-0.015
18535,0.127
18536,0.139
18537,0.137
18538,0.078
18539,-0.059
18540,-0.034
18541,0.015
18542,-0.081
18543,-0.09
18544,-0.063
18545,-0.181
18546,0.015
18547,-0.037
18548,-0.005
18549,0.044
18550,-0.107
18551,-0.02
18552,0.01
18553,-0.015
18554,-0.012
18555,0.042
18556,0.002
18557,-0.093
18558,0.037
18559,-0.059
18560,-0.063
18561,-0.129
18562,-0.117
18563,-0.134
18564,-0.129
18565,-0.037
18566,-0.081
18567,-0.105
18568,-0.081
18569,-0.171
18570,-0.042
18571,-0.059
18572,-0.088
18573,0.0
18574,0.01
18575,0.02
18576,-0.037
18577,-0.156
18578,-0.012
18579,-0.083
18580,0.01
18581,0.042
18582,-0.039
18583,-0.061
18584,-0.085
18585,-0.078
18586,-0.107
18587,-0.029
18588,-0.015
18589,-0.015
18590,-0.198
18591,-0.044
18592,-0.02
18593,-0.049
18594,-0.022
18595,-0.037
18596,-0.002
18597,0.051
18598,0.017
18599,0.061
18600,0.137
18601,0.024
18602,0.105
18603,-0.071
18604,-0.037
18605,0.061
18606,-0.01
18607,0.005
18608,0.039
18609,-0.015
18610,-0.098
18611,-0.166
18612,0.002
18613,0.063
18614,-0.066
18615,0.093
18616,0.12
18617,0.107
18618,0.066
18619,-0.02
18620,0.044
18621,0.134
18622,0.054
18623,0.015
18624,0.134
18625,0.105
18626,-0.02
18627,0.034
18628,-0.029
18629,-0.022
18630,-0.061
18631,0.02
18632,-0.093
18633,-0.107
18634,-0.037
18635,-0.044
18636,-0.063
18637,-0.002
18638,-0.01
18639,0.022
18640,0.056
18641,-0.034
18642,0.088
18643,0.193
18644,-0.037
18645,0.039
18646,-0.024
18647,-0.037
18648,0.088
18649,0.007
18650,0.0
18651,-0.098
18652,-0.054
18653,-0.039
18654,-0.015
18655,-0.154
18656,0.022
18657,-0.015
18658,-0.044
18659,-0.166
18660,-0.037
18661,0.007
18662,-0.076
18663,0.029
18664,-0.054
18665,-0.063
18666,-0.029
18667,-0.032
18668,-0.171
18669,0.029
18670,-0.071
18671,0.049
18672,-0.081
18673,-0.071
18674,0.022
18675,-0.034
18676,0.046
18677,-0.002
18678,-0.063
18679,0.007
18680,-0.034
18681,0.027
18682,0.022
18683,-0.034
18684,-0.154
18685,0.071
18686,0.085
18687,0.034
18688,-0.159
18689,0.012
18690,0.002
18691,-0.085
18692,0.044
18693,0.054
18694,-0.032
18695,0.0
18696,0.066
18697,0.103
18698,0.071
18699,0.073
18700,0.039
18701,0.012
18702,0.049
18703,0.042
18704,0.054
18705,0.059
18706,0.164
18707,0.117
18708,0.098
18709,0.173
18710,0.029
18711,-0.005
18712,-0.044
18713,-0.054
18714,0.073
18715,0.049
18716,0.105
18717,0.071
18718,0.022
18719,0.09
18720,0.134
18721,0.1
18722,-0.034
18723,0.046
18724,0.095
18725,0.022
18726,0.051
18727,-0.039
18728,-0.037
18729,-0.068
18730,-0.005
18731,0.012
18732,-0.078
18733,-0.027
18734,-0.078
18735,-0.046
18736,0.095
18737,-0.024
18738,-0.02
18739,0.059
18740,0.076
18741,0.063
18742,0.034
18743,-0.017
18744,0.024
18745,0.044
18746,-0.022
18747,-0.015
18748,-0.042
18749,0.034
18750,-0.056
18751,-0.127
18752,-0.029
18753,-0.107
18754,-0.056
18755,-0.081
18756,-0.142
18757,-0.059
18758,-0.015
18759,0.017
18760,-0.02
18761,-0.122
18762,0.0
18763,0.139
18764,-0.005
18765,-0.012
18766,-0.061
18767,0.032
18768,0.029
18769,-0.095
18770,-0.027
18771,0.022
18772,0.017
18773,0.032
18774,0.005
18775,-0.01
18776,-0.017
18777,0.017
18778,0.002
18779,-0.093
18780,0.007
18781,0.042
18782,-0.034
18783,-0.029
18784,-0.046
18785,0.015
18786,0.049
18787,-0.029
18788,0.039
18789,0.09
18790,0.01
18791,-0.012
18792,0.037
18793,0.056
18794,0.073
18795,0.051
18796,0.125
18797,0.12
18798,-0.044
18799,0.117
18800,0.071
18801,0.088
18802,0.107
18803,0.117
18804,0.071
18805,0.022
18806,0.022
18807,0.068
18808,-0.095
18809,0.0
18810,0.029
18811,-0.01
18812,-0.012
18813,0.002
18814,-0.017
18815,0.024
18816,0.103
18817,-0.044
18818,-0.056
18819,0.029
18820,-0.002
18821,-0.034
18822,0.046
18823,0.11
18824,0.051
18825,0.046
18826,0.022
18827,0.037
18828,-0.11
18829,0.088
18830,-0.015
18831,-0.039
18832,0.044
18833,-0.017
18834,0.066
18835,0.02
18836,0.039
18837,-0.02
18838,-0.024
18839,-0.007
18840,0.054
18841,0.017
18842,-0.005
18843,-0.032
18844,0.0
18845,-0.054
18846,-0.11
18847,-0.103
18848,-0.132
18849,-0.063
18850,-0.056
18851,-0.063
18852,-0.078
18853,-0.046
18854,-0.066
18855,-0.051
18856,0.02
18857,0.022
18858,0.063
18859,-0.049
18860,-0.034
18861,0.005
18862,-0.073
18863,-0.039
18864,0.059
18865,0.122
18866,0.007
18867,0.042
18868,0.046
18869,0.061
18870,-0.002
18871,0.024
18872,0.005
18873,0.005
18874,0.059
18875,0.037
18876,-0.007
18877,-0.02
18878,0.037
18879,0.059
18880,0.049
18881,-0.042
18882,0.061
18883,0.0
18884,0.032
18885,0.034
18886,-0.007
18887,0.054
18888,0.015
18889,0.046
18890,-0.105
18891,-0.049
18892,0.034
18893,0.012
18894,0.125
18895,-0.002
18896,0.029
18897,-0.005
18898,0.093
18899,0.088
18900,0.005
18901,-0.022
18902,0.115
18903,0.083
18904,-0.073
18905,-0.039
18906,-0.1
18907,-0.015
18908,-0.049
18909,-0.029
18910,-0.073
18911,-0.105
18912,-0.081
18913,-0.042
18914,0.015
18915,0.022
18916,0.015
18917,0.002
18918,0.027
18919,0.117
18920,-0.034
18921,-0.095
18922,0.02
18923,0.044
18924,0.007
18925,-0.061
18926,-0.09
18927,-0.085
18928,-0.078
18929,-0.095
18930,-0.127
18931,-0.085
18932,-0.061
18933,0.02
18934,-0.049
18935,-0.042
18936,-0.059
18937,0.046
18938,0.024
18939,-0.005
18940,-0.056
18941,0.044
18942,0.012
18943,0.01
18944,0.022
18945,-0.007
18946,-0.066
18947,0.022
18948,-0.02
18949,-0.037
18950,-0.071
18951,-0.007
18952,-0.01
18953,-0.085
18954,-0.054
18955,-0.12
18956,-0.076
18957,-0.027
18958,0.029
18959,-0.059
18960,-0.01
18961,0.027
18962,0.002
18963,0.017
18964,0.022
18965,0.076
18966,-0.083
18967,-0.037
18968,0.02
18969,-0.059
18970,0.051
18971,0.044
18972,0.022
18973,-0.112
18974,-0.017
18975,-0.071
18976,-0.039
18977,0.024
18978,-0.027
18979,-0.02
18980,-0.022
18981,-0.012
18982,-0.046
18983,-0.061
18984,0.063
18985,0.103
18986,0.007
18987,-0.059
18988,0.01
18989,0.068
18990,0.02
18991,0.029
18992,-0.017
18993,-0.046
18994,-0.015
18995,0.068
18996,0.071
18997,0.022
18998,0.02
18999,-0.039
19000,0.081
19001,0.007
19002,-0.002
19003,-0.015
19004,-0.071
19005,0.002
19006,-0.034
19007,-0.088
19008,0.02
19009,0.007
19010,0.015
19011,-0.061
19012,-0.076
19013,-0.112
19014,-0.017
19015,0.027
19016,-0.066
19017,-0.022
19018,0.046
19019,-0.005
19020,0.032
19021,-0.046
19022,0.0
19023,0.081
19024,-0.051
19025,0.002
19026,-0.002
19027,-0.02
19028,-0.037
19029,-0.073
19030,-0.068
19031,-0.12
19032,-0.095
19033,-0.051
19034,-0.146
19035,-0.112
19036,-0.093
19037,-0.007
19038,-0.088
19039,-0.054
19040,0.024
19041,0.049
19042,-0.122
19043,0.012
19044,0.042
19045,0.002
19046,0.078
19047,0.1
19048,-0.02
19049,0.005
19050,-0.042
19051,0.103
19052,0.098
19053,-0.029
19054,0.022
19055,0.088
19056,0.1
19057,0.002
19058,0.007
19059,-0.063
19060,0.029
19061,0.039
19062,-0.002
19063,-0.027
19064,-0.073
19065,-0.005
19066,-0.034
19067,-0.156
19068,-0.088
19069,-0.01
19070,-0.129
19071,-0.161
19072,-0.107
19073,0.017
19074,0.039
19075,0.042
19076,-0.017
19077,0.1
19078,-0.005
19079,-0.073
19080,0.071
19081,0.042
19082,0.042
19083,0.105
19084,-0.017
19085,0.051
19086,0.088
19087,0.032
19088,0.042
19089,-0.044
19090,-0.02
19091,0.088
19092,0.044
19093,0.078
19094,0.022
19095,-0.042
19096,0.037
19097,-0.015
19098,-0.044
19099,-0.002
19100,0.042
19101,-0.032
19102,0.061
19103,0.134
19104,0.002
19105,-0.034
19106,0.005
19107,0.044
19108,0.0
19109,0.049
19110,0.012
19111,-0.039
19112,-0.044
19113,-0.007
19114,-0.007
19115,-0.078
19116,-0.078
19117,0.166
19118,0.027
19119,0.027
19120,0.068
19121,0.085
19122,0.1
19123,0.085
19124,0.022
19125,0.063
19126,0.081
19127,0.032
19128,-0.115
19129,-0.046
19130,0.015
19131,-0.027
19132,-0.098
19133,-0.103
19134,0.073
19135,-0.037
19136,0.017
19137,-0.022
19138,0.037
19139,0.059
19140,0.078
19141,0.112
19142,0.042
19143,0.115
19144,0.198
19145,0.024
19146,-0.007
19147,0.078
19148,0.046
19149,-0.049
19150,-0.02
19151,0.042
19152,-0.01
19153,-0.015
19154,-0.024
19155,0.005
19156,-0.044
19157,-0.049
19158,-0.066
19159,-0.017
19160,-0.051
19161,-0.007
19162,0.071
19163,0.073
19164,0.049
19165,-0.007
19166,0.002
19167,0.132
19168,-0.032
19169,0.015
19170,0.042
19171,-0.017
19172,0.005
19173,-0.02
19174,0.007
19175,-0.017
19176,0.039
19177,0.017
19178,-0.005
19179,-0.078
19180,-0.039
19181,0.017
19182,-0.09
19183,0.024
19184,0.051
19185,0.046
19186,0.042
19187,-0.027
19188,0.12
19189,0.154
19190,-0.125
19191,0.034
19192,0.042
19193,-0.037
19194,-0.083
19195,-0.068
19196,-0.071
19197,-0.037
19198,0.027
19199,-0.037
19200,-0.059
19201,-0.017
19202,-0.002
19203,0.095
19204,0.039
19205,0.02
19206,0.02
19207,0.063
19208,-0.063
19209,-0.063
19210,0.059
19211,0.046
19212,-0.022
19213,-0.015
19214,0.098
19215,-0.076
19216,-0.093
19217,0.09
19218,0.039
19219,-0.078
19220,0.01
19221,0.195
19222,0.193
19223,0.059
19224,0.127
19225,0.273
19226,0.105
19227,0.044
19228,0.149
19229,0.176
19230,0.139
19231,0.134
19232,0.149
19233,0.071
19234,-0.146
19235,0.024
19236,0.122
19237,-0.068
19238,-0.061
19239,0.068
19240,0.034
19241,-0.039
19242,0.078
19243,-0.017
19244,-0.02
19245,0.056
19246,0.09
19247,0.029
19248,-0.054
19249,0.0
19250,-0.01
19251,-0.027
19252,-0.088
19253,-0.105
19254,-0.078
19255,0.002
19256,-0.029
19257,-0.068
19258,-0.042
19259,-0.095
19260,0.0
19261,-0.085
19262,-0.042
19263,0.088
19264,0.103
19265,-0.044
19266,0.127
19267,0.098
19268,0.027
19269,0.039
19270,0.034
19271,0.044
19272,-0.076
19273,0.0
19274,0.02
19275,-0.117
19276,-0.132
19277,-0.115
19278,-0.085
19279,-0.112
19280,0.1
19281,-0.054
19282,-0.09
19283,-0.073
19284,0.071
19285,-0.01
19286,-0.059
19287,0.034
19288,0.132
19289,0.051
19290,0.044
19291,0.063
19292,0.056
19293,0.007
19294,0.007
19295,0.017
19296,-0.02
19297,0.02
19298,-0.061
19299,-0.022
19300,-0.029
19301,-0.046
19302,0.027
19303,0.061
19304,0.076
19305,0.056
19306,0.112
19307,0.139
19308,-0.005
19309,-0.002
19310,0.156
19311,0.054
19312,-0.066
19313,0.112
19314,0.049
19315,-0.046
19316,-0.046
19317,-0.027
19318,0.024
19319,-0.02
19320,-0.005
19321,0.042
19322,-0.039
19323,0.044
19324,-0.139
19325,0.056
19326,-0.015
19327,0.044
19328,0.071
19329,0.115
19330,-0.059
19331,0.054
19332,0.059
19333,0.007
19334,-0.012
19335,-0.061
19336,-0.032
19337,0.029
19338,0.002
19339,-0.137
19340,-0.132
19341,-0.044
19342,-0.049
19343,-0.027
19344,-0.039
19345,0.015
19346,-0.005
19347,-0.005
19348,-0.046
19349,0.01
19350,0.034
19351,-0.012
19352,-0.054
19353,-0.024
19354,-0.012
19355,0.066
19356,-0.01
19357,-0.068
19358,-0.081
19359,-0.117
19360,-0.059
19361,-0.083
19362,-0.144
19363,-0.076
19364,-0.015
19365,-0.127
19366,-0.066
19367,0.046
19368,-0.015
19369,-0.044
19370,-0.029
19371,0.105
19372,-0.005
19373,-0.088
19374,0.049
19375,-0.029
19376,-0.017
19377,-0.017
19378,0.061
19379,0.032
19380,0.068
19381,0.022
19382,-0.002
19383,0.017
19384,0.061
19385,0.056
19386,-0.002
19387,0.027
19388,0.073
19389,0.125
19390,0.032
19391,0.063
19392,0.061
19393,0.073
19394,0.024
19395,0.059
19396,0.081
19397,0.027
19398,0.002
19399,0.054
19400,0.042
19401,0.012
19402,0.024
19403,0.107
19404,0.125
19405,0.032
19406,-0.02
19407,0.061
19408,0.042
19409,-0.024
19410,0.034
19411,0.066
19412,0.056
19413,0.039
19414,0.007
19415,0.005
19416,0.02
19417,0.063
19418,-0.017
19419,-0.051
19420,-0.02
19421,-0.01
19422,-0.007
19423,-0.095
19424,-0.034
19425,0.0
19426,-0.068
19427,0.054
19428,-0.054
19429,-0.044
19430,0.024
19431,0.024
19432,0.032
19433,-0.129
19434,-0.151
19435,-0.002
19436,-0.085
19437,-0.103
19438,-0.129
19439,-0.144
19440,-0.059
19441,-0.132
19442,-0.1
19443,-0.037
19444,-0.098
19445,-0.105
19446,-0.054
19447,-0.059
19448,-0.056
19449,-0.039
19450,-0.015
19451,0.063
19452,-0.012
19453,-0.063
19454,0.01
19455,-0.081
19456,-0.125
19457,-0.088
19458,-0.051
19459,-0.09
19460,-0.078
19461,-0.071
19462,-0.037
19463,-0.068
19464,0.01
19465,-0.137
19466,-0.127
19467,-0.002
19468,0.073
19469,0.098
19470,0.034
19471,-0.059
19472,0.149
19473,-0.051
19474,-0.061
19475,0.039
19476,-0.024
19477,-0.032
19478,0.02
19479,-0.076
19480,-0.059
19481,-0.056
19482,-0.051
19483,0.012
19484,-0.015
19485,0.068
19486,0.103
19487,0.081
19488,-0.095
19489,-0.007
19490,0.095
19491,0.181
19492,0.051
19493,0.122
19494,0.022
19495,-0.129
19496,-0.037
19497,-0.034
19498,-0.024
19499,-0.098
19500,-0.039
19501,-0.088
19502,-0.071
19503,0.105
19504,0.01
19505,0.01
19506,-0.144
19507,0.073
19508,0.186
19509,-0.01
19510,0.0
19511,-0.063
19512,-0.044
19513,0.076
19514,-0.034
19515,-0.017
19516,-0.042
19517,0.027
19518,-0.049
19519,-0.015
19520,-0.071
19521,-0.149
19522,-0.056
19523,-0.061
19524,-0.012
19525,-0.02
19526,-0.181
19527,-0.022
19528,-0.024
19529,-0.071
19530,-0.061
19531,-0.09
19532,0.02
19533,-0.037
19534,-0.056
19535,-0.012
19536,-0.015
19537,-0.022
19538,-0.042
19539,-0.061
19540,0.029
19541,-0.063
19542,-0.164
19543,-0.042
19544,-0.046
19545,-0.154
19546,-0.066
19547,-0.09
19548,0.083
19549,-0.1
19550,-0.151
19551,0.078
19552,-0.017
19553,-0.056
19554,-0.088
19555,-0.081
19556,-0.012
19557,-0.061
19558,0.049
19559,0.022
19560,-0.066
19561,-0.085
19562,0.076
19563,0.046
19564,-0.012
19565,0.007
19566,-0.081
19567,0.046
19568,0.027
19569,-0.029
19570,0.078
19571,0.02
19572,0.037
19573,0.073
19574,-0.068
19575,0.002
19576,0.054
19577,0.044
19578,-0.073
19579,-0.015
19580,0.005
19581,-0.046
19582,0.017
19583,-0.032
19584,-0.032
19585,0.046
19586,-0.049
19587,-0.056
19588,0.044
19589,0.029
19590,-0.042
19591,-0.002
19592,0.093
19593,0.076
19594,0.066
19595,0.059
19596,0.078
19597,-0.042
19598,0.022
19599,0.042
19600,-0.083
19601,0.015
19602,-0.007
19603,-0.11
19604,-0.01
19605,-0.188
19606,-0.127
19607,-0.007
19608,-0.11
19609,-0.029
19610,-0.046
19611,0.039
19612,0.112
19613,-0.02
19614,-0.002
19615,-0.042
19616,0.012
19617,-0.049
19618,-0.117
19619,-0.1
19620,-0.056
19621,0.029
19622,-0.083
19623,-0.083
19624,-0.049
19625,-0.146
19626,-0.054
19627,-0.083
19628,-0.005
19629,0.054
19630,0.085
19631,0.063
19632,-0.027
19633,0.0
19634,0.039
19635,-0.039
19636,0.032
19637,0.037
19638,-0.042
19639,-0.027
19640,0.095
19641,-0.076
19642,-0.037
19643,0.012
19644,-0.042
19645,0.034
19646,-0.039
19647,0.056
19648,0.027
19649,-0.002
19650,0.129
19651,0.066
19652,-0.049
19653,0.059
19654,0.095
19655,0.193
19656,0.125
19657,0.085
19658,0.066
19659,0.076
19660,-0.032
19661,-0.01
19662,-0.022
19663,-0.059
19664,-0.015
19665,0.088
19666,-0.042
19667,0.022
19668,-0.017
19669,0.085
19670,0.151
19671,0.054
19672,0.012
19673,0.098
19674,0.068
19675,0.071
19676,0.056
19677,0.02
19678,0.051
19679,0.015
19680,0.046
19681,0.024
19682,-0.051
19683,0.024
19684,-0.002
19685,-0.002
19686,0.01
19687,0.0
19688,0.088
19689,0.088
19690,-0.032
19691,0.015
19692,-0.059
19693,-0.02
19694,0.01
19695,0.039
19696,0.078
19697,-0.012
19698,-0.007
19699,-0.042
19700,-0.022
19701,-0.007
19702,-0.085
19703,0.007
19704,0.083
19705,-0.085
19706,-0.015
19707,0.076
19708,-0.076
19709,0.051
19710,0.081
19711,0.12
19712,0.095
19713,-0.066
19714,0.037
19715,0.068
19716,0.007
19717,-0.122
19718,-0.042
19719,0.01
19720,-0.156
19721,-0.081
19722,-0.027
19723,-0.032
19724,-0.049
19725,0.007
19726,0.027
19727,0.059
19728,-0.12
19729,-0.02
19730,0.083
19731,-0.005
19732,-0.007
19733,-0.002
19734,0.049
19735,0.039
19736,0.0
19737,-0.017
19738,0.049
19739,-0.105
19740,-0.042
19741,-0.051
19742,-0.093
19743,-0.044
19744,0.076
19745,0.024
19746,0.049
19747,-0.024
19748,0.068
19749,0.012
19750,0.002
19751,0.134
19752,-0.034
19753,0.066
19754,0.139
19755,0.02
19756,0.066
19757,0.012
19758,0.039
19759,0.005
19760,0.005
19761,0.022
19762,0.015
19763,-0.01
19764,0.034
19765,-0.034
19766,0.015
19767,0.044
19768,-0.017
19769,0.066
19770,-0.076
19771,0.085
19772,0.117
19773,0.005
19774,-0.022
19775,0.049
19776,0.0
19777,0.085
19778,0.066
19779,0.0
19780,-0.002
19781,-0.09
19782,-0.083
19783,-0.024
19784,-0.078
19785,-0.049
19786,-0.037
19787,-0.068
19788,-0.115
19789,0.015
19790,0.049
19791,-0.037
19792,0.024
19793,-0.015
19794,0.042
19795,-0.098
19796,-0.132
19797,0.098
19798,0.017
19799,0.044
19800,-0.017
19801,-0.017
19802,0.054
19803,-0.09
19804,-0.054
19805,0.015
19806,-0.012
19807,-0.034
19808,0.046
19809,-0.007
19810,-0.103
19811,0.002
19812,0.051
19813,0.027
19814,0.005
19815,0.027
19816,-0.012
19817,0.024
19818,0.051
19819,-0.024
19820,-0.007
19821,-0.017
19822,-0.012
19823,-0.01
19824,-0.017
19825,0.061
19826,0.115
19827,0.068
19828,0.056
19829,-0.02
19830,0.151
19831,0.129
19832,0.088
19833,0.037
19834,0.051
19835,0.066
19836,0.059
19837,0.044
19838,0.081
19839,-0.002
19840,0.044
19841,-0.1
19842,-0.046
19843,0.046
19844,0.054
19845,-0.027
19846,-0.056
19847,0.007
19848,0.029
19849,-0.032
19850,-0.02
19851,0.029
19852,0.11
19853,0.054
19854,0.051
19855,0.056
19856,0.039
19857,0.071
19858,0.044
19859,-0.024
19860,-0.054
19861,0.027
19862,-0.042
19863,-0.068
19864,-0.056
19865,-0.068
19866,-0.095
19867,0.056
19868,-0.078
19869,-0.002
19870,0.029
19871,-0.081
19872,0.107
19873,0.125
19874,0.029
19875,0.039
19876,0.022
19877,0.156
19878,-0.029
19879,-0.042
19880,0.029
19881,-0.049
19882,-0.081
19883,-0.076
19884,-0.117
19885,-0.11
19886,-0.044
19887,-0.044
19888,-0.056
19889,-0.017
19890,-0.044
19891,-0.063
19892,-0.081
19893,0.02
19894,-0.037
19895,-0.046
19896,0.061
19897,0.02
19898,0.046
19899,0.032
19900,0.007
19901,0.027
19902,-0.071
19903,-0.112
19904,-0.066
19905,0.02
19906,0.068
19907,0.049
19908,-0.1
19909,-0.117
19910,-0.042
19911,0.007
19912,-0.007
19913,0.01
19914,-0.034
19915,0.137
19916,0.134
19917,0.081
19918,0.073
19919,0.09
19920,0.039
19921,0.039
19922,0.032
19923,0.144
19924,0.073
19925,-0.024
19926,-0.012
19927,-0.037
19928,-0.015
19929,0.015
19930,0.059
19931,-0.027
19932,-0.039
19933,0.176
19934,0.042
19935,-0.02
19936,0.11
19937,0.037
19938,0.144
19939,0.029
19940,0.02
19941,0.105
19942,-0.054
19943,0.017
19944,0.103
19945,-0.029
19946,-0.039
19947,-0.024
19948,-0.117
19949,-0.042
19950,0.11
19951,0.042
19952,0.024
19953,0.051
19954,0.029
19955,-0.085
19956,0.027
19957,0.107
19958,0.139
19959,-0.037
19960,-0.051
19961,0.01
19962,-0.007
19963,-0.098
19964,-0.024
19965,-0.002
19966,-0.032
19967,-0.046
19968,0.01
19969,0.022
19970,-0.039
19971,-0.105
19972,-0.024
19973,0.01
19974,0.005
19975,-0.034
19976,0.01
19977,-0.01
19978,0.002
19979,0.029
19980,-0.076
19981,-0.11
19982,0.005
19983,0.059
19984,-0.049
19985,0.015
19986,-0.032
19987,-0.078
19988,-0.051
19989,-0.024
19990,0.02
19991,0.063
19992,0.015
19993,0.09
19994,0.149
19995,0.103
19996,0.029
19997,0.044
19998,0.142
19999,0.193
20000,-0.002
20001,0.022
20002,0.005
20003,0.002
20004,0.005
20005,-0.012
20006,0.002
20007,-0.063
20008,0.012
20009,0.068
20010,0.098
20011,0.02
20012,-0.049
20013,-0.012
20014,-0.049
20015,-0.093
20016,-0.039
20017,0.12
20018,0.149
20019,-0.103
20020,0.01
20021,0.034
20022,-0.046
20023,0.032
20024,-0.032
20025,-0.037
20026,-0.073
20027,-0.071
20028,0.042
20029,-0.042
20030,-0.015
20031,0.017
20032,-0.066
20033,0.068
20034,0.017
20035,0.027
20036,0.029
20037,0.103
20038,0.076
20039,0.132
20040,0.154
20041,0.027
20042,0.044
20043,-0.134
20044,-0.078
20045,-0.095
20046,0.083
20047,-0.024
20048,-0.251
20049,-0.046
20050,-0.049
20051,-0.02
20052,-0.054
20053,-0.027
20054,0.022
20055,-0.093
20056,-0.059
20057,0.027
20058,-0.039
20059,-0.09
20060,0.042
20061,-0.103
20062,-0.056
20063,-0.073
20064,-0.007
20065,-0.159
20066,0.002
20067,-0.081
20068,-0.093
20069,-0.017
20070,0.022
20071,-0.02
20072,-0.032
20073,-0.059
20074,-0.01
20075,0.093
20076,-0.007
20077,-0.044
20078,-0.002
20079,0.059
20080,0.044
20081,-0.044
20082,-0.051
20083,0.098
20084,0.002
20085,-0.09
20086,-0.005
20087,-0.059
20088,-0.122
20089,-0.017
20090,0.005
20091,0.02
20092,-0.085
20093,-0.164
20094,0.034
20095,-0.022
20096,0.029
20097,0.017
20098,0.049
20099,0.107
20100,0.029
20101,0.015
20102,0.002
20103,-0.122
20104,0.083
20105,-0.044
20106,0.093
20107,-0.039
20108,-0.168
20109,0.059
20110,-0.039
20111,-0.103
20112,0.007
20113,-0.029
20114,0.042
20115,-0.073
20116,0.015
20117,0.034
20118,-0.029
20119,-0.002
20120,0.039
20121,0.007
20122,0.068
20123,0.076
20124,-0.12
20125,-0.056
20126,-0.012
20127,-0.029
20128,-0.017
20129,-0.129
20130,-0.105
20131,-0.134
20132,-0.081
20133,0.01
20134,-0.151
20135,-0.076
20136,-0.032
20137,0.029
20138,0.107
20139,-0.063
20140,-0.027
20141,-0.032
20142,-0.081
20143,-0.029
20144,-0.151
20145,0.034
20146,-0.002
20147,-0.127
20148,-0.076
20149,-0.076
20150,-0.132
20151,-0.093
20152,-0.037
20153,0.015
20154,-0.034
20155,-0.144
20156,0.046
20157,-0.017
20158,0.046
20159,0.002
20160,0.01
20161,0.034
20162,-0.012
20163,0.029
20164,0.042
20165,-0.063
20166,-0.01
20167,0.044
20168,-0.017
20169,-0.049
20170,-0.005
20171,-0.039
20172,0.01
20173,-0.027
20174,-0.022
20175,0.073
20176,0.024
20177,-0.007
20178,0.029
20179,0.024
20180,0.046
20181,0.129
20182,-0.027
20183,0.015
20184,0.088
20185,-0.012
20186,0.012
20187,-0.007
20188,-0.068
20189,0.049
20190,0.046
20191,-0.01
20192,-0.061
20193,0.024
20194,0.024
20195,-0.054
20196,-0.039
20197,-0.076
20198,0.007
20199,-0.022
20200,-0.007
20201,0.09
20202,-0.029
20203,-0.005
20204,0.032
20205,0.007
20206,0.015
20207,-0.122
20208,-0.127
20209,-0.027
20210,-0.122
20211,-0.083
20212,-0.039
20213,-0.154
20214,0.056
20215,-0.002
20216,-0.017
20217,-0.029
20218,0.017
20219,0.061
20220,0.015
20221,0.056
20222,-0.002
20223,0.034
20224,-0.002
20225,-0.039
20226,0.007
20227,0.027
20228,0.0
20229,-0.063
20230,-0.027
20231,0.027
20232,-0.005
20233,-0.015
20234,0.022
20235,0.029
20236,0.1
20237,-0.002
20238,-0.056
20239,0.11
20240,0.046
20241,0.078
20242,-0.017
20243,-0.01
20244,0.125
20245,0.027
20246,0.068
20247,0.061
20248,-0.027
20249,0.078
20250,0.098
20251,0.027
20252,-0.017
20253,0.0
20254,0.061
20255,-0.051
20256,-0.098
20257,0.024
20258,0.154
20259,0.076
20260,0.015
20261,0.039
20262,0.117
20263,0.066
20264,-0.022
20265,-0.007
20266,-0.034
20267,-0.01
20268,0.032
20269,-0.034
20270,-0.066
20271,-0.078
20272,0.073
20273,0.049
20274,0.01
20275,0.061
20276,0.02
20277,0.051
20278,0.0
20279,0.073
20280,0.049
20281,0.071
20282,0.024
20283,0.081
20284,-0.017
20285,0.027
20286,0.039
20287,0.007
20288,0.081
20289,0.0
20290,0.015
20291,0.02
20292,-0.112
20293,-0.071
20294,-0.068
20295,0.0
20296,0.042
20297,0.015
20298,-0.051
20299,0.083
20300,0.112
20301,-0.066
20302,0.007
20303,0.027
20304,0.029
20305,-0.056
20306,-0.1
20307,-0.144
20308,-0.134
20309,-0.139
20310,-0.032
20311,-0.137
20312,-0.022
20313,-0.166
20314,-0.132
20315,-0.1
20316,-0.093
20317,-0.098
20318,-0.107
20319,0.056
20320,0.01
20321,0.005
20322,0.002
20323,0.051
20324,0.061
20325,-0.007
20326,-0.051
20327,0.027
20328,0.046
20329,-0.049
20330,-0.032
20331,-0.039
20332,0.034
20333,0.015
20334,0.005
20335,0.024
20336,-0.002
20337,0.042
20338,-0.007
20339,-0.002
20340,0.066
20341,0.066
20342,-0.01
20343,0.085
20344,-0.029
20345,0.061
20346,0.093
20347,0.078
20348,0.059
20349,0.156
20350,0.103
20351,-0.022
20352,-0.088
20353,-0.005
20354,-0.024
20355,-0.042
20356,0.02
20357,0.022
20358,-0.002
20359,-0.032
20360,-0.022
20361,0.154
20362,0.117
20363,0.027
20364,-0.01
20365,0.071
20366,0.142
20367,0.066
20368,0.029
20369,0.02
20370,0.078
20371,0.107
20372,-0.002
20373,0.029
20374,0.081
20375,-0.02
20376,-0.042
20377,-0.09
20378,-0.098
20379,0.015
20380,-0.056
20381,-0.051
20382,-0.115
20383,0.007
20384,0.093
20385,-0.024
20386,0.122
20387,0.088
20388,0.068
20389,-0.007
20390,0.032
20391,-0.01
20392,-0.027
20393,-0.054
20394,0.012
20395,-0.051
20396,0.061
20397,-0.027
20398,-0.015
20399,-0.037
20400,0.01
20401,0.02
20402,-0.046
20403,-0.061
20404,-0.032
20405,0.02
20406,-0.027
20407,-0.081
20408,-0.02
20409,-0.022
20410,0.039
20411,-0.071
20412,-0.093
20413,-0.007
20414,-0.093
20415,0.042
20416,-0.017
20417,-0.01
20418,0.046
20419,0.034
20420,-0.066
20421,0.059
20422,0.103
20423,0.071
20424,-0.049
20425,-0.017
20426,0.146
20427,0.046
20428,0.02
20429,0.02
20430,0.085
20431,0.032
20432,0.02
20433,0.1
20434,-0.02
20435,0.078
20436,0.095
20437,0.085
20438,0.039
20439,0.076
20440,0.142
20441,0.176
20442,0.042
20443,0.11
20444,0.178
20445,0.085
20446,0.002
20447,0.078
20448,0.051
20449,0.061
20450,0.032
20451,-0.039
20452,0.105
20453,0.061
20454,-0.085
20455,-0.049
20456,-0.054
20457,-0.029
20458,-0.042
20459,-0.017
20460,0.017
20461,0.078
20462,0.042
20463,0.071
20464,0.071
20465,0.039
20466,0.171
20467,0.093
20468,-0.042
20469,-0.02
20470,0.02
20471,-0.049
20472,0.09
20473,-0.005
20474,-0.125
20475,-0.083
20476,-0.071
20477,-0.027
20478,-0.132
