,0.044
0,0.024
1,0.056
2,0.125
3,0.068
4,0.042
5,-0.083
6,-0.024
7,0.105
8,-0.01
9,-0.02
10,-0.059
11,-0.095
12,-0.005
13,-0.083
14,0.11
15,0.125
16,0.095
17,-0.063
18,-0.161
19,0.071
20,0.0
21,-0.059
22,-0.029
23,0.032
24,-0.012
25,-0.059
26,-0.039
27,-0.073
28,-0.032
29,0.027
30,-0.061
31,-0.051
32,-0.002
33,-0.024
34,0.049
35,0.005
36,-0.02
37,-0.037
38,0.056
39,0.056
40,-0.051
41,-0.027
42,0.054
43,-0.007
44,0.027
45,-0.046
46,-0.088
47,-0.024
48,-0.029
49,-0.083
50,-0.042
51,-0.073
52,0.027
53,0.059
54,-0.049
55,0.068
56,-0.063
57,-0.083
58,0.071
59,-0.027
60,-0.042
61,-0.01
62,-0.032
63,0.0
64,-0.005
65,-0.061
66,-0.01
67,-0.044
68,0.115
69,-0.034
70,-0.11
71,-0.02
72,-0.044
73,0.032
74,0.002
75,-0.037
76,-0.007
77,0.044
78,-0.022
79,-0.017
80,-0.032
81,0.076
82,0.11
83,0.171
84,0.137
85,0.117
86,0.042
87,0.042
88,0.049
89,-0.015
90,-0.09
91,-0.071
92,0.002
93,-0.049
94,0.002
95,-0.059
96,-0.098
97,0.02
98,-0.012
99,0.0
100,0.049
101,0.015
102,0.073
103,0.085
104,0.095
105,0.051
106,-0.061
107,0.046
108,0.032
109,0.015
110,0.022
111,0.034
112,-0.037
113,-0.156
114,0.051
115,0.073
116,0.015
117,-0.051
118,0.044
119,0.071
120,0.027
121,0.039
122,0.107
123,0.159
124,0.01
125,0.034
126,-0.02
127,0.024
128,0.078
129,-0.017
130,-0.046
131,-0.015
132,0.071
133,-0.039
134,-0.017
135,-0.022
136,-0.056
137,-0.093
138,0.063
139,0.12
140,0.063
141,-0.117
142,-0.044
143,-0.088
144,-0.063
145,-0.005
146,0.02
147,0.059
148,0.039
149,-0.115
150,-0.076
151,-0.017
152,-0.007
153,0.005
154,0.007
155,-0.027
156,0.127
157,-0.034
158,0.046
159,0.01
160,0.093
161,0.024
162,0.034
163,0.042
164,0.042
165,0.042
166,0.042
167,0.005
168,-0.015
169,-0.076
170,-0.051
171,-0.005
172,0.037
173,-0.088
174,0.012
175,0.071
176,-0.022
177,0.017
178,-0.039
179,0.024
180,0.066
181,-0.042
182,0.042
183,0.037
184,0.071
185,0.039
186,-0.039
187,0.049
188,-0.049
189,0.076
190,0.017
191,0.007
192,0.029
193,0.12
194,0.01
195,-0.02
196,0.093
197,0.044
198,-0.024
199,0.046
200,0.107
201,-0.054
202,-0.022
203,-0.046
204,0.1
205,0.054
206,-0.044
207,0.085
208,0.02
209,-0.012
210,-0.02
211,0.066
212,-0.037
213,-0.049
214,-0.125
215,-0.015
216,-0.161
217,-0.134
218,0.039
219,-0.11
220,-0.061
221,-0.093
222,-0.022
223,0.095
224,0.115
225,0.11
226,0.024
227,-0.115
228,0.059
229,-0.01
230,-0.132
231,-0.071
232,0.015
233,0.046
234,-0.061
235,0.051
236,-0.029
237,0.007
238,0.081
239,-0.005
240,0.09
241,0.063
242,0.046
243,0.051
244,0.044
245,0.046
246,0.159
247,0.039
248,0.017
249,0.034
250,0.098
251,0.073
252,-0.132
253,-0.027
254,0.095
255,-0.02
256,-0.032
257,-0.049
258,-0.054
259,-0.037
260,0.027
261,-0.054
262,-0.01
263,-0.11
264,0.032
265,0.059
266,-0.146
267,-0.022
268,-0.032
269,-0.01
270,0.081
271,-0.042
272,0.005
273,0.059
274,0.027
275,0.044
276,-0.024
277,0.042
278,0.046
279,-0.022
280,0.054
281,0.034
282,0.051
283,0.081
284,0.068
285,0.12
286,0.02
287,0.144
288,0.134
289,0.073
290,-0.005
291,-0.068
292,0.042
293,0.098
294,0.007
295,-0.049
296,-0.129
297,0.054
298,0.061
299,-0.027
300,-0.005
301,-0.105
302,-0.007
303,0.076
304,0.027
305,-0.044
306,0.059
307,0.0
308,-0.042
309,0.024
310,-0.034
311,0.085
312,-0.078
313,-0.117
314,-0.107
315,-0.112
316,0.081
317,0.032
318,-0.103
319,-0.149
320,0.024
321,0.107
322,0.01
323,-0.059
324,-0.063
325,0.022
326,0.042
327,0.059
328,0.059
329,0.046
330,-0.015
331,0.034
332,0.017
333,-0.039
334,-0.046
335,-0.024
336,0.005
337,-0.107
338,-0.1
339,0.051
340,-0.063
341,-0.071
342,0.0
343,-0.051
344,-0.022
345,-0.02
346,-0.002
347,0.012
348,0.039
349,0.042
350,0.007
351,0.012
352,-0.061
353,-0.137
354,0.029
355,0.103
356,0.02
357,-0.032
358,-0.063
359,-0.107
360,0.071
361,0.042
362,0.151
363,-0.01
364,-0.012
365,0.107
366,0.11
367,-0.012
368,0.039
369,0.01
370,-0.054
371,0.044
372,0.005
373,-0.034
374,0.015
375,0.054
376,0.007
377,0.02
378,0.022
379,0.093
380,0.088
381,-0.032
382,-0.034
383,-0.01
384,-0.007
385,0.029
386,-0.017
387,0.044
388,-0.051
389,0.088
390,0.103
391,-0.015
392,0.044
393,-0.054
394,-0.061
395,-0.093
396,-0.027
397,-0.049
398,-0.107
399,0.051
400,-0.046
401,-0.022
402,-0.007
403,-0.027
404,0.027
405,0.195
406,0.01
407,-0.068
408,-0.042
409,0.125
410,0.01
411,-0.159
412,-0.117
413,0.02
414,-0.034
415,-0.054
416,0.024
417,-0.083
418,-0.156
419,0.051
420,-0.005
421,-0.154
422,0.01
423,0.095
424,0.027
425,-0.063
426,-0.046
427,0.071
428,-0.046
429,-0.103
430,0.02
431,0.076
432,-0.007
433,-0.046
434,-0.146
435,-0.164
436,-0.115
437,0.029
438,-0.017
439,-0.1
440,-0.022
441,-0.002
442,-0.024
443,0.01
444,-0.02
445,-0.061
446,-0.007
447,0.073
448,0.11
449,-0.002
450,0.085
451,0.139
452,-0.032
453,-0.015
454,-0.012
455,-0.002
456,-0.037
457,-0.107
458,-0.142
459,-0.078
460,0.083
461,-0.015
462,-0.056
463,0.002
464,0.029
465,-0.024
466,0.12
467,0.039
468,0.051
469,-0.01
470,-0.027
471,0.1
472,0.015
473,-0.029
474,-0.027
475,-0.039
476,0.029
477,0.09
478,-0.017
479,-0.063
480,0.059
481,0.12
482,0.01
483,-0.024
484,-0.2
485,-0.151
486,0.042
487,0.032
488,-0.037
489,-0.024
490,-0.007
491,0.076
492,0.037
493,-0.046
494,0.032
495,0.071
496,0.02
497,0.02
498,-0.134
499,-0.088
500,0.024
501,-0.1
502,-0.098
503,0.098
504,-0.107
505,-0.02
506,0.044
507,-0.02
508,0.005
509,-0.039
510,-0.012
511,0.09
512,0.002
513,-0.007
514,-0.046
515,0.034
516,0.01
517,-0.078
518,-0.085
519,0.034
520,-0.046
521,-0.115
522,0.044
523,-0.034
524,-0.037
525,0.042
526,0.093
527,-0.02
528,0.012
529,-0.017
530,-0.039
531,0.081
532,-0.002
533,0.061
534,0.142
535,0.037
536,-0.027
537,0.007
538,-0.022
539,0.034
540,0.032
541,-0.049
542,0.022
543,-0.046
544,-0.056
545,0.024
546,-0.032
547,0.037
548,0.071
549,-0.002
550,0.054
551,0.022
552,0.066
553,0.027
554,-0.02
555,-0.027
556,-0.039
557,0.015
558,-0.01
559,-0.059
560,0.022
561,-0.017
562,-0.073
563,-0.061
564,0.037
565,0.103
566,-0.073
567,0.037
568,0.051
569,-0.022
570,0.0
571,0.127
572,0.171
573,-0.056
574,-0.083
575,-0.061
576,0.024
577,0.081
578,-0.054
579,-0.024
580,-0.024
581,-0.046
582,0.037
583,-0.034
584,-0.015
585,-0.073
586,-0.042
587,-0.007
588,0.007
589,0.063
590,-0.024
591,-0.068
592,-0.029
593,-0.007
594,0.046
595,-0.037
596,-0.039
597,-0.037
598,-0.029
599,-0.076
600,-0.039
601,-0.1
602,0.103
603,0.054
604,-0.115
605,0.056
606,0.027
607,0.054
608,0.12
609,0.059
610,-0.005
611,-0.002
612,-0.037
613,-0.042
614,0.09
615,-0.027
616,0.027
617,-0.027
618,-0.042
619,-0.034
620,-0.105
621,-0.071
622,-0.066
623,-0.012
624,0.083
625,0.01
626,0.054
627,-0.054
628,0.015
629,0.049
630,-0.066
631,-0.081
632,0.088
633,0.0
634,0.056
635,-0.024
636,-0.098
637,-0.171
638,-0.129
639,-0.049
640,-0.051
641,-0.056
642,-0.02
643,0.098
644,-0.107
645,-0.139
646,0.029
647,0.02
648,-0.139
649,-0.103
650,0.085
651,0.029
652,-0.095
653,0.015
654,0.027
655,-0.049
656,0.029
657,-0.032
658,0.0
659,-0.034
660,-0.12
661,-0.066
662,-0.11
663,0.029
664,0.037
665,-0.137
666,-0.144
667,0.044
668,-0.122
669,-0.002
670,0.134
671,-0.12
672,0.005
673,-0.007
674,0.056
675,-0.024
676,-0.002
677,-0.029
678,-0.127
679,-0.039
680,0.029
681,-0.007
682,-0.073
683,-0.022
684,-0.01
685,-0.027
686,-0.01
687,-0.027
688,0.054
689,0.071
690,-0.034
691,-0.039
692,-0.02
693,0.02
694,0.01
695,-0.1
696,-0.1
697,-0.012
698,-0.066
699,-0.015
700,-0.029
701,-0.027
702,0.015
703,0.068
704,-0.049
705,-0.068
706,-0.068
707,-0.098
708,0.066
709,-0.044
710,0.007
711,0.054
712,-0.046
713,-0.015
714,-0.076
715,0.01
716,0.073
717,-0.007
718,-0.042
719,-0.027
720,-0.005
721,-0.034
722,-0.007
723,-0.09
724,-0.02
725,-0.005
726,-0.012
727,0.063
728,0.034
729,-0.034
730,0.071
731,-0.027
732,-0.068
733,0.007
734,0.005
735,0.059
736,0.066
737,0.005
738,-0.042
739,0.071
740,0.039
741,-0.032
742,-0.054
743,-0.105
744,-0.022
745,-0.142
746,-0.059
747,-0.007
748,0.012
749,0.039
750,-0.076
751,-0.105
752,-0.007
753,-0.027
754,0.005
755,0.034
756,0.054
757,-0.024
758,-0.115
759,-0.012
760,0.005
761,-0.044
762,0.002
763,-0.015
764,-0.09
765,0.01
766,-0.007
767,-0.002
768,0.049
769,-0.115
770,-0.034
771,0.024
772,0.098
773,0.107
774,0.076
775,0.005
776,-0.017
777,-0.017
778,0.007
779,-0.083
780,0.0
781,-0.027
782,0.01
783,0.032
784,-0.012
785,-0.01
786,0.022
787,0.037
788,0.037
789,0.002
790,0.183
791,0.078
792,-0.017
793,0.139
794,0.078
795,0.051
796,0.034
797,0.054
798,0.085
799,0.09
800,-0.005
801,0.076
802,0.02
803,-0.022
804,0.068
805,-0.027
806,-0.015
807,0.046
808,0.081
809,-0.002
810,-0.039
811,-0.056
812,0.122
813,0.107
814,0.027
815,-0.002
816,0.042
817,0.056
818,-0.073
819,0.051
820,-0.029
821,-0.005
822,0.061
823,-0.054
824,-0.017
825,-0.046
826,0.171
827,0.095
828,-0.015
829,-0.098
830,-0.056
831,0.093
832,0.012
833,0.024
834,0.027
835,0.1
836,0.12
837,0.005
838,0.032
839,0.024
840,0.01
841,0.02
842,-0.049
843,-0.024
844,-0.01
845,0.024
846,-0.051
847,-0.112
848,-0.015
849,0.044
850,0.042
851,0.088
852,-0.181
853,-0.085
854,0.161
855,0.081
856,-0.068
857,0.054
858,0.134
859,0.088
860,0.01
861,0.037
862,-0.005
863,-0.01
864,0.012
865,-0.005
866,0.042
867,0.002
868,0.146
869,0.166
870,-0.037
871,-0.051
872,0.085
873,0.117
874,-0.002
875,-0.034
876,0.122
877,0.1
878,0.022
879,0.024
880,0.002
881,0.034
882,0.01
883,-0.034
884,-0.027
885,0.034
886,0.071
887,0.085
888,0.063
889,0.02
890,0.015
891,0.017
892,-0.068
893,-0.044
894,0.122
895,0.073
896,0.078
897,-0.007
898,-0.088
899,0.063
900,-0.032
901,-0.015
902,0.017
903,-0.007
904,0.115
905,0.024
906,0.042
907,-0.032
908,-0.063
909,0.071
910,-0.015
911,0.168
912,0.112
913,0.066
914,0.103
915,0.137
916,0.042
917,-0.051
918,0.11
919,0.002
920,-0.037
921,-0.078
922,0.066
923,-0.044
924,-0.073
925,0.01
926,0.098
927,-0.139
928,-0.002
929,0.037
930,-0.051
931,0.005
932,0.015
933,-0.022
934,-0.027
935,0.046
936,-0.01
937,-0.054
938,0.01
939,0.073
940,0.012
941,-0.054
942,-0.022
943,0.027
944,-0.015
945,-0.063
946,0.039
947,-0.034
948,-0.037
949,0.01
950,-0.044
951,0.098
952,0.0
953,0.051
954,0.083
955,-0.051
956,-0.01
957,0.002
958,0.002
959,0.039
960,0.017
961,0.007
962,-0.02
963,-0.022
964,0.002
965,0.0
966,-0.042
967,0.164
968,0.012
969,-0.105
970,0.2
971,0.149
972,-0.1
973,0.046
974,0.066
975,0.134
976,0.068
977,0.0
978,0.056
979,0.066
980,0.078
981,-0.005
982,0.002
983,0.024
984,-0.042
985,-0.046
986,-0.007
987,-0.012
988,-0.093
989,-0.081
990,-0.017
991,-0.081
992,0.027
993,0.056
994,-0.049
995,-0.039
996,-0.054
997,0.093
998,0.059
999,0.068
1000,-0.02
1001,0.034
1002,-0.034
1003,-0.015
1004,0.015
1005,-0.054
1006,-0.005
1007,-0.046
1008,-0.173
1009,-0.037
1010,-0.107
1011,-0.098
1012,-0.02
1013,0.068
1014,-0.093
1015,-0.002
1016,-0.002
1017,-0.076
1018,0.037
1019,-0.115
1020,0.103
1021,-0.027
1022,-0.042
1023,0.02
1024,-0.054
1025,-0.068
1026,-0.112
1027,-0.151
1028,-0.042
1029,-0.088
1030,-0.039
1031,0.01
1032,-0.088
1033,-0.081
1034,-0.061
1035,0.022
1036,0.029
1037,-0.056
1038,0.032
1039,-0.012
1040,-0.063
1041,-0.012
1042,-0.032
1043,-0.046
1044,-0.017
1045,-0.027
1046,0.002
1047,-0.02
1048,-0.034
1049,-0.012
1050,-0.085
1051,0.078
1052,-0.015
1053,-0.02
1054,0.085
1055,0.056
1056,-0.017
1057,0.032
1058,0.156
1059,0.007
1060,0.037
1061,-0.002
1062,-0.044
1063,-0.005
1064,-0.024
1065,0.046
1066,0.024
1067,0.029
1068,0.005
1069,-0.022
1070,-0.149
1071,-0.046
1072,-0.012
1073,0.042
1074,-0.076
1075,0.042
1076,0.056
1077,0.02
1078,0.093
1079,-0.024
1080,0.085
1081,0.051
1082,-0.022
1083,0.066
1084,0.081
1085,-0.073
1086,0.007
1087,0.063
1088,0.005
1089,-0.066
1090,-0.032
1091,-0.11
1092,0.049
1093,0.073
1094,-0.117
1095,-0.051
1096,-0.007
1097,0.02
1098,0.039
1099,-0.054
1100,-0.059
1101,-0.049
1102,-0.049
1103,0.027
1104,-0.078
1105,-0.022
1106,-0.037
1107,-0.037
1108,-0.01
1109,-0.076
1110,-0.156
1111,-0.012
1112,0.037
1113,0.081
1114,-0.042
1115,-0.054
1116,-0.039
1117,0.071
1118,0.005
1119,-0.017
1120,-0.095
1121,-0.032
1122,-0.063
1123,-0.098
1124,0.042
1125,0.037
1126,-0.117
1127,-0.068
1128,-0.056
1129,0.059
1130,0.176
1131,-0.022
1132,-0.095
1133,-0.125
1134,0.083
1135,0.168
1136,0.005
1137,0.093
1138,0.117
1139,-0.093
1140,0.081
1141,0.012
1142,0.007
1143,0.0
1144,-0.007
1145,0.01
1146,0.039
1147,-0.125
1148,-0.09
1149,-0.005
1150,-0.068
1151,-0.005
1152,-0.002
1153,-0.056
1154,0.02
1155,-0.02
1156,-0.005
1157,0.076
1158,-0.061
1159,0.002
1160,0.015
1161,0.02
1162,-0.061
1163,0.017
1164,0.044
1165,0.068
1166,-0.061
1167,-0.002
1168,-0.076
1169,-0.149
1170,-0.02
1171,0.024
1172,-0.112
1173,0.012
1174,0.049
1175,0.015
1176,-0.154
1177,-0.105
1178,0.029
1179,-0.024
1180,0.134
1181,0.156
1182,-0.024
1183,-0.007
1184,-0.061
1185,0.056
1186,0.027
1187,-0.015
1188,-0.039
1189,0.024
1190,-0.034
1191,-0.051
1192,-0.103
1193,-0.054
1194,-0.076
1195,-0.054
1196,0.007
1197,-0.071
1198,-0.039
1199,0.107
1200,-0.022
1201,-0.076
1202,-0.076
1203,-0.095
1204,-0.037
1205,-0.09
1206,-0.132
1207,-0.002
1208,-0.098
1209,-0.059
1210,-0.059
1211,-0.024
1212,-0.032
1213,0.0
1214,0.007
1215,-0.054
1216,-0.007
1217,-0.022
1218,0.002
1219,0.066
1220,0.046
1221,-0.034
1222,0.063
1223,0.11
1224,0.083
1225,0.0
1226,0.005
1227,0.122
1228,0.066
1229,0.071
1230,0.093
1231,0.007
1232,0.007
1233,-0.005
1234,-0.002
1235,-0.005
1236,0.061
1237,0.042
1238,-0.024
1239,0.015
1240,0.007
1241,0.037
1242,0.093
1243,0.044
1244,-0.068
1245,0.049
1246,0.046
1247,0.056
1248,-0.1
1249,-0.068
1250,0.063
1251,0.024
1252,0.017
1253,-0.11
1254,-0.085
1255,0.022
1256,0.134
1257,0.125
1258,0.044
1259,0.085
1260,-0.088
1261,-0.039
1262,0.063
1263,-0.017
1264,-0.078
1265,-0.054
1266,-0.022
1267,0.002
1268,-0.107
1269,-0.095
1270,-0.132
1271,-0.203
1272,-0.11
1273,0.029
1274,-0.063
1275,-0.154
1276,-0.046
1277,-0.051
1278,-0.12
1279,-0.01
1280,-0.073
1281,-0.151
1282,-0.073
1283,-0.085
1284,-0.093
1285,0.02
1286,-0.007
1287,-0.044
1288,-0.032
1289,-0.083
1290,-0.002
1291,0.037
1292,-0.054
1293,-0.129
1294,-0.056
1295,-0.054
1296,0.005
1297,-0.049
1298,0.056
1299,-0.107
1300,0.029
1301,-0.032
1302,0.066
1303,0.015
1304,0.0
1305,0.071
1306,0.059
1307,0.066
1308,0.066
1309,-0.01
1310,0.066
1311,0.059
1312,-0.098
1313,0.024
1314,-0.063
1315,-0.039
1316,-0.034
1317,-0.01
1318,0.017
1319,-0.039
1320,-0.098
1321,0.046
1322,0.029
1323,-0.022
1324,0.056
1325,0.005
1326,0.076
1327,0.051
1328,0.024
1329,-0.039
1330,-0.002
1331,0.044
1332,-0.012
1333,-0.007
1334,0.012
1335,-0.01
1336,0.0
1337,0.059
1338,0.129
1339,0.022
1340,-0.085
1341,0.0
1342,0.046
1343,0.105
1344,0.051
1345,0.1
1346,-0.022
1347,-0.095
1348,-0.042
1349,0.007
1350,-0.002
1351,-0.103
1352,-0.061
1353,0.002
1354,-0.002
1355,0.103
1356,0.149
1357,0.078
1358,-0.032
1359,0.081
1360,0.142
1361,-0.063
1362,0.061
1363,0.1
1364,0.022
1365,-0.063
1366,-0.083
1367,0.037
1368,0.103
1369,-0.007
1370,0.007
1371,0.034
1372,-0.083
1373,-0.193
1374,-0.105
1375,-0.002
1376,0.039
1377,0.068
1378,-0.015
1379,-0.103
1380,0.044
1381,0.046
1382,0.012
1383,0.029
1384,-0.005
1385,-0.056
1386,-0.117
1387,-0.151
1388,-0.107
1389,-0.049
1390,-0.142
1391,-0.032
1392,-0.11
1393,-0.078
1394,0.095
1395,-0.015
1396,-0.188
1397,-0.09
1398,0.051
1399,0.059
1400,0.105
1401,-0.12
1402,-0.017
1403,-0.032
1404,-0.01
1405,0.022
1406,-0.037
1407,-0.02
1408,0.002
1409,-0.046
1410,-0.024
1411,0.061
1412,-0.115
1413,-0.054
1414,0.054
1415,-0.039
1416,-0.012
1417,0.044
1418,-0.027
1419,0.105
1420,0.042
1421,0.02
1422,0.029
1423,-0.002
1424,0.146
1425,0.039
1426,-0.022
1427,0.037
1428,-0.02
1429,0.122
1430,-0.107
1431,-0.076
1432,-0.015
1433,0.071
1434,0.012
1435,-0.059
1436,-0.042
1437,0.002
1438,0.0
1439,-0.017
1440,-0.156
1441,-0.154
1442,0.061
1443,0.027
1444,0.007
1445,-0.012
1446,-0.012
1447,0.005
1448,-0.078
1449,0.02
1450,0.049
1451,0.039
1452,-0.137
1453,-0.061
1454,-0.054
1455,0.068
1456,0.046
1457,0.046
1458,-0.017
1459,0.037
1460,-0.005
1461,0.037
1462,0.017
1463,0.007
1464,0.002
1465,-0.012
1466,-0.054
1467,-0.09
1468,0.076
1469,0.015
1470,-0.081
1471,-0.107
1472,-0.081
1473,-0.005
1474,-0.117
1475,-0.095
1476,-0.059
1477,0.056
1478,-0.11
1479,-0.085
1480,-0.01
1481,-0.015
1482,0.01
1483,0.056
1484,-0.083
1485,-0.034
1486,0.007
1487,-0.022
1488,-0.073
1489,-0.122
1490,-0.071
1491,-0.022
1492,-0.063
1493,-0.105
1494,-0.044
1495,0.032
1496,-0.005
1497,-0.032
1498,0.022
1499,-0.012
1500,0.039
1501,-0.01
1502,-0.032
1503,-0.046
1504,-0.017
1505,0.02
1506,-0.044
1507,-0.049
1508,-0.015
1509,0.056
1510,0.046
1511,-0.076
1512,-0.005
1513,0.054
1514,0.044
1515,0.125
1516,-0.073
1517,0.005
1518,-0.078
1519,0.007
1520,0.081
1521,0.059
1522,0.024
1523,0.103
1524,-0.002
1525,0.029
1526,0.054
1527,0.044
1528,-0.005
1529,-0.002
1530,-0.056
1531,0.046
1532,0.027
1533,-0.024
1534,-0.066
1535,-0.059
1536,0.007
1537,-0.088
1538,-0.017
1539,-0.022
1540,-0.029
1541,0.024
1542,-0.032
1543,-0.115
1544,-0.088
1545,-0.012
1546,0.037
1547,-0.012
1548,-0.081
1549,0.044
1550,0.132
1551,0.107
1552,0.027
1553,0.068
1554,0.034
1555,-0.046
1556,-0.105
1557,-0.095
1558,0.073
1559,-0.022
1560,-0.059
1561,0.066
1562,-0.073
1563,-0.066
1564,0.042
1565,-0.032
1566,0.039
1567,0.046
1568,0.029
1569,-0.017
1570,-0.02
1571,0.059
1572,-0.034
1573,-0.024
1574,0.01
1575,0.0
1576,-0.007
1577,-0.039
1578,-0.007
1579,0.029
1580,0.034
1581,0.049
1582,0.027
1583,0.027
1584,0.022
1585,0.144
1586,0.063
1587,0.02
1588,0.112
1589,0.066
1590,0.034
1591,0.088
1592,-0.017
1593,0.01
1594,-0.105
1595,-0.054
1596,0.076
1597,-0.01
1598,-0.002
1599,0.02
1600,-0.203
1601,-0.1
1602,-0.024
1603,0.078
1604,0.095
1605,0.049
1606,0.015
1607,0.029
1608,0.01
1609,0.042
1610,-0.012
1611,-0.02
1612,0.088
1613,0.002
1614,0.024
1615,0.056
1616,0.029
1617,-0.029
1618,-0.02
1619,0.0
1620,0.037
1621,0.112
1622,0.059
1623,0.02
1624,0.007
1625,0.068
1626,-0.022
1627,-0.022
1628,0.054
1629,0.09
1630,0.032
1631,0.044
1632,0.037
1633,-0.027
1634,0.046
1635,0.061
1636,-0.044
1637,-0.088
1638,-0.059
1639,0.063
1640,0.007
1641,0.049
1642,0.029
1643,0.024
1644,0.095
1645,0.068
1646,-0.046
1647,0.046
1648,0.09
1649,0.076
1650,-0.024
1651,-0.059
1652,-0.005
1653,0.059
1654,-0.015
1655,-0.115
1656,-0.015
1657,0.078
1658,0.017
1659,0.002
1660,-0.01
1661,-0.039
1662,-0.002
1663,-0.007
1664,0.022
1665,0.049
1666,0.161
1667,0.095
1668,0.078
1669,0.078
1670,0.105
1671,-0.002
1672,-0.068
1673,-0.017
1674,0.095
1675,0.044
1676,0.063
1677,-0.044
1678,-0.129
1679,0.005
1680,-0.005
1681,-0.034
1682,0.061
1683,-0.044
1684,0.037
1685,0.068
1686,0.007
1687,0.127
1688,0.022
1689,-0.024
1690,-0.056
1691,-0.051
1692,0.015
1693,0.181
1694,0.122
1695,0.042
1696,0.078
1697,0.11
1698,0.083
1699,0.105
1700,0.015
1701,0.039
1702,0.11
1703,0.007
1704,-0.017
1705,0.071
1706,0.068
1707,0.054
1708,0.137
1709,0.054
1710,0.02
1711,-0.034
1712,0.085
1713,0.173
1714,0.049
1715,0.022
1716,0.095
1717,-0.01
1718,-0.027
1719,0.01
1720,0.093
1721,0.071
1722,-0.024
1723,0.042
1724,0.071
1725,0.112
1726,-0.007
1727,-0.137
1728,0.032
1729,0.068
1730,-0.002
1731,0.037
1732,-0.037
1733,-0.022
1734,0.0
1735,-0.029
1736,-0.142
1737,-0.071
1738,-0.056
1739,-0.093
1740,-0.024
1741,-0.015
1742,0.042
1743,0.112
1744,0.01
1745,0.049
1746,0.059
1747,0.081
1748,0.015
1749,-0.007
1750,0.032
1751,0.073
1752,-0.085
1753,-0.007
1754,-0.022
1755,-0.029
1756,-0.042
1757,0.002
1758,0.056
1759,-0.042
1760,-0.09
1761,-0.01
1762,0.037
1763,0.056
1764,0.0
1765,0.088
1766,0.044
1767,0.061
1768,-0.088
1769,-0.09
1770,0.068
1771,-0.061
1772,0.068
1773,0.044
1774,-0.107
1775,-0.01
1776,0.01
1777,-0.024
1778,-0.054
1779,-0.022
1780,0.01
1781,0.061
1782,-0.059
1783,-0.015
1784,0.088
1785,0.063
1786,0.044
1787,-0.029
1788,-0.046
1789,0.054
1790,-0.061
1791,-0.017
1792,-0.027
1793,-0.015
1794,-0.076
1795,-0.049
1796,-0.032
1797,-0.032
1798,-0.005
1799,-0.01
1800,-0.098
1801,-0.007
1802,-0.007
1803,0.02
1804,0.037
1805,-0.103
1806,-0.068
1807,0.024
1808,0.042
1809,-0.073
1810,0.007
1811,0.024
1812,0.039
1813,-0.061
1814,-0.144
1815,-0.122
1816,-0.1
1817,0.012
1818,-0.029
1819,-0.12
1820,0.002
1821,0.005
1822,0.046
1823,0.024
1824,0.01
1825,0.007
1826,0.002
1827,0.01
1828,0.015
1829,0.02
1830,-0.002
1831,0.068
1832,0.054
1833,0.01
1834,-0.049
1835,-0.105
1836,0.034
1837,-0.012
1838,0.024
1839,-0.049
1840,0.054
1841,0.02
1842,-0.12
1843,-0.1
1844,-0.037
1845,-0.051
1846,0.029
1847,0.151
1848,0.0
1849,-0.037
1850,-0.044
1851,-0.012
1852,-0.105
1853,-0.085
1854,-0.039
1855,-0.046
1856,-0.061
1857,0.002
1858,-0.063
1859,-0.039
1860,0.012
1861,-0.034
1862,-0.164
1863,-0.007
1864,-0.068
1865,-0.122
1866,-0.056
1867,-0.134
1868,-0.093
1869,0.02
1870,0.005
1871,0.005
1872,-0.059
1873,-0.093
1874,-0.11
1875,-0.115
1876,0.007
1877,-0.112
1878,-0.105
1879,-0.098
1880,-0.129
1881,-0.034
1882,-0.173
1883,0.017
1884,-0.024
1885,-0.012
1886,0.081
1887,-0.115
1888,0.029
1889,-0.105
1890,0.015
1891,0.012
1892,-0.105
1893,-0.005
1894,0.017
1895,-0.017
1896,-0.137
1897,-0.083
1898,-0.046
1899,-0.012
1900,-0.142
1901,-0.083
1902,-0.051
1903,-0.056
1904,-0.01
1905,-0.095
1906,-0.081
1907,-0.039
1908,0.112
1909,0.017
1910,-0.015
1911,0.017
1912,0.039
1913,0.081
1914,0.01
1915,0.022
1916,-0.002
1917,-0.049
1918,-0.007
1919,0.002
1920,-0.046
1921,-0.066
1922,0.012
1923,-0.027
1924,-0.032
1925,-0.059
1926,0.063
1927,0.037
1928,0.02
1929,-0.059
1930,-0.105
1931,-0.076
1932,-0.061
1933,-0.039
1934,-0.071
1935,0.037
1936,-0.078
1937,-0.068
1938,-0.166
1939,-0.071
1940,-0.039
1941,-0.093
1942,-0.039
1943,0.049
1944,-0.029
1945,0.063
1946,0.022
1947,-0.032
1948,0.056
1949,0.017
1950,0.024
1951,0.068
1952,0.059
1953,0.005
1954,-0.051
1955,-0.044
1956,0.022
1957,-0.007
1958,-0.059
1959,-0.066
1960,-0.061
1961,0.017
1962,-0.007
1963,0.005
1964,-0.046
1965,-0.056
1966,-0.083
1967,-0.112
1968,-0.061
1969,-0.024
1970,-0.027
1971,-0.002
1972,-0.044
1973,0.02
1974,0.039
1975,-0.002
1976,0.024
1977,-0.037
1978,-0.029
1979,0.027
1980,-0.093
1981,-0.012
1982,0.071
1983,0.024
1984,-0.051
1985,0.046
1986,0.137
1987,0.103
1988,-0.022
1989,-0.024
1990,0.12
1991,0.039
1992,0.046
1993,-0.115
1994,-0.042
1995,0.037
1996,-0.066
1997,-0.061
1998,-0.146
1999,-0.098
2000,-0.002
2001,-0.02
2002,-0.171
2003,-0.071
2004,0.002
2005,-0.027
2006,-0.054
2007,-0.115
2008,0.063
2009,0.017
2010,0.012
2011,0.032
2012,0.039
2013,0.0
2014,0.034
2015,0.037
2016,0.0
2017,0.039
2018,0.02
2019,0.049
2020,0.02
2021,-0.042
2022,-0.027
2023,0.049
2024,0.039
2025,0.093
2026,0.049
2027,0.005
2028,0.0
2029,0.063
2030,0.09
2031,-0.046
2032,0.061
2033,0.085
2034,0.127
2035,0.005
2036,-0.183
2037,0.037
2038,-0.01
2039,0.029
2040,0.061
2041,-0.042
2042,-0.034
2043,-0.078
2044,0.166
2045,0.078
2046,-0.105
2047,-0.027
2048,0.056
2049,0.085
2050,0.039
2051,-0.122
2052,-0.078
2053,0.02
2054,0.022
2055,0.002
2056,0.02
2057,-0.066
2058,0.012
2059,0.017
2060,-0.037
2061,-0.137
2062,-0.073
2063,0.037
2064,0.037
2065,-0.029
2066,-0.063
2067,-0.024
2068,0.073
2069,-0.042
2070,-0.032
2071,0.081
2072,0.051
2073,-0.005
2074,0.01
2075,-0.027
2076,0.032
2077,0.061
2078,-0.056
2079,0.056
2080,-0.095
2081,0.063
2082,-0.032
2083,-0.034
2084,-0.044
2085,-0.046
2086,0.017
2087,0.1
2088,0.144
2089,0.051
2090,0.017
2091,-0.063
2092,0.01
2093,0.042
2094,0.061
2095,0.027
2096,-0.027
2097,-0.061
2098,0.029
2099,-0.046
2100,-0.112
2101,-0.005
2102,-0.002
2103,0.017
2104,-0.022
2105,-0.066
2106,0.061
2107,0.034
2108,0.044
2109,0.078
2110,0.044
2111,0.129
2112,0.112
2113,0.029
2114,-0.034
2115,-0.005
2116,-0.105
2117,-0.083
2118,-0.085
2119,-0.024
2120,-0.01
2121,-0.154
2122,-0.046
2123,-0.017
2124,-0.034
2125,0.073
2126,0.059
2127,0.024
2128,0.083
2129,0.01
2130,0.063
2131,-0.01
2132,0.161
2133,0.076
2134,-0.027
2135,0.071
2136,0.083
2137,-0.002
2138,-0.095
2139,-0.037
2140,0.063
2141,0.11
2142,0.017
2143,-0.044
2144,0.017
2145,0.054
2146,-0.027
2147,0.056
2148,0.022
2149,-0.027
2150,0.107
2151,0.063
2152,0.085
2153,-0.002
2154,0.007
2155,0.103
2156,0.063
2157,-0.186
2158,-0.117
2159,0.081
2160,0.054
2161,0.071
2162,-0.012
2163,-0.11
2164,0.007
2165,-0.042
2166,-0.122
2167,0.029
2168,0.168
2169,0.125
2170,0.144
2171,-0.029
2172,0.027
2173,0.007
2174,0.066
2175,0.032
2176,0.02
2177,-0.012
2178,0.056
2179,-0.024
2180,-0.027
2181,0.015
2182,-0.037
2183,0.012
2184,0.061
2185,0.068
2186,-0.063
2187,0.107
2188,0.054
2189,0.007
2190,0.027
2191,0.132
2192,0.198
2193,0.066
2194,0.046
2195,-0.022
2196,0.046
2197,0.022
2198,0.017
2199,-0.037
2200,-0.042
2201,0.027
2202,-0.046
2203,-0.115
2204,-0.11
2205,-0.063
2206,-0.046
2207,0.007
2208,-0.005
2209,-0.024
2210,0.078
2211,0.015
2212,0.11
2213,0.142
2214,0.051
2215,0.073
2216,0.049
2217,0.056
2218,0.044
2219,-0.068
2220,-0.051
2221,0.032
2222,-0.063
2223,0.02
2224,0.046
2225,-0.039
2226,-0.027
2227,-0.005
2228,0.017
2229,0.09
2230,0.164
2231,0.195
2232,0.2
2233,-0.029
2234,0.024
2235,0.083
2236,0.068
2237,0.017
2238,0.037
2239,0.066
2240,0.002
2241,0.022
2242,0.037
2243,-0.066
2244,-0.046
2245,0.046
2246,-0.015
2247,-0.02
2248,0.024
2249,0.09
2250,0.037
2251,0.02
2252,0.166
2253,0.044
2254,0.071
2255,0.042
2256,-0.051
2257,0.01
2258,0.029
2259,0.0
2260,0.037
2261,-0.017
2262,0.063
2263,0.02
2264,-0.061
2265,-0.129
2266,-0.083
2267,0.039
2268,0.034
2269,-0.076
2270,-0.081
2271,0.144
2272,0.01
2273,0.002
2274,0.01
2275,0.002
2276,0.01
2277,0.024
2278,0.173
2279,0.037
2280,-0.01
2281,-0.034
2282,-0.012
2283,-0.022
2284,-0.063
2285,0.002
2286,0.056
2287,-0.081
2288,-0.02
2289,0.088
2290,-0.022
2291,-0.046
2292,0.01
2293,0.322
2294,-0.002
2295,-0.005
2296,0.022
2297,0.007
2298,-0.007
2299,-0.005
2300,-0.103
2301,-0.022
2302,-0.034
2303,0.024
2304,0.024
2305,0.059
2306,0.059
2307,0.015
2308,0.059
2309,0.056
2310,0.061
2311,0.164
2312,0.083
2313,0.039
2314,0.068
2315,0.107
2316,0.056
2317,-0.034
2318,0.107
2319,0.039
2320,-0.02
2321,-0.056
2322,0.0
2323,-0.059
2324,0.044
2325,0.046
2326,-0.005
2327,-0.039
2328,0.024
2329,0.046
2330,0.037
2331,0.044
2332,-0.002
2333,-0.034
2334,0.168
2335,0.1
2336,-0.015
2337,-0.112
2338,0.137
2339,0.01
2340,-0.132
2341,0.002
2342,0.056
2343,-0.024
2344,-0.02
2345,-0.037
2346,-0.137
2347,0.059
2348,0.059
2349,0.037
2350,0.168
2351,0.127
2352,-0.002
2353,-0.093
2354,0.002
2355,0.063
2356,-0.017
2357,-0.071
2358,0.059
2359,-0.015
2360,-0.054
2361,-0.125
2362,-0.117
2363,-0.093
2364,-0.042
2365,0.002
2366,-0.166
2367,-0.115
2368,0.032
2369,-0.051
2370,-0.137
2371,-0.063
2372,0.012
2373,0.066
2374,0.068
2375,-0.01
2376,0.007
2377,0.017
2378,-0.034
2379,0.132
2380,-0.046
2381,-0.127
2382,-0.024
2383,0.0
2384,-0.034
2385,-0.059
2386,-0.12
2387,-0.125
2388,-0.017
2389,0.073
2390,-0.02
2391,-0.105
2392,0.066
2393,0.107
2394,0.117
2395,0.005
2396,0.022
2397,0.027
2398,-0.012
2399,0.051
2400,-0.044
2401,-0.085
2402,-0.059
2403,0.061
2404,-0.061
2405,-0.1
2406,-0.059
2407,0.051
2408,0.005
2409,-0.037
2410,0.059
2411,0.129
2412,-0.005
2413,-0.061
2414,0.083
2415,0.068
2416,0.002
2417,0.0
2418,0.095
2419,-0.073
2420,0.024
2421,-0.042
2422,-0.015
2423,0.21
2424,0.024
2425,-0.078
2426,-0.002
2427,0.044
2428,0.0
2429,0.051
2430,0.059
2431,-0.115
2432,-0.073
2433,-0.095
2434,0.034
2435,0.095
2436,-0.039
2437,0.056
2438,-0.046
2439,-0.154
2440,-0.044
2441,0.186
2442,0.051
2443,0.059
2444,-0.1
2445,-0.039
2446,-0.024
2447,-0.098
2448,-0.046
2449,-0.083
2450,-0.122
2451,0.02
2452,-0.037
2453,-0.044
2454,-0.107
2455,-0.034
2456,0.01
2457,0.027
2458,0.073
2459,-0.007
2460,-0.1
2461,0.002
2462,-0.107
2463,0.029
2464,-0.071
2465,-0.032
2466,-0.107
2467,0.01
2468,-0.066
2469,-0.095
2470,0.049
2471,-0.083
2472,-0.137
2473,-0.034
2474,0.024
2475,-0.027
2476,0.042
2477,-0.029
2478,-0.171
2479,-0.146
2480,0.024
2481,-0.1
2482,0.015
2483,-0.01
2484,-0.024
2485,0.029
2486,0.044
2487,-0.007
2488,-0.098
2489,-0.063
2490,-0.017
2491,-0.127
2492,0.007
2493,-0.029
2494,0.027
2495,0.042
2496,-0.037
2497,-0.027
2498,-0.059
2499,0.112
2500,0.024
2501,-0.022
2502,0.085
2503,0.09
2504,0.083
2505,-0.049
2506,-0.22
2507,-0.012
2508,0.042
2509,0.015
2510,-0.076
2511,-0.073
2512,0.061
2513,-0.039
2514,-0.039
2515,-0.144
2516,-0.032
2517,0.112
2518,0.0
2519,-0.007
2520,-0.149
2521,0.103
2522,0.037
2523,-0.159
2524,-0.017
2525,0.015
2526,-0.212
2527,0.195
2528,-0.051
2529,0.078
2530,-0.022
2531,-0.137
2532,0.193
2533,0.056
2534,0.027
2535,0.188
2536,-0.105
2537,0.11
2538,-0.02
2539,-0.132
2540,0.068
2541,-0.044
2542,0.044
2543,-0.066
2544,-0.107
2545,-0.054
2546,-0.056
2547,0.049
2548,0.054
2549,-0.229
2550,-0.093
2551,0.01
2552,-0.01
2553,0.007
2554,-0.105
2555,-0.022
2556,0.085
2557,-0.044
2558,0.051
2559,0.044
2560,-0.068
2561,0.095
2562,0.015
2563,0.002
2564,0.022
2565,-0.066
2566,-0.032
2567,0.054
2568,-0.09
2569,-0.059
2570,-0.103
2571,0.002
2572,0.039
2573,0.012
2574,-0.112
2575,-0.081
2576,0.012
2577,-0.039
2578,-0.027
2579,-0.09
2580,-0.029
2581,-0.022
2582,-0.098
2583,-0.171
2584,-0.02
2585,-0.125
2586,-0.042
2587,-0.078
2588,0.005
2589,0.015
2590,-0.022
2591,0.02
2592,0.093
2593,0.056
2594,0.134
2595,0.107
2596,0.144
2597,0.156
2598,0.044
2599,0.042
2600,0.01
2601,0.012
2602,0.088
2603,0.042
2604,-0.059
2605,-0.007
2606,0.068
2607,-0.061
2608,-0.015
2609,-0.005
2610,0.02
2611,-0.024
2612,-0.083
2613,-0.11
2614,0.117
2615,0.093
2616,-0.09
2617,-0.024
2618,0.002
2619,-0.066
2620,-0.056
2621,-0.007
2622,0.022
2623,-0.049
2624,-0.103
2625,-0.112
2626,-0.051
2627,-0.066
2628,-0.168
2629,-0.061
2630,0.012
2631,0.056
2632,0.051
2633,-0.012
2634,0.071
2635,0.054
2636,0.037
2637,0.085
2638,0.083
2639,0.125
2640,0.076
2641,-0.107
2642,-0.068
2643,-0.088
2644,-0.083
2645,0.051
2646,0.034
2647,-0.005
2648,-0.049
2649,-0.037
2650,-0.132
2651,-0.083
2652,-0.085
2653,-0.217
2654,0.01
2655,0.005
2656,0.034
2657,0.039
2658,-0.017
2659,0.002
2660,0.059
2661,0.107
2662,0.073
2663,0.015
2664,0.115
2665,-0.007
2666,-0.142
2667,0.017
2668,0.002
2669,-0.039
2670,0.134
2671,0.042
2672,0.044
2673,-0.007
2674,-0.051
2675,0.132
2676,0.066
2677,0.107
2678,0.105
2679,0.002
2680,0.039
2681,0.032
2682,-0.005
2683,-0.044
2684,-0.085
2685,-0.027
2686,0.042
2687,-0.049
2688,0.1
2689,-0.024
2690,-0.044
2691,0.059
2692,-0.037
2693,-0.002
2694,-0.054
2695,0.056
2696,0.093
2697,-0.161
2698,-0.027
2699,0.034
2700,-0.046
2701,0.024
2702,-0.061
2703,0.042
2704,0.022
2705,0.122
2706,0.002
2707,-0.032
2708,0.049
2709,0.032
2710,0.032
2711,-0.012
2712,0.039
2713,0.039
2714,0.063
2715,0.085
2716,0.037
2717,0.156
2718,0.093
2719,-0.012
2720,0.01
2721,0.022
2722,0.02
2723,-0.093
2724,-0.12
2725,-0.078
2726,-0.166
2727,-0.022
2728,-0.068
2729,-0.09
2730,-0.01
2731,-0.034
2732,-0.066
2733,0.005
2734,0.037
2735,0.046
2736,0.02
2737,-0.027
2738,-0.044
2739,0.037
2740,0.005
2741,-0.168
2742,-0.024
2743,0.044
2744,0.032
2745,0.063
2746,0.01
2747,-0.068
2748,-0.066
2749,-0.051
2750,0.005
2751,0.046
2752,-0.027
2753,0.01
2754,0.056
2755,0.017
2756,0.017
2757,0.054
2758,0.02
2759,0.0
2760,-0.063
2761,-0.066
2762,0.046
2763,0.071
2764,-0.088
2765,-0.046
2766,-0.073
2767,-0.093
2768,0.017
2769,-0.01
2770,-0.032
2771,0.125
2772,0.068
2773,0.017
2774,-0.012
2775,-0.034
2776,-0.037
2777,-0.005
2778,0.068
2779,-0.01
2780,0.037
2781,0.103
2782,0.015
2783,-0.059
2784,0.09
2785,0.107
2786,0.039
2787,0.066
2788,0.051
2789,-0.081
2790,0.017
2791,0.01
2792,-0.051
2793,-0.024
2794,0.042
2795,0.056
2796,-0.142
2797,-0.015
2798,0.022
2799,-0.012
2800,0.039
2801,0.051
2802,-0.095
2803,0.029
2804,-0.071
2805,-0.012
2806,0.034
2807,-0.103
2808,0.024
2809,-0.066
2810,-0.049
2811,0.017
2812,-0.024
2813,0.063
2814,-0.068
2815,-0.085
2816,-0.005
2817,0.037
2818,0.005
2819,0.0
2820,0.068
2821,0.032
2822,-0.022
2823,0.071
2824,0.024
2825,-0.005
2826,-0.037
2827,-0.032
2828,-0.015
2829,-0.073
2830,-0.068
2831,-0.034
2832,0.029
2833,-0.046
2834,-0.059
2835,-0.056
2836,-0.002
2837,0.0
2838,-0.017
2839,0.078
2840,-0.002
2841,0.081
2842,0.027
2843,-0.044
2844,0.09
2845,0.029
2846,0.054
2847,-0.078
2848,-0.039
2849,-0.056
2850,0.037
2851,0.032
2852,0.002
2853,0.012
2854,-0.037
2855,-0.068
2856,-0.01
2857,-0.037
2858,0.059
2859,0.046
2860,0.024
2861,-0.039
2862,-0.027
2863,0.022
2864,0.095
2865,0.034
2866,-0.049
2867,-0.093
2868,-0.027
2869,0.002
2870,-0.1
2871,0.01
2872,-0.029
2873,-0.049
2874,-0.01
2875,-0.071
2876,0.007
2877,0.029
2878,0.061
2879,0.059
2880,-0.066
2881,0.046
2882,0.024
2883,-0.024
2884,0.159
2885,0.127
2886,0.164
2887,0.015
2888,-0.061
2889,0.027
2890,0.039
2891,-0.105
2892,0.02
2893,-0.02
2894,-0.107
2895,0.066
2896,0.007
2897,-0.127
2898,0.059
2899,0.059
2900,-0.061
2901,-0.034
2902,0.034
2903,0.186
2904,0.093
2905,0.022
2906,0.049
2907,0.029
2908,0.1
2909,-0.105
2910,-0.027
2911,-0.071
2912,-0.063
2913,-0.007
2914,-0.015
2915,-0.049
2916,0.046
2917,0.071
2918,0.081
2919,0.095
2920,0.059
2921,0.063
2922,-0.046
2923,0.042
2924,0.044
2925,0.0
2926,0.066
2927,0.024
2928,0.005
2929,0.012
2930,-0.002
2931,0.024
2932,-0.098
2933,-0.005
2934,0.015
2935,-0.032
2936,0.09
2937,0.115
2938,0.046
2939,0.144
2940,0.039
2941,0.085
2942,0.002
2943,-0.005
2944,-0.044
2945,-0.022
2946,-0.088
2947,0.02
2948,0.051
2949,0.049
2950,-0.01
2951,-0.107
2952,-0.068
2953,0.051
2954,-0.044
2955,0.034
2956,0.081
2957,0.134
2958,0.059
2959,0.11
2960,-0.01
2961,-0.044
2962,0.032
2963,0.125
2964,0.044
2965,0.0
2966,-0.042
2967,-0.005
2968,-0.081
2969,0.037
2970,-0.049
2971,-0.007
2972,0.029
2973,-0.007
2974,-0.049
2975,-0.015
2976,0.024
2977,-0.042
2978,-0.01
2979,0.042
2980,-0.105
2981,0.09
2982,0.039
2983,0.024
2984,0.039
2985,0.076
2986,0.176
2987,0.002
2988,0.12
2989,0.12
2990,-0.1
2991,-0.061
2992,0.151
2993,-0.068
2994,-0.2
2995,0.044
2996,-0.022
2997,0.046
2998,0.02
2999,0.029
3000,0.107
3001,-0.032
3002,-0.078
3003,0.056
3004,0.042
3005,0.042
3006,0.125
3007,0.115
3008,0.032
3009,-0.039
3010,0.083
3011,0.042
3012,0.022
3013,0.024
3014,-0.01
3015,-0.005
3016,-0.068
3017,-0.024
3018,0.015
3019,0.007
3020,-0.007
3021,-0.01
3022,-0.012
3023,-0.061
3024,0.073
3025,0.044
3026,-0.071
3027,0.015
3028,-0.081
3029,-0.022
3030,-0.034
3031,0.076
3032,0.159
3033,-0.105
3034,-0.066
3035,0.054
3036,0.046
3037,0.044
3038,0.046
3039,0.073
3040,0.063
3041,0.056
3042,0.066
3043,0.088
3044,-0.02
3045,0.024
3046,0.029
3047,0.012
3048,0.042
3049,0.029
3050,0.071
3051,0.042
3052,0.002
3053,-0.005
3054,-0.046
3055,-0.017
3056,0.059
3057,0.11
3058,0.066
3059,0.042
3060,0.024
3061,0.005
3062,0.056
3063,-0.037
3064,-0.022
3065,-0.046
3066,0.012
3067,0.015
3068,-0.073
3069,-0.12
3070,-0.132
3071,0.005
3072,-0.017
3073,-0.12
3074,-0.032
3075,-0.056
3076,-0.037
3077,-0.015
3078,-0.015
3079,0.005
3080,0.071
3081,0.02
3082,0.0
3083,-0.015
3084,0.042
3085,0.034
3086,-0.02
3087,0.015
3088,-0.056
3089,-0.056
3090,0.017
3091,-0.029
3092,-0.132
3093,-0.044
3094,0.005
3095,-0.012
3096,0.017
3097,-0.09
3098,-0.046
3099,-0.002
3100,0.054
3101,-0.034
3102,-0.027
3103,0.032
3104,0.081
3105,0.103
3106,0.103
3107,-0.012
3108,-0.088
3109,-0.044
3110,-0.044
3111,-0.061
3112,-0.01
3113,-0.103
3114,-0.029
3115,-0.007
3116,0.037
3117,0.049
3118,-0.112
3119,0.032
3120,0.088
3121,0.071
3122,0.044
3123,-0.049
3124,0.024
3125,-0.002
3126,0.032
3127,0.085
3128,0.002
3129,0.02
3130,0.02
3131,-0.059
3132,-0.039
3133,-0.015
3134,0.0
3135,-0.051
3136,-0.09
3137,0.054
3138,0.024
3139,-0.112
3140,0.022
3141,-0.012
3142,-0.024
3143,0.046
3144,0.068
3145,0.007
3146,-0.034
3147,-0.078
3148,0.081
3149,-0.005
3150,-0.046
3151,0.037
3152,0.024
3153,-0.022
3154,-0.039
3155,-0.012
3156,-0.046
3157,-0.081
3158,-0.046
3159,0.027
3160,0.071
3161,0.071
3162,-0.076
3163,0.046
3164,0.076
3165,-0.024
3166,-0.034
3167,0.005
3168,-0.024
3169,-0.01
3170,0.051
3171,0.022
3172,0.015
3173,0.012
3174,0.005
3175,-0.071
3176,0.01
3177,0.032
3178,0.063
3179,-0.076
3180,-0.034
3181,0.083
3182,0.0
3183,-0.007
3184,0.046
3185,-0.017
3186,0.095
3187,0.034
3188,0.056
3189,0.061
3190,0.044
3191,0.029
3192,-0.02
3193,-0.044
3194,0.068
3195,0.017
3196,-0.044
3197,0.0
3198,0.054
3199,0.015
3200,-0.046
3201,0.007
3202,0.168
3203,0.01
3204,-0.01
3205,0.083
3206,0.005
3207,0.061
3208,-0.015
3209,0.027
3210,0.015
3211,-0.09
3212,-0.017
3213,-0.051
3214,-0.066
3215,-0.012
3216,0.017
3217,0.034
3218,-0.073
3219,-0.017
3220,-0.054
3221,-0.007
3222,0.11
3223,-0.017
3224,-0.024
3225,0.034
3226,0.039
3227,0.032
3228,0.0
3229,0.083
3230,0.002
3231,0.039
3232,-0.015
3233,-0.059
3234,-0.056
3235,-0.061
3236,0.01
3237,-0.015
3238,-0.107
3239,-0.034
3240,0.122
3241,-0.034
3242,-0.034
3243,-0.007
3244,-0.061
3245,0.132
3246,0.037
3247,-0.051
3248,0.068
3249,0.01
3250,-0.02
3251,0.12
3252,0.022
3253,-0.037
3254,0.042
3255,-0.059
3256,-0.083
3257,-0.171
3258,-0.078
3259,-0.012
3260,-0.076
3261,-0.024
3262,0.005
3263,-0.017
3264,0.0
3265,-0.144
3266,-0.039
3267,0.098
3268,0.029
3269,-0.012
3270,0.017
3271,0.005
3272,0.051
3273,-0.039
3274,-0.088
3275,-0.044
3276,-0.054
3277,0.002
3278,-0.208
3279,-0.1
3280,0.093
3281,-0.1
3282,-0.056
3283,-0.02
3284,0.022
3285,0.115
3286,0.085
3287,-0.005
3288,-0.073
3289,-0.032
3290,0.076
3291,0.029
3292,-0.027
3293,-0.007
3294,0.078
3295,-0.029
3296,0.02
3297,0.059
3298,-0.015
3299,-0.02
3300,0.012
3301,-0.002
3302,-0.129
3303,-0.037
3304,-0.002
3305,-0.042
3306,0.034
3307,-0.061
3308,-0.007
3309,0.078
3310,0.037
3311,-0.044
3312,0.032
3313,-0.151
3314,-0.056
3315,-0.032
3316,-0.02
3317,-0.012
3318,-0.132
3319,-0.071
3320,0.042
3321,0.007
3322,-0.056
3323,-0.095
3324,0.024
3325,0.112
3326,-0.01
3327,0.073
3328,0.095
3329,0.063
3330,0.132
3331,-0.007
3332,0.0
3333,0.056
3334,0.085
3335,-0.002
3336,-0.056
3337,-0.044
3338,0.0
3339,-0.076
3340,0.161
3341,0.083
3342,-0.044
3343,-0.022
3344,0.022
3345,0.02
3346,-0.024
3347,-0.039
3348,-0.015
3349,-0.051
3350,0.073
3351,-0.073
3352,-0.122
3353,-0.078
3354,0.076
3355,-0.002
3356,-0.076
3357,-0.029
3358,-0.078
3359,0.022
3360,0.054
3361,0.027
3362,0.005
3363,0.046
3364,0.037
3365,-0.049
3366,-0.081
3367,0.015
3368,-0.027
3369,0.073
3370,-0.039
3371,0.051
3372,-0.066
3373,-0.09
3374,0.02
3375,-0.059
3376,0.044
3377,0.012
3378,0.049
3379,-0.032
3380,-0.012
3381,0.0
3382,0.005
3383,-0.015
3384,0.012
3385,0.046
3386,0.027
3387,-0.066
3388,-0.054
3389,-0.022
3390,0.0
3391,0.005
3392,-0.063
3393,-0.027
3394,0.093
3395,-0.054
3396,-0.154
3397,-0.032
3398,-0.11
3399,-0.095
3400,0.061
3401,0.078
3402,-0.073
3403,-0.063
3404,0.125
3405,0.017
3406,-0.154
3407,-0.076
3408,0.066
3409,-0.022
3410,-0.068
3411,-0.093
3412,0.056
3413,0.088
3414,-0.085
3415,-0.139
3416,-0.132
3417,-0.044
3418,-0.022
3419,-0.095
3420,-0.059
3421,-0.012
3422,0.015
3423,0.095
3424,-0.046
3425,-0.081
3426,0.029
3427,0.083
3428,-0.078
3429,-0.125
3430,0.066
3431,0.046
3432,-0.029
3433,-0.117
3434,-0.095
3435,-0.09
3436,-0.164
3437,-0.132
3438,-0.122
3439,-0.051
3440,0.059
3441,-0.078
3442,0.017
3443,-0.007
3444,0.061
3445,-0.007
3446,0.01
3447,-0.056
3448,0.061
3449,0.063
3450,-0.059
3451,-0.09
3452,0.01
3453,0.044
3454,0.024
3455,-0.122
3456,-0.046
3457,0.007
3458,-0.11
3459,-0.154
3460,-0.017
3461,-0.093
3462,0.056
3463,0.09
3464,-0.078
3465,0.027
3466,0.093
3467,0.015
3468,-0.034
3469,0.044
3470,-0.015
3471,-0.066
3472,0.015
3473,0.051
3474,0.022
3475,0.063
3476,0.017
3477,-0.078
3478,-0.093
3479,-0.042
3480,0.054
3481,-0.027
3482,-0.085
3483,-0.117
3484,-0.002
3485,0.024
3486,-0.12
3487,-0.017
3488,-0.027
3489,-0.005
3490,-0.034
3491,0.032
3492,0.125
3493,0.11
3494,0.005
3495,0.027
3496,-0.037
3497,0.022
3498,0.039
3499,0.0
3500,-0.046
3501,-0.115
3502,-0.054
3503,0.037
3504,-0.127
3505,-0.034
3506,-0.127
3507,0.02
3508,0.032
3509,-0.073
3510,0.071
3511,-0.032
3512,0.039
3513,0.042
3514,0.129
3515,0.039
3516,0.012
3517,-0.037
3518,-0.032
3519,-0.024
3520,-0.017
3521,-0.024
3522,-0.071
3523,-0.129
3524,-0.129
3525,-0.142
3526,-0.029
3527,-0.093
3528,-0.044
3529,0.024
3530,-0.042
3531,0.037
3532,-0.007
3533,0.002
3534,0.093
3535,-0.029
3536,0.051
3537,0.002
3538,-0.007
3539,0.049
3540,0.051
3541,-0.01
3542,-0.054
3543,-0.054
3544,-0.142
3545,0.01
3546,0.002
3547,-0.022
3548,-0.005
3549,-0.049
3550,0.029
3551,0.139
3552,0.037
3553,0.115
3554,0.066
3555,0.027
3556,0.083
3557,0.056
3558,0.083
3559,-0.017
3560,0.002
3561,0.081
3562,0.012
3563,0.034
3564,0.029
3565,0.007
3566,0.02
3567,-0.005
3568,0.134
3569,0.149
3570,0.027
3571,0.01
3572,0.017
3573,0.002
3574,0.117
3575,0.037
3576,0.022
3577,0.049
3578,0.105
3579,0.027
3580,0.044
3581,-0.024
3582,-0.022
3583,-0.01
3584,0.022
3585,-0.034
3586,0.002
3587,0.051
3588,0.007
3589,0.051
3590,0.071
3591,0.063
3592,0.078
3593,-0.034
3594,-0.007
3595,-0.005
3596,0.161
3597,0.105
3598,-0.017
3599,0.012
3600,0.083
3601,0.149
3602,0.017
3603,-0.017
3604,-0.154
3605,0.049
3606,0.054
3607,0.042
3608,-0.105
3609,-0.088
3610,0.076
3611,-0.11
3612,-0.042
3613,0.007
3614,-0.046
3615,-0.007
3616,-0.063
3617,-0.056
3618,0.024
3619,-0.127
3620,-0.042
3621,0.027
3622,-0.051
3623,-0.083
3624,-0.098
3625,-0.061
3626,0.024
3627,-0.017
3628,-0.002
3629,0.156
3630,0.156
3631,0.063
3632,-0.044
3633,-0.022
3634,0.107
3635,-0.049
3636,0.071
3637,0.061
3638,0.0
3639,0.042
3640,0.039
3641,-0.081
3642,0.037
3643,0.046
3644,0.059
3645,0.049
3646,-0.078
3647,0.093
3648,0.054
3649,-0.044
3650,0.095
3651,-0.007
3652,0.005
3653,0.024
3654,0.007
3655,0.059
3656,0.022
3657,-0.032
3658,0.049
3659,-0.012
3660,0.007
3661,0.078
3662,-0.02
3663,-0.037
3664,0.046
3665,0.027
3666,0.093
3667,0.071
3668,-0.034
3669,-0.015
3670,0.007
3671,0.063
3672,0.039
3673,0.073
3674,0.059
3675,0.022
3676,0.029
3677,0.007
3678,0.027
3679,0.0
3680,0.01
3681,0.073
3682,-0.002
3683,0.007
3684,-0.027
3685,-0.002
3686,-0.061
3687,-0.081
3688,-0.022
3689,0.01
3690,0.029
3691,-0.017
3692,0.029
3693,0.093
3694,0.168
3695,0.027
3696,-0.024
3697,-0.039
3698,0.076
3699,-0.017
3700,-0.002
3701,-0.095
3702,0.066
3703,-0.005
3704,-0.142
3705,-0.085
3706,-0.029
3707,-0.032
3708,0.012
3709,-0.042
3710,0.017
3711,0.107
3712,0.046
3713,0.059
3714,-0.032
3715,0.0
3716,0.088
3717,0.042
3718,0.112
3719,-0.051
3720,0.059
3721,0.032
3722,-0.1
3723,0.015
3724,0.085
3725,0.046
3726,-0.059
3727,-0.051
3728,0.054
3729,0.044
3730,-0.007
3731,0.039
3732,0.032
3733,-0.039
3734,-0.007
3735,0.034
3736,0.037
3737,0.007
3738,0.049
3739,-0.051
3740,0.005
3741,0.017
3742,-0.032
3743,-0.015
3744,-0.083
3745,0.056
3746,-0.081
3747,-0.073
3748,-0.115
3749,-0.093
3750,-0.029
3751,-0.01
3752,0.095
3753,0.012
3754,0.015
3755,0.049
3756,0.044
3757,0.007
3758,0.029
3759,-0.027
3760,0.046
3761,-0.066
3762,0.017
3763,0.044
3764,0.007
3765,0.066
3766,-0.078
3767,-0.105
3768,0.093
3769,0.032
3770,-0.007
3771,0.039
3772,0.044
3773,0.01
3774,0.137
3775,0.017
3776,0.085
3777,0.005
3778,-0.054
3779,0.071
3780,-0.049
3781,-0.012
3782,0.039
3783,-0.105
3784,-0.042
3785,-0.11
3786,-0.056
3787,-0.071
3788,-0.066
3789,-0.034
3790,0.024
3791,0.088
3792,-0.095
3793,-0.137
3794,0.027
3795,0.034
3796,0.132
3797,-0.093
3798,-0.02
3799,-0.056
3800,-0.046
3801,-0.071
3802,-0.049
3803,-0.01
3804,-0.039
3805,-0.073
3806,-0.093
3807,-0.024
3808,0.056
3809,0.049
3810,-0.029
3811,0.022
3812,0.046
3813,0.193
3814,0.081
3815,-0.012
3816,0.078
3817,0.105
3818,0.032
3819,0.024
3820,0.015
3821,-0.076
3822,-0.024
3823,-0.066
3824,-0.044
3825,0.007
3826,-0.059
3827,-0.09
3828,-0.039
3829,-0.002
3830,-0.129
3831,-0.039
3832,0.005
3833,-0.024
3834,0.005
3835,0.032
3836,0.0
3837,0.007
3838,0.017
3839,-0.002
3840,0.032
3841,0.002
3842,-0.01
3843,-0.083
3844,-0.015
3845,0.1
3846,0.107
3847,-0.015
3848,-0.02
3849,0.02
3850,-0.061
3851,-0.078
3852,-0.068
3853,-0.01
3854,0.015
3855,-0.015
3856,0.032
3857,-0.017
3858,-0.017
3859,-0.032
3860,-0.144
3861,-0.195
3862,-0.061
3863,-0.017
3864,-0.039
3865,-0.095
3866,-0.017
3867,-0.027
3868,-0.093
3869,-0.063
3870,-0.139
3871,-0.034
3872,-0.012
3873,0.005
3874,0.012
3875,0.056
3876,-0.007
3877,0.034
3878,-0.029
3879,-0.007
3880,0.056
3881,-0.002
3882,0.002
3883,0.024
3884,0.01
3885,-0.022
3886,-0.061
3887,-0.142
3888,0.022
3889,0.0
3890,-0.027
3891,-0.037
3892,-0.085
3893,-0.015
3894,0.02
3895,0.022
3896,0.0
3897,0.054
3898,0.063
3899,0.061
3900,0.012
3901,-0.015
3902,0.049
3903,-0.02
3904,-0.095
3905,-0.071
3906,-0.024
3907,0.056
3908,0.022
3909,-0.032
3910,-0.103
3911,0.02
3912,-0.027
3913,0.017
3914,0.029
3915,0.078
3916,-0.037
3917,-0.085
3918,0.0
3919,0.037
3920,0.132
3921,0.142
3922,0.049
3923,0.059
3924,0.022
3925,-0.034
3926,0.0
3927,0.054
3928,-0.071
3929,-0.034
3930,-0.142
3931,-0.012
3932,0.02
3933,0.044
3934,-0.022
3935,-0.073
3936,-0.024
3937,0.081
3938,0.02
3939,-0.076
3940,-0.017
3941,-0.103
3942,0.046
3943,0.142
3944,-0.059
3945,-0.103
3946,-0.073
3947,0.042
3948,0.002
3949,-0.139
3950,-0.017
3951,0.029
3952,-0.054
3953,-0.154
3954,-0.21
3955,0.029
3956,0.032
3957,0.02
3958,-0.1
3959,-0.085
3960,0.015
3961,-0.034
3962,0.024
3963,-0.056
3964,-0.078
3965,-0.068
3966,-0.093
3967,-0.061
3968,-0.125
3969,-0.024
3970,0.01
3971,-0.042
3972,0.027
3973,-0.049
3974,-0.051
3975,0.076
3976,-0.002
3977,0.029
3978,0.046
3979,-0.029
3980,0.193
3981,0.078
3982,0.037
3983,0.063
3984,-0.007
3985,0.029
3986,0.029
3987,0.059
3988,-0.085
3989,-0.073
3990,-0.071
3991,0.007
3992,0.039
3993,0.054
3994,-0.005
3995,-0.005
3996,0.015
3997,0.107
3998,0.046
3999,0.066
4000,0.071
4001,0.054
4002,-0.012
4003,-0.134
4004,-0.012
4005,-0.024
4006,-0.1
4007,-0.046
4008,0.049
4009,-0.09
4010,-0.029
4011,-0.134
4012,-0.046
4013,0.129
4014,-0.017
4015,-0.059
4016,-0.112
4017,0.093
4018,0.176
4019,0.02
4020,0.012
4021,-0.093
4022,-0.012
4023,0.063
4024,-0.037
4025,0.034
4026,0.059
4027,-0.061
4028,0.022
4029,-0.088
4030,-0.007
4031,0.017
4032,-0.11
4033,0.049
4034,-0.005
4035,-0.034
4036,0.054
4037,-0.024
4038,-0.112
4039,0.0
4040,-0.024
4041,0.01
4042,-0.027
4043,-0.054
4044,-0.002
4045,-0.117
4046,-0.037
4047,0.015
4048,-0.063
4049,-0.015
4050,-0.1
4051,-0.046
4052,0.039
4053,-0.159
4054,-0.032
4055,0.017
4056,0.054
4057,-0.085
4058,0.066
4059,0.071
4060,0.078
4061,0.063
4062,0.073
4063,0.122
4064,0.044
4065,-0.042
4066,-0.085
4067,0.051
4068,-0.005
4069,0.017
4070,-0.073
4071,-0.017
4072,0.01
4073,-0.042
4074,-0.017
4075,-0.02
4076,-0.029
4077,0.005
4078,0.024
4079,0.007
4080,-0.042
4081,0.015
4082,0.046
4083,-0.039
4084,0.076
4085,0.037
4086,0.032
4087,-0.024
4088,-0.144
4089,-0.09
4090,0.027
4091,-0.056
4092,-0.088
4093,-0.071
4094,0.024
4095,0.098
4096,-0.085
4097,-0.024
4098,-0.01
4099,0.056
4100,0.051
4101,0.051
4102,0.063
4103,0.161
4104,0.149
4105,0.051
4106,-0.039
4107,-0.015
4108,0.007
4109,0.054
4110,0.034
4111,-0.022
4112,-0.078
4113,0.088
4114,0.015
4115,0.005
4116,-0.042
4117,0.007
4118,0.029
4119,-0.02
4120,0.007
4121,-0.034
4122,-0.044
4123,0.037
4124,0.046
4125,-0.022
4126,-0.002
4127,0.103
4128,0.044
4129,-0.049
4130,-0.022
4131,0.117
4132,-0.02
4133,0.012
4134,0.059
4135,-0.044
4136,-0.022
4137,-0.068
4138,-0.002
4139,0.103
4140,0.088
4141,0.11
4142,-0.01
4143,-0.017
4144,0.088
4145,0.042
4146,0.032
4147,0.054
4148,-0.056
4149,0.015
4150,0.027
4151,-0.01
4152,0.0
4153,0.005
4154,-0.1
4155,-0.027
4156,0.044
4157,0.063
4158,0.051
4159,-0.015
4160,0.046
4161,0.01
4162,-0.046
4163,-0.024
4164,0.022
4165,-0.076
4166,-0.005
4167,0.037
4168,0.093
4169,-0.027
4170,-0.085
4171,0.044
4172,0.034
4173,0.017
4174,-0.042
4175,0.037
4176,0.061
4177,0.034
4178,0.029
4179,0.012
4180,0.107
4181,0.154
4182,0.09
4183,-0.049
4184,0.029
4185,0.005
4186,0.042
4187,-0.024
4188,-0.144
4189,-0.146
4190,-0.1
4191,-0.146
4192,0.027
4193,0.068
4194,-0.01
4195,-0.081
4196,-0.034
4197,0.142
4198,0.007
4199,0.02
4200,-0.073
4201,-0.037
4202,-0.059
4203,-0.059
4204,-0.051
4205,-0.105
4206,-0.032
4207,0.005
4208,-0.088
4209,-0.046
4210,-0.149
4211,-0.078
4212,-0.01
4213,-0.149
4214,0.007
4215,-0.073
4216,-0.12
4217,0.015
4218,-0.015
4219,0.002
4220,0.046
4221,0.051
4222,0.049
4223,-0.02
4224,0.0
4225,0.0
4226,-0.063
4227,0.105
4228,-0.137
4229,-0.073
4230,0.085
4231,0.012
4232,0.066
4233,-0.063
4234,0.044
4235,0.076
4236,0.029
4237,0.239
4238,0.149
4239,-0.063
4240,0.02
4241,0.166
4242,0.032
4243,0.085
4244,0.034
4245,0.1
4246,0.078
4247,-0.01
4248,0.066
4249,0.017
4250,0.037
4251,0.095
4252,-0.046
4253,-0.02
4254,0.107
4255,0.161
4256,0.078
4257,0.039
4258,0.02
4259,0.071
4260,0.132
4261,0.039
4262,-0.156
4263,0.093
4264,0.098
4265,-0.073
4266,0.017
4267,-0.017
4268,0.066
4269,0.037
4270,-0.015
4271,-0.037
4272,-0.107
4273,-0.071
4274,-0.044
4275,0.034
4276,-0.059
4277,0.017
4278,0.029
4279,-0.049
4280,0.039
4281,0.063
4282,-0.015
4283,0.037
4284,0.044
4285,-0.039
4286,-0.095
4287,-0.01
4288,0.022
4289,-0.154
4290,-0.144
4291,-0.125
4292,-0.112
4293,-0.09
4294,-0.059
4295,-0.046
4296,-0.076
4297,-0.063
4298,-0.071
4299,-0.09
4300,-0.054
4301,0.0
4302,0.024
4303,0.071
4304,-0.027
4305,-0.056
4306,0.017
4307,0.002
4308,-0.11
4309,-0.11
4310,-0.059
4311,0.015
4312,-0.005
4313,-0.078
4314,-0.061
4315,-0.056
4316,-0.002
4317,-0.037
4318,-0.037
4319,0.005
4320,0.034
4321,0.085
4322,0.051
4323,0.029
4324,0.09
4325,0.081
4326,0.027
4327,-0.032
4328,-0.034
4329,0.051
4330,-0.012
4331,0.02
4332,-0.046
4333,-0.105
4334,-0.078
4335,-0.066
4336,0.032
4337,-0.071
4338,-0.005
4339,0.049
4340,-0.078
4341,-0.059
4342,0.02
4343,0.063
4344,0.125
4345,0.132
4346,0.017
4347,0.007
4348,0.056
4349,0.022
4350,0.164
4351,-0.042
4352,-0.054
4353,0.076
4354,-0.122
4355,-0.051
4356,0.022
4357,0.0
4358,0.039
4359,-0.066
4360,-0.017
4361,0.0
4362,0.032
4363,0.034
4364,0.022
4365,-0.007
4366,0.024
4367,0.098
4368,0.076
4369,-0.02
4370,0.02
4371,0.049
4372,-0.005
4373,0.078
4374,0.044
4375,-0.059
4376,0.061
4377,0.046
4378,-0.063
4379,-0.027
4380,-0.085
4381,-0.02
4382,-0.056
4383,-0.071
4384,0.059
4385,0.029
4386,-0.063
4387,-0.078
4388,-0.095
4389,-0.029
4390,0.051
4391,0.046
4392,0.0
4393,0.056
4394,-0.015
4395,-0.039
4396,-0.093
4397,-0.105
4398,0.007
4399,-0.037
4400,0.029
4401,0.039
4402,0.054
4403,0.098
4404,0.046
4405,-0.042
4406,0.051
4407,0.134
4408,0.107
4409,0.039
4410,-0.022
4411,0.042
4412,0.042
4413,0.037
4414,-0.049
4415,0.059
4416,0.127
4417,0.066
4418,-0.054
4419,0.002
4420,0.046
4421,0.066
4422,0.195
4423,0.071
4424,0.122
4425,0.161
4426,0.107
4427,0.139
4428,0.083
4429,-0.022
4430,0.068
4431,0.0
4432,-0.012
4433,0.081
4434,-0.022
4435,0.0
4436,0.066
4437,0.049
4438,0.103
4439,0.217
4440,0.149
4441,0.066
4442,0.073
4443,0.0
4444,-0.015
4445,-0.046
4446,0.076
4447,0.073
4448,-0.042
4449,-0.029
4450,-0.061
4451,-0.09
4452,-0.056
4453,-0.081
4454,-0.032
4455,0.015
4456,-0.142
4457,-0.005
4458,0.078
4459,0.02
4460,-0.002
4461,-0.01
4462,0.007
4463,0.042
4464,-0.037
4465,0.027
4466,0.068
4467,0.078
4468,-0.054
4469,-0.088
4470,-0.085
4471,0.007
4472,-0.015
4473,-0.032
4474,-0.007
4475,-0.012
4476,-0.012
4477,-0.022
4478,-0.056
4479,0.037
4480,-0.015
4481,-0.098
4482,-0.015
4483,0.066
4484,0.076
4485,0.049
4486,0.015
4487,0.022
4488,-0.024
4489,0.032
4490,0.073
4491,-0.061
4492,0.0
4493,0.088
4494,-0.02
4495,0.039
4496,0.095
4497,-0.112
4498,0.059
4499,0.085
4500,0.122
4501,0.051
4502,-0.039
4503,0.024
4504,0.059
4505,0.098
4506,0.068
4507,-0.037
4508,0.063
4509,0.129
4510,0.093
4511,0.054
4512,0.054
4513,0.068
4514,0.032
4515,0.039
4516,0.01
4517,0.1
4518,0.073
4519,-0.002
4520,0.061
4521,0.164
4522,0.122
4523,0.107
4524,0.151
4525,0.151
4526,0.054
4527,-0.044
4528,0.117
4529,0.071
4530,-0.034
4531,0.051
4532,0.029
4533,0.076
4534,0.037
4535,0.134
4536,-0.01
4537,-0.022
4538,0.149
4539,0.063
4540,0.0
4541,0.049
4542,0.056
4543,0.122
4544,0.049
4545,0.046
4546,0.085
4547,0.044
4548,0.034
4549,0.029
4550,0.068
4551,-0.029
4552,-0.037
4553,0.034
4554,-0.027
4555,-0.061
4556,-0.061
4557,-0.049
4558,-0.063
4559,0.017
4560,-0.195
4561,0.022
4562,0.049
4563,0.02
4564,0.034
4565,-0.059
4566,0.066
4567,0.122
4568,-0.063
4569,-0.024
4570,0.0
4571,0.012
4572,0.007
4573,-0.063
4574,-0.017
4575,0.054
4576,-0.007
4577,0.022
4578,-0.034
4579,0.01
4580,0.007
4581,0.088
4582,-0.034
4583,-0.059
4584,0.049
4585,0.117
4586,0.005
4587,0.017
4588,0.054
4589,0.024
4590,-0.051
4591,-0.11
4592,-0.039
4593,-0.105
4594,0.027
4595,0.022
4596,-0.093
4597,-0.132
4598,0.01
4599,0.02
4600,-0.125
4601,0.007
4602,-0.054
4603,0.056
4604,0.127
4605,0.056
4606,-0.007
4607,0.0
4608,-0.088
4609,-0.198
4610,-0.085
4611,-0.127
4612,0.105
4613,0.037
4614,-0.059
4615,-0.171
4616,-0.183
4617,-0.046
4618,-0.012
4619,-0.022
4620,-0.044
4621,-0.017
4622,-0.039
4623,0.029
4624,-0.027
4625,0.032
4626,0.076
4627,-0.005
4628,0.054
4629,0.088
4630,-0.046
4631,-0.051
4632,-0.037
4633,-0.078
4634,-0.071
4635,0.0
4636,0.0
4637,0.029
4638,-0.071
4639,-0.056
4640,0.02
4641,-0.01
4642,-0.151
4643,0.0
4644,0.01
4645,-0.076
4646,-0.042
4647,0.042
4648,-0.09
4649,-0.051
4650,0.002
4651,-0.022
4652,-0.093
4653,-0.105
4654,-0.085
4655,-0.176
4656,-0.107
4657,-0.117
4658,-0.007
4659,-0.049
4660,-0.112
4661,0.002
4662,-0.022
4663,0.056
4664,0.02
4665,0.051
4666,-0.022
4667,0.078
4668,0.02
4669,-0.076
4670,0.007
4671,-0.015
4672,0.027
4673,0.076
4674,-0.081
4675,-0.164
4676,-0.088
4677,-0.098
4678,-0.042
4679,-0.085
4680,-0.083
4681,-0.046
4682,-0.066
4683,-0.063
4684,-0.059
4685,-0.01
4686,0.105
4687,0.073
4688,-0.044
4689,-0.071
4690,0.066
4691,0.01
4692,-0.012
4693,-0.01
4694,-0.037
4695,-0.12
4696,-0.042
4697,-0.005
4698,-0.073
4699,-0.066
4700,-0.024
4701,-0.039
4702,-0.032
4703,0.068
4704,0.027
4705,0.02
4706,-0.027
4707,0.083
4708,-0.027
4709,0.032
4710,0.027
4711,-0.027
4712,0.015
4713,-0.088
4714,-0.229
4715,-0.212
4716,-0.264
4717,-0.002
4718,-0.112
4719,-0.237
4720,-0.068
4721,-0.044
4722,-0.044
4723,-0.007
4724,-0.024
4725,-0.007
4726,0.005
4727,0.027
4728,0.046
4729,-0.02
4730,-0.098
4731,-0.017
4732,-0.032
4733,-0.12
4734,-0.098
4735,-0.049
4736,-0.159
4737,-0.161
4738,-0.183
4739,-0.02
4740,-0.049
4741,-0.156
4742,-0.068
4743,-0.017
4744,0.039
4745,0.027
4746,-0.085
4747,0.051
4748,0.066
4749,0.044
4750,0.037
4751,-0.002
4752,0.129
4753,0.095
4754,-0.042
4755,-0.054
4756,0.032
4757,-0.1
4758,-0.178
4759,-0.132
4760,-0.134
4761,-0.039
4762,-0.059
4763,-0.137
4764,-0.051
4765,0.044
4766,0.054
4767,-0.068
4768,0.005
4769,0.066
4770,0.051
4771,-0.022
4772,-0.073
4773,-0.032
4774,-0.051
4775,0.088
4776,0.1
4777,0.017
4778,-0.127
4779,0.007
4780,0.051
4781,-0.068
4782,-0.122
4783,0.039
4784,0.068
4785,-0.042
4786,-0.002
4787,0.132
4788,0.054
4789,0.081
4790,0.208
4791,-0.015
4792,0.029
4793,0.105
4794,0.059
4795,0.015
4796,-0.015
4797,-0.059
4798,-0.071
4799,-0.098
4800,-0.088
4801,-0.061
4802,-0.073
4803,-0.1
4804,-0.066
4805,-0.085
4806,0.054
4807,0.027
4808,0.081
4809,0.037
4810,0.029
4811,0.107
4812,-0.049
4813,-0.015
4814,-0.027
4815,0.073
4816,-0.032
4817,-0.024
4818,0.027
4819,0.017
4820,-0.059
4821,0.02
4822,0.015
4823,-0.01
4824,0.012
4825,0.002
4826,0.088
4827,0.042
4828,0.015
4829,-0.039
4830,0.049
4831,-0.022
4832,-0.129
4833,0.015
4834,-0.066
4835,-0.139
4836,0.022
4837,-0.093
4838,-0.071
4839,-0.002
4840,-0.051
4841,-0.063
4842,-0.112
4843,-0.024
4844,-0.007
4845,-0.051
4846,0.073
4847,-0.002
4848,0.02
4849,-0.015
4850,-0.034
4851,0.081
4852,0.042
4853,0.149
4854,0.049
4855,0.012
4856,-0.012
4857,0.0
4858,0.059
4859,-0.02
4860,-0.12
4861,0.029
4862,-0.007
4863,-0.01
4864,-0.034
4865,-0.005
4866,-0.022
4867,0.029
4868,0.098
4869,0.049
4870,-0.005
4871,-0.024
4872,0.095
4873,0.007
4874,-0.09
4875,-0.005
4876,-0.007
4877,0.01
4878,-0.042
4879,0.061
4880,0.022
4881,0.078
4882,0.024
4883,0.0
4884,0.09
4885,0.146
4886,-0.012
4887,-0.049
4888,0.081
4889,0.078
4890,0.017
4891,-0.115
4892,-0.081
4893,0.078
4894,0.049
4895,-0.027
4896,-0.103
4897,-0.09
4898,-0.059
4899,0.042
4900,-0.093
4901,-0.09
4902,-0.049
4903,0.032
4904,-0.073
4905,-0.127
4906,-0.042
4907,-0.046
4908,-0.056
4909,0.059
4910,0.059
4911,0.168
4912,0.095
4913,0.022
4914,0.0
4915,0.034
4916,-0.044
4917,0.039
4918,-0.029
4919,-0.054
4920,-0.049
4921,-0.002
4922,-0.007
4923,-0.056
4924,-0.022
4925,0.012
4926,0.059
4927,0.034
4928,-0.015
4929,0.042
4930,0.103
4931,0.027
4932,0.054
4933,0.066
4934,-0.01
4935,0.063
4936,0.044
4937,0.017
4938,0.027
4939,0.044
4940,0.063
4941,0.107
4942,0.042
4943,0.083
4944,0.122
4945,0.071
4946,0.151
4947,0.093
4948,0.017
4949,0.007
4950,0.046
4951,0.076
4952,0.125
4953,0.073
4954,-0.251
4955,-0.051
4956,0.066
4957,-0.032
4958,-0.01
4959,-0.107
4960,-0.085
4961,-0.049
4962,-0.115
4963,-0.02
4964,0.024
4965,-0.005
4966,0.076
4967,0.054
4968,0.032
4969,0.005
4970,0.015
4971,0.027
4972,0.029
4973,0.127
4974,-0.044
4975,0.024
4976,0.129
4977,-0.039
4978,0.107
4979,-0.037
4980,-0.078
4981,0.115
4982,0.11
4983,0.154
4984,-0.1
4985,-0.076
4986,0.01
4987,0.012
4988,-0.046
4989,-0.024
4990,0.02
4991,-0.039
4992,0.173
4993,-0.09
4994,-0.042
4995,-0.051
4996,0.02
4997,0.117
4998,-0.103
4999,-0.146
5000,-0.061
5001,-0.117
5002,-0.068
5003,-0.154
5004,-0.017
5005,-0.029
5006,-0.066
5007,-0.063
5008,0.029
5009,0.081
5010,-0.024
5011,-0.081
5012,0.12
5013,0.083
5014,0.027
5015,0.044
5016,-0.007
5017,-0.024
5018,0.002
5019,-0.012
5020,-0.083
5021,-0.042
5022,-0.017
5023,0.022
5024,0.01
5025,0.022
5026,0.071
5027,0.059
5028,0.051
5029,0.068
5030,0.044
5031,0.098
5032,0.022
5033,0.027
5034,0.088
5035,0.059
5036,0.093
5037,-0.059
5038,0.0
5039,-0.01
5040,-0.044
5041,-0.042
5042,-0.073
5043,-0.017
5044,0.027
5045,0.034
5046,0.054
5047,0.017
5048,-0.054
5049,0.034
5050,0.073
5051,0.076
5052,0.1
5053,0.024
5054,0.164
5055,0.02
5056,-0.056
5057,0.215
5058,0.103
5059,0.01
5060,-0.068
5061,-0.078
5062,-0.017
5063,-0.002
5064,0.093
5065,0.061
5066,-0.139
5067,0.115
5068,0.144
5069,0.139
5070,-0.063
5071,0.002
5072,0.081
5073,-0.022
5074,0.068
5075,-0.007
5076,0.049
5077,-0.083
5078,-0.061
5079,-0.078
5080,-0.137
5081,-0.076
5082,-0.068
5083,-0.005
5084,0.032
5085,-0.012
5086,0.002
5087,0.039
5088,-0.066
5089,-0.115
5090,0.12
5091,0.032
5092,0.005
5093,-0.037
5094,-0.017
5095,-0.002
5096,-0.012
5097,-0.049
5098,0.029
5099,-0.117
5100,0.037
5101,-0.063
5102,-0.176
5103,-0.01
5104,-0.1
5105,-0.046
5106,0.178
5107,0.095
5108,-0.09
5109,0.073
5110,0.085
5111,0.234
5112,-0.049
5113,0.046
5114,0.09
5115,0.044
5116,0.127
5117,0.066
5118,0.081
5119,0.01
5120,-0.083
5121,-0.076
5122,-0.107
5123,0.024
5124,0.039
5125,0.022
5126,-0.044
5127,-0.083
5128,-0.007
5129,0.051
5130,-0.056
5131,-0.061
5132,0.027
5133,-0.039
5134,-0.061
5135,-0.002
5136,0.012
5137,-0.085
5138,-0.061
5139,-0.022
5140,-0.029
5141,-0.071
5142,0.0
5143,-0.029
5144,0.037
5145,0.039
5146,-0.098
5147,-0.005
5148,-0.022
5149,0.024
5150,0.007
5151,0.0
5152,0.168
5153,-0.029
5154,-0.027
5155,0.071
5156,0.085
5157,0.015
5158,0.005
5159,-0.083
5160,-0.044
5161,-0.071
5162,0.012
5163,-0.085
5164,-0.076
5165,-0.061
5166,-0.042
5167,-0.11
5168,-0.007
5169,0.02
5170,0.046
5171,-0.039
5172,-0.127
5173,-0.049
5174,0.049
5175,-0.046
5176,-0.015
5177,-0.081
5178,-0.022
5179,0.063
5180,-0.063
5181,-0.107
5182,-0.034
5183,-0.01
5184,-0.012
5185,0.054
5186,-0.171
5187,-0.066
5188,0.071
5189,0.142
5190,-0.11
5191,-0.046
5192,0.076
5193,0.112
5194,-0.093
5195,-0.11
5196,0.017
5197,-0.044
5198,-0.056
5199,-0.081
5200,-0.117
5201,-0.012
5202,-0.09
5203,-0.071
5204,0.037
5205,-0.032
5206,-0.039
5207,-0.027
5208,-0.015
5209,-0.049
5210,0.012
5211,0.042
5212,-0.007
5213,0.015
5214,0.046
5215,-0.044
5216,-0.005
5217,-0.129
5218,-0.166
5219,0.046
5220,-0.044
5221,-0.146
5222,0.042
5223,-0.115
5224,-0.061
5225,0.002
5226,-0.017
5227,-0.029
5228,-0.044
5229,-0.002
5230,0.095
5231,0.063
5232,0.01
5233,0.098
5234,-0.037
5235,0.056
5236,0.12
5237,-0.139
5238,0.032
5239,-0.078
5240,-0.105
5241,0.024
5242,0.02
5243,0.032
5244,-0.034
5245,-0.081
5246,-0.061
5247,-0.005
5248,-0.027
5249,-0.007
5250,-0.007
5251,0.093
5252,-0.002
5253,-0.061
5254,0.02
5255,-0.068
5256,-0.01
5257,-0.02
5258,-0.063
5259,0.044
5260,-0.129
5261,-0.122
5262,-0.054
5263,-0.063
5264,-0.017
5265,-0.083
5266,-0.156
5267,-0.056
5268,0.054
5269,0.02
5270,-0.044
5271,0.049
5272,-0.012
5273,-0.076
5274,-0.049
5275,0.029
5276,0.081
5277,-0.042
5278,0.034
5279,-0.039
5280,-0.039
5281,0.115
5282,-0.144
5283,-0.183
5284,-0.085
5285,0.005
5286,-0.012
5287,0.02
5288,0.093
5289,-0.073
5290,0.032
5291,0.1
5292,0.027
5293,-0.029
5294,-0.063
5295,0.056
5296,0.137
5297,0.042
5298,-0.002
5299,0.034
5300,0.061
5301,-0.002
5302,-0.01
5303,-0.049
5304,-0.061
5305,-0.029
5306,-0.132
5307,-0.002
5308,-0.042
5309,-0.022
5310,-0.149
5311,-0.115
5312,0.063
5313,0.051
5314,-0.005
5315,-0.022
5316,0.034
5317,-0.098
5318,-0.042
5319,0.042
5320,-0.039
5321,-0.071
5322,-0.11
5323,-0.146
5324,-0.063
5325,-0.032
5326,0.051
5327,0.017
5328,-0.034
5329,0.029
5330,0.024
5331,0.129
5332,0.032
5333,0.005
5334,0.083
5335,0.007
5336,-0.01
5337,-0.046
5338,-0.017
5339,0.012
5340,-0.066
5341,-0.085
5342,-0.093
5343,-0.056
5344,0.022
5345,0.034
5346,-0.059
5347,-0.007
5348,0.01
5349,0.027
5350,-0.015
5351,-0.039
5352,0.146
5353,0.105
5354,0.005
5355,0.022
5356,-0.029
5357,0.066
5358,0.081
5359,0.117
5360,0.076
5361,0.007
5362,-0.034
5363,-0.037
5364,-0.027
5365,-0.122
5366,-0.085
5367,-0.054
5368,-0.063
5369,-0.132
5370,-0.044
5371,0.01
5372,0.012
5373,0.015
5374,0.071
5375,-0.029
5376,-0.032
5377,0.088
5378,0.081
5379,-0.088
5380,-0.015
5381,-0.034
5382,0.022
5383,0.034
5384,0.034
5385,-0.027
5386,-0.225
5387,-0.083
5388,0.02
5389,0.083
5390,0.051
5391,0.127
5392,0.039
5393,0.049
5394,0.007
5395,0.0
5396,0.059
5397,0.046
5398,0.042
5399,0.066
5400,-0.012
5401,0.007
5402,-0.002
5403,0.015
5404,-0.056
5405,-0.017
5406,-0.034
5407,-0.037
5408,-0.073
5409,-0.125
5410,-0.083
5411,-0.002
5412,-0.044
5413,0.073
5414,0.171
5415,0.012
5416,0.032
5417,-0.005
5418,-0.037
5419,-0.024
5420,0.017
5421,-0.144
5422,-0.051
5423,0.073
5424,-0.095
5425,-0.032
5426,-0.059
5427,-0.056
5428,-0.061
5429,-0.034
5430,0.029
5431,0.012
5432,-0.02
5433,0.066
5434,0.112
5435,0.024
5436,-0.046
5437,-0.051
5438,0.005
5439,0.027
5440,-0.02
5441,-0.132
5442,-0.061
5443,-0.098
5444,-0.112
5445,0.022
5446,-0.073
5447,-0.027
5448,0.061
5449,-0.032
5450,-0.02
5451,-0.032
5452,0.015
5453,-0.032
5454,-0.063
5455,0.051
5456,-0.007
5457,-0.029
5458,0.037
5459,0.11
5460,0.098
5461,-0.049
5462,0.032
5463,0.071
5464,0.034
5465,0.088
5466,0.115
5467,0.076
5468,-0.022
5469,0.0
5470,-0.02
5471,-0.054
5472,0.088
5473,0.103
5474,-0.093
5475,0.007
5476,0.017
5477,0.125
5478,0.02
5479,0.066
5480,0.002
5481,-0.015
5482,0.078
5483,-0.002
5484,-0.095
5485,-0.186
5486,-0.024
5487,-0.044
5488,0.083
5489,-0.037
5490,-0.002
5491,0.068
5492,-0.107
5493,0.007
5494,0.103
5495,0.083
5496,0.029
5497,0.032
5498,0.144
5499,0.095
5500,0.059
5501,0.076
5502,0.037
5503,-0.039
5504,0.042
5505,0.0
5506,-0.002
5507,0.049
5508,-0.046
5509,-0.081
5510,-0.098
5511,0.005
5512,0.005
5513,0.054
5514,0.017
5515,-0.024
5516,-0.076
5517,0.005
5518,-0.032
5519,0.005
5520,0.017
5521,-0.1
5522,-0.051
5523,-0.112
5524,-0.007
5525,0.068
5526,-0.015
5527,-0.183
5528,-0.103
5529,-0.024
5530,-0.078
5531,0.0
5532,-0.134
5533,0.005
5534,0.056
5535,0.02
5536,-0.095
5537,-0.11
5538,-0.076
5539,-0.015
5540,0.044
5541,0.037
5542,-0.049
5543,-0.032
5544,-0.042
5545,-0.083
5546,-0.059
5547,-0.032
5548,-0.029
5549,-0.015
5550,-0.049
5551,0.007
5552,-0.002
5553,0.076
5554,0.09
5555,-0.049
5556,0.051
5557,0.02
5558,0.039
5559,0.071
5560,0.0
5561,0.005
5562,0.029
5563,0.027
5564,0.127
5565,0.042
5566,-0.105
5567,-0.081
5568,-0.039
5569,-0.017
5570,0.056
5571,-0.044
5572,0.029
5573,-0.049
5574,-0.044
5575,0.02
5576,0.063
5577,0.066
5578,0.051
5579,-0.024
5580,-0.017
5581,0.085
5582,0.068
5583,0.081
5584,0.005
5585,0.034
5586,0.032
5587,-0.01
5588,0.007
5589,-0.02
5590,0.02
5591,0.088
5592,0.02
5593,-0.007
5594,0.068
5595,0.051
5596,0.073
5597,0.02
5598,0.051
5599,-0.073
5600,-0.063
5601,0.042
5602,-0.029
5603,-0.054
5604,-0.117
5605,-0.117
5606,0.024
5607,0.015
5608,-0.02
5609,-0.029
5610,-0.071
5611,-0.161
5612,-0.088
5613,0.039
5614,0.005
5615,0.01
5616,-0.007
5617,-0.093
5618,-0.002
5619,-0.088
5620,-0.078
5621,0.007
5622,0.037
5623,-0.066
5624,-0.11
5625,-0.054
5626,0.039
5627,0.029
5628,-0.073
5629,-0.046
5630,-0.022
5631,-0.037
5632,-0.039
5633,0.015
5634,0.076
5635,0.007
5636,0.007
5637,0.054
5638,0.151
5639,0.024
5640,-0.017
5641,0.017
5642,0.037
5643,-0.078
5644,0.054
5645,-0.066
5646,-0.127
5647,-0.024
5648,-0.024
5649,0.024
5650,-0.01
5651,-0.11
5652,0.044
5653,-0.068
5654,-0.081
5655,0.103
5656,-0.02
5657,-0.022
5658,-0.037
5659,0.015
5660,0.061
5661,-0.051
5662,-0.027
5663,0.012
5664,-0.159
5665,-0.037
5666,-0.005
5667,-0.063
5668,0.012
5669,-0.061
5670,-0.107
5671,-0.012
5672,-0.049
5673,0.024
5674,0.037
5675,0.085
5676,0.002
5677,0.037
5678,0.088
5679,0.166
5680,0.098
5681,0.09
5682,0.09
5683,0.032
5684,0.112
5685,0.0
5686,0.046
5687,-0.015
5688,-0.093
5689,-0.017
5690,-0.027
5691,0.129
5692,0.103
5693,-0.093
5694,-0.039
5695,-0.002
5696,-0.005
5697,0.066
5698,0.02
5699,0.046
5700,0.088
5701,0.022
5702,-0.039
5703,0.081
5704,0.071
5705,-0.005
5706,-0.044
5707,-0.166
5708,-0.098
5709,-0.059
5710,-0.063
5711,0.002
5712,0.063
5713,-0.056
5714,0.015
5715,0.022
5716,0.0
5717,0.034
5718,0.083
5719,0.117
5720,0.071
5721,0.042
5722,0.002
5723,0.056
5724,0.017
5725,-0.02
5726,-0.037
5727,-0.007
5728,0.02
5729,-0.083
5730,-0.059
5731,-0.088
5732,-0.088
5733,-0.039
5734,-0.022
5735,-0.073
5736,-0.02
5737,0.0
5738,-0.002
5739,0.022
5740,-0.125
5741,0.024
5742,0.042
5743,0.034
5744,0.112
5745,-0.012
5746,0.015
5747,0.083
5748,-0.093
5749,-0.144
5750,0.034
5751,-0.098
5752,-0.083
5753,0.078
5754,0.098
5755,0.0
5756,0.044
5757,0.01
5758,0.002
5759,0.017
5760,-0.029
5761,0.115
5762,0.0
5763,0.037
5764,0.034
5765,-0.09
5766,0.134
5767,0.017
5768,-0.017
5769,0.049
5770,0.005
5771,-0.01
5772,-0.002
5773,0.002
5774,0.015
5775,-0.02
5776,-0.037
5777,0.051
5778,-0.002
5779,-0.017
5780,-0.01
5781,-0.002
5782,-0.046
5783,0.051
5784,-0.073
5785,-0.103
5786,0.0
5787,-0.105
5788,0.002
5789,0.071
5790,-0.005
5791,-0.081
5792,-0.068
5793,0.051
5794,-0.042
5795,-0.125
5796,0.12
5797,0.193
5798,0.01
5799,-0.039
5800,-0.01
5801,0.088
5802,-0.032
5803,-0.054
5804,0.068
5805,0.042
5806,-0.012
5807,0.039
5808,0.0
5809,0.007
5810,-0.034
5811,-0.054
5812,0.081
5813,-0.112
5814,-0.051
5815,0.078
5816,-0.115
5817,0.017
5818,0.007
5819,0.054
5820,0.076
5821,-0.039
5822,0.002
5823,0.056
5824,0.049
5825,0.02
5826,-0.054
5827,-0.066
5828,-0.068
5829,-0.103
5830,-0.112
5831,-0.061
5832,-0.105
5833,0.0
5834,-0.088
5835,-0.029
5836,0.024
5837,0.063
5838,-0.066
5839,0.007
5840,0.007
5841,0.063
5842,0.056
5843,-0.007
5844,-0.022
5845,0.103
5846,0.061
5847,0.029
5848,-0.063
5849,0.076
5850,-0.029
5851,-0.171
5852,0.012
5853,-0.027
5854,-0.029
5855,-0.032
5856,-0.063
5857,0.051
5858,0.056
5859,0.015
5860,-0.081
5861,-0.061
5862,0.046
5863,0.063
5864,0.049
5865,-0.027
5866,0.029
5867,0.017
5868,-0.012
5869,-0.044
5870,-0.159
5871,0.095
5872,-0.01
5873,0.042
5874,0.022
5875,0.037
5876,0.122
5877,-0.054
5878,-0.061
5879,0.049
5880,0.056
5881,0.088
5882,-0.039
5883,-0.085
5884,0.076
5885,0.073
5886,-0.029
5887,-0.056
5888,0.037
5889,0.051
5890,0.015
5891,-0.049
5892,-0.017
5893,-0.042
5894,-0.098
5895,-0.063
5896,-0.071
5897,0.015
5898,0.034
5899,-0.046
5900,-0.127
5901,-0.015
5902,0.093
5903,0.042
5904,-0.046
5905,-0.051
5906,0.029
5907,-0.02
5908,0.022
5909,-0.037
5910,-0.093
5911,-0.088
5912,-0.022
5913,-0.076
5914,-0.027
5915,-0.042
5916,-0.056
5917,0.051
5918,0.112
5919,-0.078
5920,-0.071
5921,0.056
5922,0.076
5923,-0.032
5924,0.085
5925,0.068
5926,-0.039
5927,-0.027
5928,-0.076
5929,-0.107
5930,-0.09
5931,-0.01
5932,-0.049
5933,-0.012
5934,-0.051
5935,-0.129
5936,-0.076
5937,-0.115
5938,-0.066
5939,0.063
5940,0.061
5941,0.115
5942,-0.007
5943,0.051
5944,0.022
5945,-0.039
5946,0.039
5947,0.007
5948,-0.059
5949,-0.042
5950,-0.054
5951,-0.044
5952,0.002
5953,-0.073
5954,0.039
5955,-0.046
5956,-0.034
5957,-0.012
5958,-0.09
5959,0.076
5960,0.095
5961,-0.01
5962,0.02
5963,0.088
5964,0.164
5965,0.151
5966,0.127
5967,0.022
5968,0.017
5969,0.02
5970,0.002
5971,-0.071
5972,-0.027
5973,0.022
5974,0.02
5975,-0.046
5976,0.049
5977,0.049
5978,0.068
5979,-0.022
5980,-0.022
5981,0.051
5982,0.039
5983,0.024
5984,0.034
5985,-0.034
5986,0.02
5987,0.034
5988,0.054
5989,0.107
5990,0.139
5991,-0.095
5992,0.042
5993,0.044
5994,-0.063
5995,0.059
5996,-0.039
5997,-0.09
5998,-0.095
5999,0.002
6000,0.063
6001,0.02
6002,0.11
6003,-0.017
6004,-0.059
6005,0.007
6006,-0.032
6007,0.044
6008,0.034
6009,-0.022
6010,-0.044
6011,-0.042
6012,-0.051
6013,-0.083
6014,-0.093
6015,-0.125
6016,-0.171
6017,-0.095
6018,-0.117
6019,-0.068
6020,0.083
6021,-0.142
6022,-0.125
6023,-0.005
6024,-0.039
6025,-0.039
6026,-0.127
6027,-0.117
6028,-0.044
6029,-0.022
6030,-0.044
6031,-0.032
6032,-0.076
6033,-0.125
6034,-0.166
6035,-0.139
6036,-0.146
6037,-0.054
6038,-0.073
6039,-0.149
6040,-0.054
6041,0.007
6042,-0.034
6043,0.09
6044,-0.063
6045,-0.056
6046,-0.024
6047,0.022
6048,0.032
6049,-0.051
6050,-0.015
6051,-0.007
6052,-0.081
6053,-0.032
6054,0.09
6055,-0.039
6056,-0.032
6057,-0.083
6058,-0.012
6059,-0.012
6060,-0.017
6061,-0.002
6062,-0.059
6063,-0.042
6064,0.017
6065,-0.073
6066,0.076
6067,0.056
6068,0.002
6069,0.044
6070,0.063
6071,0.1
6072,-0.029
6073,0.083
6074,0.098
6075,0.002
6076,0.032
6077,0.034
6078,-0.159
6079,-0.11
6080,0.071
6081,0.115
6082,-0.054
6083,-0.024
6084,0.115
6085,0.073
6086,-0.015
6087,0.12
6088,0.061
6089,-0.005
6090,-0.007
6091,0.054
6092,-0.034
6093,0.015
6094,-0.002
6095,0.01
6096,-0.112
6097,-0.09
6098,0.051
6099,-0.107
6100,-0.071
6101,0.061
6102,-0.061
6103,-0.027
6104,-0.002
6105,0.02
6106,-0.02
6107,-0.02
6108,0.037
6109,-0.024
6110,0.037
6111,0.032
6112,0.027
6113,-0.034
6114,-0.005
6115,-0.002
6116,-0.088
6117,-0.081
6118,-0.005
6119,-0.1
6120,-0.024
6121,-0.034
6122,-0.071
6123,0.012
6124,-0.027
6125,0.012
6126,0.034
6127,0.056
6128,0.034
6129,0.02
6130,0.059
6131,0.105
6132,0.034
6133,0.024
6134,-0.02
6135,-0.029
6136,0.027
6137,-0.061
6138,-0.015
6139,0.037
6140,0.1
6141,0.007
6142,-0.061
6143,-0.059
6144,0.032
6145,0.095
6146,0.125
6147,-0.039
6148,-0.081
6149,0.088
6150,0.017
6151,-0.066
6152,0.01
6153,0.042
6154,0.029
6155,0.007
6156,-0.044
6157,-0.042
6158,-0.085
6159,-0.015
6160,-0.076
6161,-0.127
6162,-0.024
6163,-0.066
6164,-0.112
6165,0.073
6166,-0.027
6167,-0.015
6168,-0.039
6169,0.061
6170,-0.034
6171,-0.083
6172,0.042
6173,0.049
6174,-0.115
6175,-0.059
6176,0.054
6177,-0.012
6178,-0.01
6179,-0.09
6180,-0.005
6181,-0.032
6182,0.034
6183,0.0
6184,-0.007
6185,0.042
6186,0.012
6187,-0.01
6188,0.024
6189,0.144
6190,0.056
6191,0.024
6192,-0.015
6193,-0.007
6194,0.093
6195,-0.051
6196,0.015
6197,-0.032
6198,-0.049
6199,-0.071
6200,-0.134
6201,0.044
6202,-0.083
6203,-0.076
6204,-0.037
6205,-0.093
6206,0.027
6207,-0.029
6208,-0.083
6209,-0.073
6210,-0.017
6211,0.032
6212,-0.034
6213,-0.11
6214,-0.095
6215,-0.005
6216,-0.007
6217,-0.012
6218,-0.037
6219,-0.015
6220,-0.076
6221,-0.088
6222,0.037
6223,0.071
6224,-0.037
6225,0.037
6226,-0.022
6227,0.015
6228,0.098
6229,-0.088
6230,-0.024
6231,-0.056
6232,-0.024
6233,0.098
6234,-0.088
6235,-0.159
6236,-0.039
6237,-0.024
6238,-0.117
6239,-0.081
6240,0.059
6241,0.032
6242,0.083
6243,-0.098
6244,0.063
6245,0.151
6246,0.088
6247,-0.022
6248,0.02
6249,0.151
6250,0.076
6251,0.156
6252,0.01
6253,-0.015
6254,-0.027
6255,-0.046
6256,-0.066
6257,-0.005
6258,0.095
6259,0.005
6260,0.032
6261,-0.054
6262,-0.071
6263,0.0
6264,-0.081
6265,0.02
6266,0.093
6267,-0.076
6268,0.012
6269,0.083
6270,-0.024
6271,0.029
6272,0.015
6273,-0.059
6274,-0.015
6275,-0.068
6276,-0.02
6277,0.024
6278,-0.117
6279,0.01
6280,0.005
6281,-0.085
6282,-0.015
6283,0.071
6284,-0.007
6285,-0.056
6286,-0.027
6287,0.007
6288,0.01
6289,-0.024
6290,0.066
6291,0.073
6292,-0.046
6293,-0.076
6294,-0.005
6295,-0.09
6296,-0.09
6297,0.022
6298,-0.012
6299,0.002
6300,0.015
6301,0.002
6302,-0.01
6303,-0.095
6304,-0.107
6305,-0.032
6306,-0.117
6307,0.088
6308,0.01
6309,-0.046
6310,0.01
6311,0.032
6312,0.076
6313,0.017
6314,0.007
6315,0.01
6316,0.022
6317,0.022
6318,0.002
6319,-0.034
6320,0.007
6321,0.078
6322,-0.042
6323,-0.059
6324,-0.095
6325,-0.071
6326,0.037
6327,-0.02
6328,-0.027
6329,-0.022
6330,-0.056
6331,0.061
6332,0.054
6333,-0.01
6334,0.015
6335,0.054
6336,-0.054
6337,0.005
6338,-0.046
6339,-0.085
6340,0.061
6341,-0.017
6342,-0.073
6343,-0.1
6344,-0.09
6345,0.027
6346,-0.095
6347,-0.056
6348,0.071
6349,0.059
6350,0.02
6351,0.061
6352,0.063
6353,0.061
6354,0.022
6355,0.015
6356,0.027
6357,0.044
6358,0.127
6359,0.066
6360,-0.002
6361,0.044
6362,-0.12
6363,-0.002
6364,0.071
6365,0.063
6366,0.09
6367,-0.017
6368,0.002
6369,-0.039
6370,-0.01
6371,0.029
6372,0.012
6373,0.037
6374,0.012
6375,0.034
6376,-0.044
6377,-0.134
6378,-0.015
6379,0.01
6380,-0.046
6381,-0.015
6382,0.017
6383,0.0
6384,0.032
6385,-0.054
6386,-0.027
6387,0.105
6388,0.002
6389,0.027
6390,0.022
6391,-0.054
6392,-0.049
6393,0.115
6394,0.068
6395,0.034
6396,0.066
6397,0.11
6398,0.002
6399,0.0
6400,-0.076
6401,0.032
6402,0.002
6403,-0.071
6404,0.017
6405,0.056
6406,-0.044
6407,0.073
6408,-0.068
6409,0.071
6410,0.144
6411,0.107
6412,0.051
6413,0.076
6414,0.039
6415,0.117
6416,0.054
6417,-0.098
6418,-0.015
6419,-0.012
6420,0.117
6421,-0.071
6422,-0.027
6423,0.095
6424,-0.012
6425,0.068
6426,0.151
6427,0.015
6428,-0.012
6429,-0.02
6430,0.127
6431,0.088
6432,-0.022
6433,0.159
6434,0.051
6435,-0.061
6436,0.049
6437,0.081
6438,-0.002
6439,-0.103
6440,-0.112
6441,0.02
6442,-0.046
6443,-0.1
6444,-0.034
6445,0.007
6446,-0.054
6447,0.051
6448,0.115
6449,-0.027
6450,-0.046
6451,0.068
6452,0.112
6453,0.063
6454,-0.017
6455,0.029
6456,0.073
6457,-0.073
6458,-0.012
6459,0.054
6460,-0.046
6461,-0.076
6462,-0.081
6463,-0.103
6464,0.051
6465,-0.115
6466,-0.027
6467,-0.024
6468,-0.093
6469,-0.093
6470,0.034
6471,-0.017
6472,-0.044
6473,0.02
6474,0.056
6475,0.164
6476,0.139
6477,0.024
6478,-0.002
6479,0.046
6480,0.059
6481,0.0
6482,-0.051
6483,-0.054
6484,-0.037
6485,0.093
6486,-0.027
6487,-0.017
6488,-0.02
6489,-0.029
6490,0.066
6491,0.154
6492,0.137
6493,0.078
6494,-0.103
6495,-0.029
6496,0.085
6497,0.044
6498,-0.005
6499,0.061
6500,0.066
6501,0.125
6502,-0.029
6503,-0.068
6504,0.029
6505,-0.032
6506,0.02
6507,0.061
6508,0.056
6509,0.083
6510,0.12
6511,0.103
6512,0.059
6513,0.088
6514,-0.012
6515,0.093
6516,-0.1
6517,-0.066
6518,0.039
6519,-0.007
6520,-0.117
6521,-0.027
6522,-0.049
6523,0.0
6524,-0.183
6525,-0.112
6526,-0.02
6527,-0.073
6528,0.073
6529,0.046
6530,-0.01
6531,0.012
6532,-0.002
6533,-0.002
6534,0.015
6535,-0.002
6536,0.117
6537,0.093
6538,-0.09
6539,-0.01
6540,0.042
6541,-0.037
6542,-0.161
6543,-0.1
6544,-0.09
6545,0.017
6546,0.005
6547,-0.02
6548,0.005
6549,0.02
6550,0.015
6551,0.056
6552,0.056
6553,-0.007
6554,0.039
6555,0.059
6556,0.037
6557,-0.017
6558,-0.02
6559,-0.022
6560,-0.051
6561,-0.081
6562,-0.061
6563,-0.017
6564,-0.117
6565,-0.076
6566,-0.012
6567,-0.127
6568,-0.061
6569,-0.044
6570,-0.022
6571,0.034
6572,0.061
6573,0.103
6574,0.01
6575,0.032
6576,0.088
6577,0.029
6578,-0.012
6579,0.046
6580,-0.037
6581,-0.09
6582,-0.144
6583,-0.027
6584,0.042
6585,0.02
6586,-0.005
6587,-0.127
6588,-0.01
6589,0.005
6590,0.037
6591,0.037
6592,-0.093
6593,-0.144
6594,0.022
6595,0.034
6596,-0.076
6597,0.059
6598,0.0
6599,0.054
6600,0.0
6601,0.015
6602,-0.061
6603,0.017
6604,-0.02
6605,-0.054
6606,-0.032
6607,-0.037
6608,-0.09
6609,-0.032
6610,0.017
6611,-0.024
6612,0.029
6613,0.044
6614,0.066
6615,0.078
6616,0.022
6617,0.049
6618,0.098
6619,-0.037
6620,-0.044
6621,0.037
6622,-0.022
6623,0.005
6624,-0.017
6625,-0.095
6626,-0.078
6627,-0.034
6628,0.017
6629,0.005
6630,-0.081
6631,-0.095
6632,-0.037
6633,-0.049
6634,0.076
6635,-0.01
6636,0.1
6637,-0.02
6638,-0.083
6639,-0.059
6640,-0.046
6641,0.002
6642,0.002
6643,-0.034
6644,-0.007
6645,-0.095
6646,-0.024
6647,0.0
6648,-0.103
6649,0.0
6650,0.032
6651,0.027
6652,-0.046
6653,-0.044
6654,0.093
6655,0.037
6656,0.088
6657,0.063
6658,0.012
6659,-0.027
6660,0.032
6661,-0.049
6662,-0.005
6663,-0.044
6664,-0.017
6665,0.037
6666,0.039
6667,-0.027
6668,-0.107
6669,-0.085
6670,-0.032
6671,-0.044
6672,-0.024
6673,-0.107
6674,0.022
6675,0.012
6676,0.11
6677,0.066
6678,0.02
6679,0.037
6680,0.073
6681,0.059
6682,0.024
6683,0.088
6684,-0.027
6685,0.066
6686,0.012
6687,-0.078
6688,-0.02
6689,0.022
6690,0.027
6691,-0.02
6692,0.017
6693,0.01
6694,0.0
6695,0.066
6696,0.005
6697,0.12
6698,0.081
6699,-0.046
6700,-0.005
6701,-0.017
6702,0.022
6703,-0.042
6704,-0.051
6705,-0.034
6706,-0.105
6707,-0.066
6708,-0.085
6709,-0.146
6710,-0.024
6711,-0.02
6712,0.007
6713,-0.007
6714,-0.046
6715,-0.049
6716,0.034
6717,-0.129
6718,0.027
6719,0.068
6720,0.027
6721,-0.029
6722,-0.088
6723,-0.024
6724,-0.103
6725,-0.203
6726,-0.115
6727,-0.044
6728,-0.071
6729,-0.056
6730,-0.083
6731,0.029
6732,-0.005
6733,-0.017
6734,0.042
6735,-0.044
6736,-0.015
6737,0.129
6738,-0.015
6739,-0.061
6740,-0.073
6741,-0.002
6742,-0.034
6743,-0.042
6744,0.012
6745,-0.103
6746,-0.032
6747,-0.059
6748,-0.066
6749,-0.083
6750,-0.01
6751,-0.005
6752,0.017
6753,0.054
6754,0.046
6755,0.015
6756,0.076
6757,0.034
6758,0.042
6759,0.154
6760,0.039
6761,0.181
6762,0.015
6763,0.061
6764,0.093
6765,-0.017
6766,0.002
6767,-0.032
6768,-0.005
6769,0.029
6770,-0.088
6771,-0.063
6772,0.061
6773,0.034
6774,-0.068
6775,-0.02
6776,-0.005
6777,0.012
6778,0.012
6779,-0.012
6780,-0.022
6781,-0.01
6782,-0.005
6783,-0.078
6784,-0.142
6785,-0.054
6786,-0.098
6787,-0.1
6788,-0.061
6789,-0.115
6790,-0.061
6791,-0.032
6792,-0.076
6793,-0.029
6794,0.044
6795,0.029
6796,-0.002
6797,-0.042
6798,0.0
6799,-0.022
6800,-0.01
6801,0.039
6802,-0.027
6803,-0.022
6804,-0.032
6805,-0.015
6806,0.02
6807,0.015
6808,-0.022
6809,0.061
6810,-0.032
6811,0.168
6812,0.022
6813,0.088
6814,0.02
6815,-0.054
6816,0.022
6817,-0.022
6818,0.056
6819,0.032
6820,0.039
6821,0.063
6822,-0.037
6823,0.037
6824,-0.051
6825,-0.09
6826,-0.051
6827,0.017
6828,0.051
6829,-0.027
6830,-0.061
6831,-0.017
6832,-0.007
6833,0.076
6834,0.071
6835,0.061
6836,0.02
6837,0.071
6838,0.037
6839,-0.078
6840,0.024
6841,0.063
6842,0.007
6843,-0.015
6844,-0.029
6845,0.005
6846,0.066
6847,-0.044
6848,-0.132
6849,-0.037
6850,0.144
6851,-0.007
6852,0.037
6853,-0.093
6854,-0.039
6855,-0.002
6856,0.039
6857,0.027
6858,-0.076
6859,-0.012
6860,0.1
6861,0.024
6862,-0.139
6863,0.029
6864,-0.012
6865,-0.117
6866,-0.083
6867,0.105
6868,0.02
6869,-0.1
6870,-0.093
6871,0.0
6872,-0.059
6873,-0.012
6874,0.022
6875,0.049
6876,0.01
6877,0.081
6878,0.056
6879,0.093
6880,0.173
6881,0.022
6882,0.056
6883,0.029
6884,-0.059
6885,-0.071
6886,-0.042
6887,-0.042
6888,-0.076
6889,-0.1
6890,0.029
6891,0.012
6892,-0.007
6893,0.037
6894,-0.203
6895,-0.21
6896,-0.054
6897,0.032
6898,-0.1
6899,-0.078
6900,0.098
6901,0.115
6902,0.032
6903,0.017
6904,-0.005
6905,-0.02
6906,0.061
6907,-0.046
6908,-0.063
6909,-0.012
6910,-0.068
6911,0.017
6912,-0.154
6913,-0.139
6914,0.012
6915,0.0
6916,0.051
6917,-0.002
6918,0.017
6919,0.017
6920,0.024
6921,0.027
6922,0.117
6923,0.107
6924,-0.059
6925,-0.061
6926,0.037
6927,0.022
6928,0.056
6929,0.112
6930,0.09
6931,-0.012
6932,-0.051
6933,0.039
6934,0.049
6935,0.122
6936,0.071
6937,-0.042
6938,0.054
6939,0.159
6940,-0.007
6941,0.027
6942,0.1
6943,0.137
6944,0.11
6945,-0.027
6946,0.0
6947,0.005
6948,0.0
6949,0.178
6950,0.051
6951,-0.01
6952,-0.076
6953,0.022
6954,0.181
6955,0.015
6956,-0.098
6957,0.115
6958,0.02
6959,0.034
6960,-0.032
6961,-0.1
6962,0.127
6963,0.093
6964,-0.017
6965,-0.029
6966,-0.054
6967,0.068
6968,-0.012
6969,-0.09
6970,-0.117
6971,-0.093
6972,0.085
6973,0.039
6974,0.071
6975,0.039
6976,-0.068
6977,-0.034
6978,-0.034
6979,-0.037
6980,0.051
6981,-0.078
6982,-0.081
6983,-0.024
6984,-0.032
6985,0.022
6986,0.012
6987,0.012
6988,-0.039
6989,-0.085
6990,-0.09
6991,-0.105
6992,-0.037
6993,0.032
6994,-0.02
6995,-0.007
6996,0.022
6997,0.078
6998,-0.007
6999,-0.01
7000,-0.039
7001,-0.022
7002,-0.066
7003,-0.037
7004,0.054
7005,-0.051
7006,-0.02
7007,0.044
7008,0.02
7009,-0.01
7010,-0.251
7011,0.01
7012,0.046
7013,0.063
7014,-0.042
7015,0.066
7016,0.107
7017,0.093
7018,0.007
7019,0.132
7020,0.083
7021,0.046
7022,-0.083
7023,0.034
7024,-0.002
7025,0.054
7026,-0.012
7027,-0.005
7028,-0.032
7029,-0.039
7030,0.032
7031,0.068
7032,0.01
7033,0.051
7034,0.015
7035,0.005
7036,0.01
7037,0.017
7038,0.061
7039,0.054
7040,0.095
7041,0.015
7042,0.015
7043,-0.012
7044,0.059
7045,0.022
7046,0.098
7047,-0.078
7048,-0.007
7049,-0.01
7050,0.032
7051,-0.007
7052,-0.017
7053,0.068
7054,-0.034
7055,0.007
7056,0.044
7057,0.002
7058,0.134
7059,0.088
7060,0.027
7061,-0.078
7062,-0.002
7063,0.042
7064,0.02
7065,-0.063
7066,-0.073
7067,-0.029
7068,-0.054
7069,-0.054
7070,-0.078
7071,-0.022
7072,-0.029
7073,0.005
7074,-0.095
7075,0.007
7076,0.073
7077,0.071
7078,-0.051
7079,-0.137
7080,-0.051
7081,-0.093
7082,-0.002
7083,-0.044
7084,-0.095
7085,-0.046
7086,-0.056
7087,-0.063
7088,-0.137
7089,-0.115
7090,-0.071
7091,-0.068
7092,-0.024
7093,-0.054
7094,-0.042
7095,0.09
7096,0.068
7097,0.007
7098,-0.02
7099,0.01
7100,-0.02
7101,0.01
7102,0.005
7103,-0.042
7104,0.029
7105,0.037
7106,-0.044
7107,0.007
7108,-0.01
7109,-0.022
7110,-0.078
7111,-0.132
7112,-0.139
7113,0.005
7114,-0.005
7115,0.007
7116,-0.01
7117,-0.034
7118,0.132
7119,0.076
7120,0.1
7121,0.098
7122,0.083
7123,0.088
7124,0.073
7125,-0.01
7126,0.042
7127,0.1
7128,-0.002
7129,-0.022
7130,-0.027
7131,-0.017
7132,-0.02
7133,0.02
7134,-0.073
7135,-0.125
7136,-0.039
7137,0.081
7138,0.083
7139,0.039
7140,0.073
7141,0.007
7142,0.059
7143,0.112
7144,0.264
7145,0.081
7146,-0.034
7147,0.059
7148,-0.059
7149,-0.122
7150,-0.027
7151,-0.012
7152,-0.117
7153,-0.01
7154,-0.073
7155,-0.085
7156,-0.103
7157,-0.125
7158,-0.117
7159,-0.037
7160,0.083
7161,0.01
7162,0.088
7163,0.054
7164,-0.024
7165,-0.034
7166,0.056
7167,0.154
7168,0.032
7169,-0.115
7170,0.015
7171,-0.022
7172,-0.054
7173,-0.186
7174,-0.132
7175,-0.088
7176,-0.029
7177,0.022
7178,-0.049
7179,-0.071
7180,0.085
7181,-0.01
7182,0.01
7183,0.044
7184,-0.037
7185,0.115
7186,0.1
7187,0.0
7188,0.049
7189,0.029
7190,0.044
7191,0.063
7192,0.002
7193,0.049
7194,0.081
7195,-0.056
7196,0.027
7197,0.063
7198,0.037
7199,-0.061
7200,0.068
7201,0.085
7202,0.002
7203,-0.042
7204,0.105
7205,0.073
7206,0.012
7207,0.068
7208,0.017
7209,-0.01
7210,0.056
7211,-0.046
7212,-0.095
7213,-0.088
7214,0.105
7215,0.1
7216,-0.193
7217,-0.098
7218,-0.063
7219,0.017
7220,0.071
7221,0.015
7222,0.142
7223,-0.015
7224,0.061
7225,0.022
7226,0.022
7227,0.083
7228,-0.049
7229,-0.002
7230,0.005
7231,0.032
7232,0.039
7233,0.015
7234,0.063
7235,0.039
7236,-0.032
7237,-0.029
7238,0.068
7239,0.105
7240,0.056
7241,-0.01
7242,0.017
7243,0.017
7244,0.012
7245,0.105
7246,0.024
7247,-0.1
7248,-0.012
7249,0.042
7250,0.024
7251,-0.066
7252,-0.127
7253,0.076
7254,0.01
7255,-0.039
7256,-0.081
7257,-0.039
7258,-0.022
7259,-0.005
7260,-0.034
7261,0.078
7262,0.034
7263,0.066
7264,0.063
7265,0.12
7266,0.01
7267,0.071
7268,0.037
7269,0.049
7270,0.027
7271,-0.02
7272,-0.01
7273,0.032
7274,0.042
7275,-0.09
7276,-0.054
7277,-0.017
7278,-0.083
7279,-0.002
7280,0.054
7281,0.071
7282,0.054
7283,0.049
7284,0.046
7285,-0.017
7286,0.107
7287,0.02
7288,-0.01
7289,0.071
7290,0.046
7291,0.088
7292,0.002
7293,-0.012
7294,0.027
7295,-0.054
7296,-0.012
7297,-0.042
7298,-0.056
7299,0.071
7300,-0.027
7301,0.01
7302,0.015
7303,0.034
7304,0.01
7305,0.037
7306,0.005
7307,0.073
7308,-0.005
7309,0.0
7310,0.037
7311,-0.015
7312,-0.015
7313,-0.01
7314,-0.024
7315,-0.071
7316,-0.02
7317,-0.039
7318,-0.056
7319,-0.024
7320,0.01
7321,0.015
7322,0.049
7323,0.037
7324,0.046
7325,-0.015
7326,0.049
7327,0.098
7328,-0.029
7329,0.068
7330,0.007
7331,0.032
7332,0.056
7333,-0.007
7334,0.076
7335,0.007
7336,0.088
7337,0.046
7338,0.081
7339,-0.02
7340,0.078
7341,0.032
7342,0.076
7343,0.083
7344,-0.012
7345,0.09
7346,-0.005
7347,-0.005
7348,0.039
7349,0.017
7350,-0.034
7351,-0.01
7352,-0.044
7353,-0.032
7354,0.063
7355,-0.042
7356,-0.107
7357,-0.066
7358,0.037
7359,-0.085
7360,-0.056
7361,0.095
7362,0.151
7363,0.117
7364,0.02
7365,0.022
7366,-0.024
7367,0.037
7368,0.01
7369,-0.083
7370,-0.022
7371,0.027
7372,0.024
7373,0.032
7374,-0.046
7375,0.054
7376,0.11
7377,0.002
7378,-0.068
7379,-0.027
7380,0.032
7381,0.037
7382,0.042
7383,0.027
7384,0.015
7385,0.034
7386,-0.046
7387,-0.039
7388,-0.112
7389,-0.034
7390,-0.078
7391,-0.029
7392,-0.046
7393,-0.005
7394,-0.037
7395,0.0
7396,-0.024
7397,-0.061
7398,0.049
7399,0.024
7400,-0.022
7401,-0.146
7402,-0.005
7403,0.071
7404,0.022
7405,-0.039
7406,-0.012
7407,-0.032
7408,0.002
7409,0.129
7410,-0.112
7411,-0.176
7412,-0.083
7413,-0.198
7414,-0.015
7415,0.044
7416,-0.134
7417,-0.132
7418,-0.01
7419,-0.042
7420,-0.054
7421,-0.129
7422,0.02
7423,0.042
7424,-0.059
7425,-0.002
7426,0.0
7427,0.046
7428,0.022
7429,-0.037
7430,0.005
7431,-0.051
7432,-0.037
7433,-0.039
7434,-0.125
7435,-0.073
7436,0.076
7437,-0.073
7438,-0.015
7439,-0.002
7440,-0.068
7441,0.022
7442,0.0
7443,0.037
7444,0.049
7445,0.024
7446,-0.024
7447,-0.024
7448,0.02
7449,0.022
7450,-0.115
7451,0.024
7452,-0.076
7453,-0.076
7454,-0.088
7455,-0.098
7456,-0.134
7457,-0.042
7458,0.046
7459,-0.076
7460,-0.098
7461,-0.083
7462,0.078
7463,0.107
7464,0.071
7465,-0.068
7466,-0.078
7467,0.037
7468,-0.002
7469,-0.056
7470,-0.139
7471,-0.051
7472,-0.083
7473,-0.029
7474,-0.049
7475,0.034
7476,-0.007
7477,-0.071
7478,-0.061
7479,-0.105
7480,-0.066
7481,-0.061
7482,-0.022
7483,-0.029
7484,-0.049
7485,-0.024
7486,0.017
7487,-0.093
7488,0.044
7489,-0.071
7490,-0.107
7491,-0.007
7492,-0.122
7493,-0.051
7494,-0.005
7495,-0.129
7496,-0.073
7497,0.024
7498,-0.027
7499,-0.171
7500,-0.12
7501,-0.044
7502,-0.059
7503,0.056
7504,0.042
7505,0.061
7506,-0.068
7507,-0.005
7508,0.066
7509,0.029
7510,-0.027
7511,-0.01
7512,-0.073
7513,-0.049
7514,-0.049
7515,-0.134
7516,-0.103
7517,-0.051
7518,-0.054
7519,-0.112
7520,-0.115
7521,-0.012
7522,0.007
7523,-0.054
7524,-0.1
7525,0.007
7526,0.093
7527,0.039
7528,0.066
7529,0.012
7530,-0.032
7531,0.105
7532,0.066
7533,-0.078
7534,-0.059
7535,-0.002
7536,-0.105
7537,-0.032
7538,-0.01
7539,-0.103
7540,0.017
7541,0.061
7542,-0.059
7543,-0.032
7544,0.01
7545,-0.017
7546,0.051
7547,-0.01
7548,-0.051
7549,0.0
7550,0.103
7551,0.093
7552,-0.051
7553,-0.088
7554,-0.024
7555,0.076
7556,0.068
7557,-0.115
7558,-0.034
7559,-0.005
7560,-0.054
7561,-0.088
7562,-0.039
7563,-0.037
7564,0.024
7565,0.068
7566,0.042
7567,0.005
7568,0.039
7569,-0.002
7570,-0.015
7571,-0.027
7572,-0.007
7573,0.01
7574,0.042
7575,-0.015
7576,-0.039
7577,-0.054
7578,-0.017
7579,-0.049
7580,-0.139
7581,-0.046
7582,-0.051
7583,0.02
7584,-0.071
7585,-0.093
7586,-0.078
7587,0.034
7588,-0.032
7589,-0.017
7590,0.115
7591,0.032
7592,-0.098
7593,0.09
7594,-0.042
7595,-0.098
7596,0.117
7597,0.073
7598,-0.029
7599,-0.061
7600,-0.044
7601,-0.049
7602,-0.105
7603,-0.029
7604,-0.005
7605,0.027
7606,0.039
7607,0.039
7608,0.017
7609,0.029
7610,-0.024
7611,0.029
7612,-0.073
7613,0.056
7614,0.095
7615,-0.022
7616,-0.037
7617,-0.049
7618,0.005
7619,-0.01
7620,-0.002
7621,-0.007
7622,-0.039
7623,-0.076
7624,-0.042
7625,0.081
7626,0.076
7627,0.081
7628,0.09
7629,0.051
7630,0.071
7631,-0.034
7632,0.081
7633,-0.005
7634,0.105
7635,0.054
7636,0.005
7637,-0.039
7638,-0.051
7639,0.017
7640,0.017
7641,-0.017
7642,-0.034
7643,0.01
7644,0.044
7645,0.056
7646,0.083
7647,-0.01
7648,0.095
7649,0.061
7650,0.066
7651,-0.012
7652,-0.002
7653,0.078
7654,-0.085
7655,0.044
7656,0.042
7657,0.007
7658,-0.063
7659,-0.024
7660,0.042
7661,-0.068
7662,0.046
7663,0.049
7664,-0.051
7665,-0.027
7666,0.054
7667,0.017
7668,0.015
7669,0.037
7670,0.034
7671,-0.117
7672,-0.061
7673,0.029
7674,-0.068
7675,-0.132
7676,-0.005
7677,-0.093
7678,-0.024
7679,-0.061
7680,-0.049
7681,-0.012
7682,-0.01
7683,-0.078
7684,0.032
7685,-0.027
7686,0.049
7687,0.134
7688,0.117
7689,0.027
7690,-0.005
7691,0.046
7692,0.066
7693,0.01
7694,-0.046
7695,0.051
7696,0.01
7697,0.005
7698,-0.029
7699,-0.046
7700,-0.01
7701,0.056
7702,0.176
7703,0.098
7704,0.002
7705,-0.059
7706,0.042
7707,-0.039
7708,0.017
7709,0.225
7710,0.068
7711,-0.068
7712,0.129
7713,0.076
7714,0.024
7715,-0.01
7716,-0.12
7717,-0.039
7718,-0.085
7719,0.029
7720,-0.01
7721,0.149
7722,0.083
7723,-0.017
7724,-0.007
7725,0.146
7726,0.134
7727,0.09
7728,0.059
7729,0.068
7730,0.083
7731,0.076
7732,0.085
7733,0.107
7734,0.061
7735,-0.015
7736,-0.02
7737,-0.012
7738,-0.017
7739,-0.046
7740,0.073
7741,-0.078
7742,-0.066
7743,-0.073
7744,0.046
7745,0.166
7746,0.105
7747,-0.146
7748,0.02
7749,0.073
7750,0.139
7751,0.061
7752,0.063
7753,0.095
7754,0.046
7755,0.037
7756,-0.112
7757,-0.11
7758,0.112
7759,-0.078
7760,0.063
7761,0.046
7762,0.056
7763,0.049
7764,0.012
7765,0.083
7766,0.049
7767,-0.032
7768,0.103
7769,0.071
7770,-0.007
7771,0.125
7772,0.042
7773,0.063
7774,-0.042
7775,-0.071
7776,0.122
7777,-0.007
7778,-0.156
7779,-0.029
7780,0.007
7781,-0.068
7782,-0.007
7783,0.056
7784,0.068
7785,0.039
7786,0.044
7787,0.066
7788,0.134
7789,0.002
7790,0.032
7791,-0.02
7792,0.066
7793,0.1
7794,0.115
7795,0.007
7796,-0.154
7797,-0.056
7798,-0.042
7799,-0.01
7800,-0.044
7801,-0.103
7802,0.127
7803,0.073
7804,0.029
7805,-0.146
7806,-0.017
7807,0.173
7808,0.186
7809,0.046
7810,-0.054
7811,0.139
7812,0.088
7813,0.093
7814,0.063
7815,0.083
7816,0.125
7817,0.042
7818,0.007
7819,-0.081
7820,-0.029
7821,0.085
7822,-0.005
7823,-0.107
7824,0.005
7825,-0.034
7826,0.059
7827,0.11
7828,0.081
7829,0.034
7830,0.103
7831,-0.015
7832,-0.046
7833,0.029
7834,-0.054
7835,0.081
7836,0.12
7837,0.015
7838,0.017
7839,-0.054
7840,0.034
7841,-0.012
7842,-0.103
7843,-0.007
7844,0.073
7845,-0.032
7846,-0.005
7847,-0.01
7848,0.029
7849,-0.01
7850,-0.012
7851,0.085
7852,-0.012
7853,-0.081
7854,0.039
7855,0.034
7856,-0.034
7857,-0.095
7858,-0.061
7859,-0.007
7860,-0.161
7861,-0.039
7862,-0.007
7863,-0.081
7864,-0.059
7865,-0.095
7866,-0.012
7867,-0.012
7868,-0.002
7869,0.049
7870,0.02
7871,0.059
7872,0.046
7873,0.027
7874,0.042
7875,0.059
7876,-0.002
7877,-0.005
7878,0.042
7879,0.073
7880,-0.044
7881,0.039
7882,0.005
7883,-0.071
7884,0.01
7885,0.088
7886,-0.012
7887,0.012
7888,0.12
7889,0.068
7890,0.027
7891,0.017
7892,0.015
7893,0.071
7894,-0.022
7895,-0.002
7896,-0.034
7897,-0.056
7898,-0.061
7899,-0.095
7900,-0.1
7901,-0.095
7902,-0.02
7903,-0.046
7904,0.049
7905,-0.073
7906,-0.034
7907,-0.005
7908,-0.061
7909,-0.027
7910,-0.029
7911,-0.081
7912,-0.022
7913,0.171
7914,-0.01
7915,-0.193
7916,0.015
7917,0.081
7918,-0.005
7919,0.037
7920,0.073
7921,-0.034
7922,-0.09
7923,0.015
7924,0.049
7925,0.007
7926,0.049
7927,0.037
7928,0.205
7929,0.083
7930,0.081
7931,0.056
7932,0.017
7933,0.061
7934,-0.107
7935,-0.073
7936,0.054
7937,-0.002
7938,-0.085
7939,-0.103
7940,-0.151
7941,-0.015
7942,0.159
7943,-0.049
7944,-0.09
7945,0.0
7946,0.007
7947,0.146
7948,0.02
7949,0.005
7950,0.085
7951,-0.002
7952,0.098
7953,0.042
7954,0.007
7955,0.081
7956,-0.095
7957,-0.034
7958,0.024
7959,-0.034
7960,0.051
7961,-0.137
7962,0.012
7963,0.029
7964,0.015
7965,-0.039
7966,-0.073
7967,-0.071
7968,-0.034
7969,0.015
7970,-0.007
7971,-0.039
7972,-0.039
7973,0.01
7974,-0.015
7975,-0.029
7976,0.027
7977,-0.01
7978,-0.044
7979,-0.044
7980,-0.203
7981,-0.09
7982,-0.042
7983,0.049
7984,0.02
7985,-0.129
7986,-0.134
7987,0.095
7988,-0.002
7989,-0.027
7990,-0.002
7991,0.044
7992,-0.022
7993,-0.081
7994,0.002
7995,-0.015
7996,-0.093
7997,-0.012
7998,-0.037
7999,-0.127
8000,0.059
8001,-0.017
8002,-0.078
8003,0.037
8004,-0.032
8005,-0.054
8006,-0.149
8007,0.039
8008,0.22
8009,-0.051
8010,-0.029
8011,-0.039
8012,-0.059
8013,0.0
8014,0.002
8015,0.071
8016,0.022
8017,-0.017
8018,0.024
8019,-0.054
8020,-0.129
8021,0.093
8022,0.117
8023,0.002
8024,0.044
8025,0.085
8026,0.02
8027,0.032
8028,-0.015
8029,0.151
8030,0.181
8031,0.02
8032,0.081
8033,-0.051
8034,0.093
8035,0.076
8036,-0.029
8037,0.159
8038,0.017
8039,-0.051
8040,-0.1
8041,-0.142
8042,0.007
8043,-0.007
8044,0.2
8045,-0.232
8046,-0.193
8047,0.093
8048,0.076
8049,0.146
8050,-0.051
8051,0.012
8052,0.059
8053,0.029
8054,0.044
8055,0.012
8056,0.039
8057,-0.088
8058,0.051
8059,-0.046
8060,-0.032
8061,0.068
8062,-0.056
8063,-0.073
8064,-0.02
8065,0.022
8066,-0.017
8067,-0.095
8068,-0.134
8069,-0.098
8070,0.037
8071,0.042
8072,0.049
8073,-0.01
8074,0.083
8075,0.002
8076,-0.076
8077,0.039
8078,0.034
8079,-0.046
8080,-0.11
8081,-0.159
8082,-0.115
8083,-0.168
8084,-0.049
8085,-0.132
8086,-0.054
8087,-0.1
8088,0.049
8089,0.105
8090,-0.046
8091,-0.056
8092,0.098
8093,0.005
8094,-0.059
8095,-0.081
8096,0.029
8097,0.022
8098,-0.034
8099,-0.088
8100,-0.056
8101,0.073
8102,-0.042
8103,-0.032
8104,-0.044
8105,-0.11
8106,0.029
8107,-0.034
8108,-0.081
8109,-0.134
8110,-0.032
8111,-0.022
8112,-0.051
8113,0.056
8114,0.007
8115,0.022
8116,0.02
8117,0.01
8118,-0.022
8119,0.0
8120,-0.027
8121,-0.042
8122,-0.085
8123,-0.071
8124,-0.056
8125,-0.042
8126,-0.007
8127,0.002
8128,0.063
8129,-0.022
8130,0.127
8131,0.012
8132,-0.027
8133,0.039
8134,-0.007
8135,0.083
8136,0.027
8137,-0.142
8138,-0.081
8139,-0.073
8140,-0.103
8141,-0.063
8142,-0.166
8143,-0.085
8144,-0.078
8145,0.103
8146,-0.029
8147,-0.093
8148,-0.081
8149,0.063
8150,0.088
8151,0.09
8152,-0.012
8153,0.137
8154,0.046
8155,0.112
8156,-0.09
8157,-0.051
8158,0.01
8159,-0.037
8160,-0.012
8161,0.012
8162,-0.024
8163,-0.042
8164,-0.088
8165,-0.068
8166,-0.049
8167,0.029
8168,-0.044
8169,-0.01
8170,0.039
8171,-0.029
8172,-0.01
8173,-0.02
8174,-0.024
8175,0.005
8176,0.01
8177,-0.081
8178,0.046
8179,0.054
8180,-0.022
8181,-0.081
8182,-0.088
8183,-0.027
8184,-0.039
8185,-0.12
8186,-0.103
8187,0.051
8188,0.095
8189,0.034
8190,0.01
8191,-0.01
8192,0.093
8193,0.081
8194,0.024
8195,0.027
8196,0.068
8197,0.083
8198,0.046
8199,-0.017
8200,-0.061
8201,-0.051
8202,-0.002
8203,0.044
8204,-0.056
8205,-0.02
8206,-0.012
8207,-0.151
8208,-0.081
8209,-0.046
8210,-0.076
8211,-0.002
8212,-0.066
8213,0.051
8214,0.005
8215,-0.012
8216,0.027
8217,0.037
8218,-0.054
8219,0.083
8220,0.071
8221,0.105
8222,0.085
8223,0.002
8224,0.015
8225,0.093
8226,0.005
8227,-0.068
8228,0.029
8229,0.225
8230,0.081
8231,0.002
8232,0.061
8233,0.115
8234,0.125
8235,0.059
8236,-0.029
8237,0.032
8238,0.051
8239,0.066
8240,-0.012
8241,-0.1
8242,-0.071
8243,-0.081
8244,-0.022
8245,-0.051
8246,0.042
8247,0.127
8248,0.007
8249,-0.066
8250,0.005
8251,0.098
8252,0.09
8253,0.076
8254,0.015
8255,0.049
8256,-0.039
8257,0.034
8258,0.049
8259,0.002
8260,-0.046
8261,-0.059
8262,-0.095
8263,-0.117
8264,-0.095
8265,-0.073
8266,0.022
8267,-0.068
8268,-0.022
8269,-0.037
8270,-0.037
8271,0.037
8272,-0.068
8273,0.061
8274,-0.002
8275,0.059
8276,0.061
8277,0.039
8278,0.076
8279,0.107
8280,-0.061
8281,-0.012
8282,0.005
8283,-0.046
8284,-0.137
8285,-0.129
8286,0.032
8287,0.005
8288,-0.032
8289,-0.081
8290,-0.183
8291,-0.125
8292,-0.007
8293,0.022
8294,0.027
8295,0.129
8296,0.139
8297,0.066
8298,0.024
8299,0.002
8300,0.046
8301,0.027
8302,-0.071
8303,-0.103
8304,-0.024
8305,-0.005
8306,-0.017
8307,-0.034
8308,-0.051
8309,0.015
8310,0.071
8311,-0.037
8312,-0.059
8313,-0.054
8314,0.078
8315,-0.061
8316,-0.081
8317,0.059
8318,0.098
8319,0.122
8320,0.037
8321,-0.046
8322,-0.105
8323,-0.002
8324,-0.022
8325,-0.044
8326,0.046
8327,0.024
8328,0.0
8329,-0.103
8330,0.002
8331,0.024
8332,-0.015
8333,0.063
8334,-0.002
8335,-0.024
8336,0.071
8337,0.088
8338,0.168
8339,0.095
8340,0.027
8341,0.083
8342,-0.1
8343,-0.012
8344,-0.081
8345,-0.09
8346,0.09
8347,0.032
8348,0.088
8349,-0.01
8350,0.005
8351,0.042
8352,0.149
8353,-0.022
8354,-0.02
8355,0.022
8356,0.095
8357,-0.032
8358,-0.049
8359,-0.051
8360,-0.034
8361,0.039
8362,-0.007
8363,0.083
8364,0.012
8365,-0.078
8366,-0.034
8367,-0.095
8368,-0.029
8369,0.117
8370,0.071
8371,-0.002
8372,-0.029
8373,-0.002
8374,-0.002
8375,0.095
8376,0.076
8377,-0.022
8378,0.01
8379,0.027
8380,-0.049
8381,0.027
8382,-0.024
8383,0.024
8384,-0.061
8385,0.0
8386,-0.015
8387,-0.115
8388,-0.063
8389,-0.044
8390,-0.007
8391,0.017
8392,-0.002
8393,-0.19
8394,-0.039
8395,0.173
8396,0.046
8397,-0.039
8398,0.012
8399,0.002
8400,-0.066
8401,-0.061
8402,-0.178
8403,-0.046
8404,-0.002
8405,0.0
8406,-0.115
8407,-0.159
8408,0.007
8409,0.046
8410,-0.061
8411,-0.02
8412,0.037
8413,0.088
8414,-0.054
8415,-0.02
8416,0.012
8417,0.037
8418,0.132
8419,-0.029
8420,-0.098
8421,0.066
8422,0.059
8423,-0.032
8424,0.01
8425,0.032
8426,-0.039
8427,-0.134
8428,-0.059
8429,0.046
8430,0.081
8431,0.022
8432,0.005
8433,0.02
8434,0.063
8435,0.061
8436,-0.005
8437,0.037
8438,0.078
8439,0.063
8440,0.042
8441,-0.002
8442,-0.024
8443,0.022
8444,0.129
8445,-0.051
8446,-0.063
8447,0.027
8448,0.0
8449,0.068
8450,-0.083
8451,-0.01
8452,-0.049
8453,-0.027
8454,-0.032
8455,-0.039
8456,-0.044
8457,0.081
8458,0.105
8459,0.093
8460,0.005
8461,0.024
8462,-0.042
8463,-0.061
8464,0.061
8465,-0.044
8466,-0.015
8467,-0.139
8468,-0.085
8469,0.034
8470,0.044
8471,-0.078
8472,0.11
8473,-0.039
8474,-0.193
8475,0.132
8476,0.054
8477,0.066
8478,0.225
8479,-0.007
8480,0.029
8481,-0.022
8482,0.012
8483,0.115
8484,0.017
8485,-0.046
8486,0.049
8487,-0.02
8488,-0.049
8489,-0.005
8490,-0.02
8491,-0.032
8492,-0.015
8493,-0.042
8494,-0.063
8495,0.027
8496,0.012
8497,0.01
8498,-0.049
8499,0.112
8500,0.056
8501,-0.068
8502,-0.012
8503,-0.037
8504,0.024
8505,-0.078
8506,-0.012
8507,0.015
8508,-0.007
8509,-0.051
8510,0.022
8511,-0.034
8512,0.061
8513,0.093
8514,-0.039
8515,0.02
8516,0.049
8517,-0.032
8518,0.039
8519,0.103
8520,0.127
8521,0.0
8522,0.01
8523,0.051
8524,0.071
8525,-0.01
8526,0.059
8527,-0.02
8528,-0.161
8529,-0.073
8530,-0.015
8531,-0.112
8532,0.015
8533,-0.037
8534,-0.059
8535,0.032
8536,-0.073
8537,-0.107
8538,-0.171
8539,0.056
8540,0.156
8541,-0.085
8542,-0.037
8543,0.022
8544,0.093
8545,-0.027
8546,-0.044
8547,-0.039
8548,-0.115
8549,-0.012
8550,0.049
8551,0.066
8552,0.034
8553,0.0
8554,0.017
8555,0.042
8556,0.01
8557,0.054
8558,0.068
8559,0.115
8560,0.024
8561,0.034
8562,-0.073
8563,0.039
8564,0.054
8565,-0.034
8566,0.024
8567,-0.081
8568,-0.037
8569,0.054
8570,0.039
8571,-0.012
8572,-0.024
8573,0.042
8574,-0.029
8575,-0.02
8576,-0.002
8577,-0.029
8578,0.063
8579,0.01
8580,-0.042
8581,0.051
8582,0.039
8583,0.01
8584,-0.056
8585,0.01
8586,0.007
8587,0.0
8588,-0.049
8589,-0.051
8590,-0.09
8591,-0.073
8592,-0.063
8593,-0.01
8594,0.054
8595,0.022
8596,-0.039
8597,-0.007
8598,-0.054
8599,-0.012
8600,0.085
8601,0.012
8602,-0.105
8603,-0.127
8604,-0.081
8605,-0.059
8606,-0.007
8607,0.061
8608,-0.078
8609,-0.085
8610,-0.083
8611,-0.066
8612,-0.068
8613,-0.042
8614,0.032
8615,0.017
8616,-0.061
8617,0.024
8618,0.0
8619,0.007
8620,0.095
8621,0.061
8622,0.007
8623,-0.054
8624,0.027
8625,0.042
8626,0.005
8627,-0.071
8628,-0.015
8629,-0.002
8630,-0.039
8631,-0.02
8632,0.02
8633,0.039
8634,-0.042
8635,0.056
8636,0.024
8637,-0.049
8638,0.068
8639,-0.002
8640,-0.029
8641,0.015
8642,0.037
8643,0.042
8644,0.046
8645,0.012
8646,0.022
8647,-0.002
8648,-0.061
8649,0.024
8650,0.012
8651,0.137
8652,-0.029
8653,-0.068
8654,-0.037
8655,0.005
8656,-0.015
8657,0.034
8658,0.005
8659,0.022
8660,0.015
8661,-0.088
8662,-0.017
8663,0.029
8664,-0.015
8665,-0.081
8666,0.085
8667,-0.017
8668,-0.071
8669,0.027
8670,0.063
8671,-0.039
8672,-0.002
8673,0.09
8674,0.078
8675,-0.049
8676,0.11
8677,0.122
8678,-0.054
8679,0.002
8680,-0.022
8681,-0.027
8682,0.034
8683,0.129
8684,0.159
8685,0.005
8686,-0.005
8687,-0.12
8688,-0.022
8689,0.037
8690,-0.11
8691,-0.007
8692,-0.044
8693,-0.129
8694,-0.132
8695,-0.134
8696,0.007
8697,-0.115
8698,-0.117
8699,0.09
8700,-0.068
8701,-0.095
8702,-0.076
8703,-0.181
8704,-0.024
8705,-0.181
8706,-0.046
8707,0.044
8708,-0.076
8709,0.059
8710,0.061
8711,-0.051
8712,-0.081
8713,-0.071
8714,0.027
8715,0.081
8716,-0.098
8717,-0.027
8718,0.01
8719,0.054
8720,0.039
8721,-0.046
8722,-0.039
8723,0.085
8724,0.049
8725,-0.073
8726,-0.054
8727,-0.034
8728,0.046
8729,-0.002
8730,-0.076
8731,-0.146
8732,-0.139
8733,0.007
8734,0.029
8735,-0.056
8736,-0.098
8737,0.066
8738,0.049
8739,0.002
8740,-0.056
8741,-0.105
8742,0.049
8743,0.129
8744,0.127
8745,0.056
8746,0.076
8747,0.017
8748,0.005
8749,-0.012
8750,-0.024
8751,0.103
8752,0.125
8753,0.1
8754,-0.024
8755,-0.029
8756,0.085
8757,0.049
8758,0.093
8759,-0.01
8760,0.066
8761,0.083
8762,0.002
8763,-0.01
8764,0.022
8765,-0.056
8766,0.117
8767,0.078
8768,0.039
8769,-0.017
8770,0.027
8771,0.012
8772,-0.007
8773,-0.034
8774,0.039
8775,-0.093
8776,-0.132
8777,-0.081
8778,-0.032
8779,-0.095
8780,-0.027
8781,0.017
8782,-0.01
8783,-0.044
8784,-0.056
8785,0.017
8786,0.034
8787,-0.051
8788,-0.09
8789,-0.164
8790,-0.085
8791,0.071
8792,0.051
8793,-0.054
8794,-0.049
8795,0.11
8796,0.107
8797,-0.134
8798,-0.007
8799,-0.012
8800,-0.024
8801,0.022
8802,-0.012
8803,0.01
8804,0.046
8805,0.037
8806,0.027
8807,-0.054
8808,-0.107
8809,0.061
8810,0.007
8811,-0.039
8812,-0.037
8813,-0.083
8814,-0.034
8815,-0.005
8816,-0.12
8817,-0.1
8818,-0.078
8819,-0.005
8820,-0.034
8821,-0.039
8822,-0.046
8823,0.002
8824,-0.037
8825,-0.156
8826,-0.061
8827,0.024
8828,-0.012
8829,-0.015
8830,0.076
8831,-0.01
8832,0.007
8833,-0.037
8834,-0.044
8835,-0.007
8836,0.0
8837,0.01
8838,-0.037
8839,0.054
8840,0.081
8841,-0.088
8842,-0.054
8843,-0.012
8844,0.066
8845,0.015
8846,0.0
8847,0.061
8848,0.046
8849,-0.029
8850,0.007
8851,0.007
8852,-0.039
8853,0.068
8854,-0.022
8855,-0.071
8856,-0.034
8857,0.015
8858,-0.015
8859,-0.061
8860,0.037
8861,0.002
8862,0.093
8863,0.098
8864,0.093
8865,-0.056
8866,0.068
8867,0.002
8868,0.049
8869,0.022
8870,-0.039
8871,0.015
8872,-0.007
8873,-0.039
8874,-0.056
8875,-0.071
8876,-0.095
8877,-0.049
8878,-0.105
8879,-0.083
8880,-0.012
8881,0.034
8882,0.068
8883,-0.12
8884,-0.02
8885,0.095
8886,0.029
8887,0.139
8888,0.017
8889,0.063
8890,0.078
8891,0.032
8892,-0.034
8893,0.015
8894,0.105
8895,0.061
8896,-0.012
8897,0.076
8898,-0.054
8899,-0.09
8900,-0.01
8901,0.073
8902,0.09
8903,-0.022
8904,-0.02
8905,-0.002
8906,0.107
8907,0.054
8908,-0.02
8909,0.078
8910,0.066
8911,-0.059
8912,0.032
8913,0.078
8914,-0.076
8915,-0.095
8916,0.034
8917,-0.002
8918,-0.161
8919,-0.066
8920,0.076
8921,-0.037
8922,-0.085
8923,-0.002
8924,0.017
8925,0.076
8926,0.01
8927,0.034
8928,0.042
8929,-0.02
8930,0.015
8931,0.044
8932,0.024
8933,0.015
8934,0.032
8935,0.09
8936,-0.049
8937,-0.037
8938,0.022
8939,-0.117
8940,-0.027
8941,-0.01
8942,-0.098
8943,-0.022
8944,0.085
8945,0.122
8946,0.122
8947,-0.046
8948,-0.049
8949,0.005
8950,-0.051
8951,-0.027
8952,-0.015
8953,0.02
8954,-0.095
8955,-0.12
8956,-0.042
8957,-0.103
8958,-0.054
8959,0.063
8960,0.044
8961,-0.007
8962,-0.037
8963,-0.034
8964,0.083
8965,0.029
8966,0.029
8967,0.017
8968,0.142
8969,0.098
8970,-0.02
8971,-0.007
8972,-0.081
8973,0.085
8974,0.034
8975,-0.078
8976,0.063
8977,0.032
8978,-0.051
8979,-0.01
8980,-0.039
8981,-0.029
8982,-0.01
8983,0.007
8984,0.061
8985,0.054
8986,0.107
8987,0.032
8988,0.115
8989,0.049
8990,-0.093
8991,0.034
8992,-0.032
8993,-0.132
8994,-0.027
8995,-0.066
8996,-0.046
8997,-0.09
8998,-0.085
8999,0.049
9000,-0.022
9001,-0.095
9002,0.005
9003,-0.054
9004,0.073
9005,0.081
9006,0.005
9007,-0.044
9008,0.002
9009,-0.063
9010,0.01
9011,0.076
9012,-0.024
9013,-0.061
9014,-0.088
9015,0.115
9016,0.0
9017,-0.032
9018,-0.022
9019,-0.088
9020,0.022
9021,0.015
9022,-0.054
9023,0.01
9024,-0.007
9025,-0.015
9026,-0.071
9027,0.012
9028,0.076
9029,-0.105
9030,-0.071
9031,0.017
9032,-0.007
9033,-0.095
9034,-0.037
9035,-0.107
9036,-0.083
9037,-0.066
9038,-0.056
9039,0.015
9040,-0.049
9041,0.032
9042,0.063
9043,-0.022
9044,-0.044
9045,-0.032
9046,0.022
9047,0.063
9048,0.11
9049,0.095
9050,0.044
9051,0.049
9052,-0.066
9053,0.032
9054,-0.012
9055,-0.093
9056,-0.071
9057,-0.029
9058,-0.085
9059,-0.046
9060,-0.068
9061,-0.073
9062,-0.024
9063,-0.017
9064,0.01
9065,0.056
9066,0.029
9067,0.027
9068,0.049
9069,-0.029
9070,0.051
9071,0.017
9072,-0.02
9073,0.117
9074,0.027
9075,0.012
9076,-0.017
9077,-0.015
9078,0.09
9079,0.037
9080,-0.039
9081,-0.01
9082,-0.049
9083,0.01
9084,0.063
9085,0.022
9086,0.078
9087,0.066
9088,0.11
9089,-0.022
9090,-0.042
9091,0.076
9092,-0.044
9093,0.027
9094,0.0
9095,-0.044
9096,-0.034
9097,-0.034
9098,-0.029
9099,0.005
9100,-0.122
9101,-0.125
9102,-0.02
9103,-0.034
9104,-0.02
9105,-0.046
9106,0.071
9107,0.217
9108,0.11
9109,-0.051
9110,-0.037
9111,0.02
9112,0.066
9113,0.017
9114,0.015
9115,-0.051
9116,-0.022
9117,-0.051
9118,-0.144
9119,-0.032
9120,-0.139
9121,-0.115
9122,-0.042
9123,-0.076
9124,-0.103
9125,0.037
9126,0.017
9127,-0.088
9128,-0.051
9129,-0.127
9130,0.01
9131,0.073
9132,-0.081
9133,-0.022
9134,0.022
9135,0.024
9136,-0.017
9137,-0.071
9138,0.129
9139,0.068
9140,-0.056
9141,0.007
9142,-0.073
9143,0.039
9144,-0.024
9145,-0.017
9146,0.046
9147,0.032
9148,0.061
9149,-0.015
9150,-0.012
9151,-0.02
9152,-0.012
9153,-0.061
9154,-0.032
9155,0.029
9156,-0.027
9157,0.066
9158,0.0
9159,-0.005
9160,-0.037
9161,-0.005
9162,0.093
9163,0.068
9164,-0.024
9165,0.0
9166,0.037
9167,0.088
9168,0.044
9169,0.061
9170,-0.024
9171,-0.015
9172,0.088
9173,0.073
9174,-0.044
9175,-0.105
9176,-0.005
9177,0.005
9178,-0.002
9179,-0.11
9180,-0.054
9181,0.044
9182,-0.078
9183,-0.112
9184,-0.1
9185,0.076
9186,0.029
9187,-0.044
9188,0.088
9189,-0.046
9190,0.132
9191,0.11
9192,-0.029
9193,0.071
9194,0.068
9195,0.073
9196,-0.005
9197,-0.01
9198,0.054
9199,0.034
9200,0.01
9201,-0.054
9202,0.039
9203,0.071
9204,0.049
9205,-0.029
9206,-0.061
9207,0.002
9208,0.103
9209,0.098
9210,0.095
9211,0.066
9212,-0.037
9213,0.066
9214,0.037
9215,-0.042
9216,-0.076
9217,-0.034
9218,-0.071
9219,-0.059
9220,-0.046
9221,0.017
9222,0.01
9223,-0.034
9224,-0.054
9225,-0.049
9226,-0.032
9227,-0.017
9228,0.039
9229,0.024
9230,-0.005
9231,0.11
9232,0.083
9233,0.081
9234,0.061
9235,-0.044
9236,0.034
9237,0.081
9238,0.012
9239,0.051
9240,0.015
9241,0.01
9242,-0.034
9243,-0.083
9244,-0.051
9245,0.063
9246,-0.007
9247,0.088
9248,0.095
9249,0.098
9250,-0.01
9251,-0.122
9252,0.022
9253,0.012
9254,0.078
9255,0.085
9256,0.066
9257,-0.02
9258,-0.032
9259,-0.017
9260,0.02
9261,0.005
9262,-0.083
9263,0.007
9264,0.066
9265,-0.02
9266,-0.02
9267,0.151
9268,0.056
9269,-0.024
9270,0.129
9271,0.11
9272,0.012
9273,0.039
9274,0.095
9275,0.022
9276,0.007
9277,0.039
9278,0.034
9279,-0.012
9280,-0.029
9281,0.051
9282,0.039
9283,-0.017
9284,0.002
9285,-0.095
9286,0.022
9287,0.061
9288,0.034
9289,-0.046
9290,0.005
9291,-0.029
9292,0.007
9293,0.066
9294,-0.085
9295,-0.071
9296,-0.037
9297,-0.007
9298,-0.059
9299,-0.007
9300,-0.032
9301,0.032
9302,-0.015
9303,-0.105
9304,-0.081
9305,-0.007
9306,0.093
9307,0.005
9308,-0.024
9309,-0.012
9310,0.059
9311,0.039
9312,0.002
9313,0.042
9314,-0.007
9315,-0.017
9316,-0.01
9317,0.107
9318,-0.005
9319,-0.017
9320,-0.024
9321,-0.027
9322,0.037
9323,0.071
9324,0.042
9325,0.044
9326,0.039
9327,0.022
9328,0.002
9329,0.024
9330,0.098
9331,0.039
9332,0.061
9333,0.037
9334,0.085
9335,-0.012
9336,0.034
9337,0.1
9338,-0.083
9339,-0.066
9340,0.017
9341,0.022
9342,-0.012
9343,-0.093
9344,-0.005
9345,0.034
9346,0.024
9347,-0.144
9348,-0.034
9349,0.012
9350,0.071
9351,0.022
9352,0.002
9353,-0.132
9354,-0.012
9355,0.002
9356,0.029
9357,0.002
9358,0.005
9359,-0.037
9360,-0.037
9361,0.034
9362,-0.012
9363,0.042
9364,0.132
9365,0.01
9366,-0.049
9367,-0.093
9368,0.01
9369,0.139
9370,-0.022
9371,-0.078
9372,0.095
9373,0.068
9374,-0.081
9375,-0.068
9376,-0.005
9377,-0.061
9378,-0.051
9379,-0.11
9380,-0.056
9381,-0.017
9382,0.034
9383,0.007
9384,-0.095
9385,-0.134
9386,0.007
9387,-0.02
9388,0.054
9389,-0.017
9390,-0.095
9391,-0.042
9392,0.0
9393,-0.085
9394,-0.112
9395,-0.002
9396,-0.007
9397,0.02
9398,-0.066
9399,-0.105
9400,-0.027
9401,-0.103
9402,-0.083
9403,-0.083
9404,-0.081
9405,-0.042
9406,0.01
9407,0.024
9408,-0.085
9409,-0.054
9410,0.002
9411,0.032
9412,0.09
9413,-0.034
9414,-0.022
9415,0.115
9416,0.112
9417,0.02
9418,0.103
9419,0.061
9420,0.0
9421,-0.076
9422,-0.037
9423,-0.056
9424,-0.034
9425,-0.083
9426,-0.132
9427,-0.037
9428,-0.032
9429,0.007
9430,0.007
9431,-0.073
9432,-0.015
9433,0.034
9434,-0.012
9435,-0.022
9436,0.046
9437,0.027
9438,0.027
9439,-0.012
9440,-0.01
9441,-0.139
9442,-0.073
9443,-0.02
9444,-0.002
9445,-0.117
9446,-0.059
9447,-0.005
9448,0.044
9449,-0.01
9450,-0.034
9451,0.037
9452,-0.032
9453,0.015
9454,0.117
9455,0.11
9456,0.049
9457,0.139
9458,-0.015
9459,0.063
9460,0.112
9461,0.049
9462,-0.076
9463,-0.059
9464,-0.144
9465,-0.085
9466,-0.024
9467,-0.059
9468,-0.049
9469,-0.046
9470,-0.034
9471,-0.01
9472,-0.09
9473,-0.129
9474,-0.032
9475,0.071
9476,0.01
9477,-0.032
9478,-0.012
9479,-0.044
9480,0.034
9481,0.044
9482,0.024
9483,0.024
9484,-0.056
9485,-0.032
9486,-0.007
9487,0.059
9488,-0.054
9489,-0.034
9490,0.02
9491,0.09
9492,0.073
9493,-0.015
9494,0.005
9495,0.0
9496,0.081
9497,0.056
9498,0.078
9499,-0.046
9500,-0.034
9501,-0.088
9502,-0.017
9503,-0.071
9504,-0.117
9505,-0.117
9506,-0.127
9507,-0.222
9508,-0.061
9509,-0.054
9510,-0.012
9511,-0.061
9512,-0.027
9513,-0.056
9514,-0.09
9515,0.029
9516,-0.024
9517,-0.042
9518,-0.059
9519,-0.029
9520,0.034
9521,-0.037
9522,-0.024
9523,-0.032
9524,-0.103
9525,0.012
9526,-0.017
9527,-0.112
9528,-0.012
9529,-0.015
9530,-0.02
9531,0.027
9532,0.071
9533,0.11
9534,-0.02
9535,-0.032
9536,0.068
9537,0.005
9538,-0.063
9539,0.032
9540,-0.007
9541,-0.151
9542,-0.085
9543,-0.066
9544,-0.061
9545,-0.044
9546,-0.022
9547,-0.144
9548,-0.061
9549,-0.166
9550,-0.117
9551,-0.007
9552,-0.044
9553,0.032
9554,0.076
9555,-0.049
9556,-0.071
9557,-0.002
9558,0.151
9559,0.088
9560,-0.103
9561,0.073
9562,-0.032
9563,0.029
9564,-0.076
9565,-0.093
9566,0.112
9567,-0.005
9568,-0.193
9569,-0.173
9570,-0.1
9571,0.081
9572,0.044
9573,-0.029
9574,-0.01
9575,-0.056
9576,-0.063
9577,-0.015
9578,0.029
9579,0.039
9580,0.071
9581,0.061
9582,-0.027
9583,-0.039
9584,-0.076
9585,-0.024
9586,0.051
9587,0.068
9588,0.071
9589,0.056
9590,0.103
9591,-0.032
9592,-0.032
9593,0.071
9594,0.076
9595,-0.066
9596,0.193
9597,0.146
9598,0.024
9599,0.024
9600,0.105
9601,-0.046
9602,-0.005
9603,-0.042
9604,-0.02
9605,-0.034
9606,-0.005
9607,-0.115
9608,0.0
9609,-0.042
9610,-0.017
9611,-0.066
9612,-0.078
9613,-0.046
9614,-0.056
9615,-0.027
9616,-0.042
9617,-0.039
9618,0.032
9619,0.005
9620,0.078
9621,0.034
9622,-0.017
9623,-0.017
9624,0.012
9625,-0.051
9626,0.007
9627,0.002
9628,0.161
9629,0.024
9630,-0.037
9631,0.078
9632,0.066
9633,0.017
9634,0.005
9635,0.051
9636,0.061
9637,0.151
9638,0.0
9639,-0.078
9640,-0.024
9641,0.059
9642,0.063
9643,-0.061
9644,-0.078
9645,-0.085
9646,-0.107
9647,-0.188
9648,-0.193
9649,-0.081
9650,-0.007
9651,-0.063
9652,-0.032
9653,-0.034
9654,-0.037
9655,0.049
9656,0.051
9657,0.015
9658,0.051
9659,0.049
9660,0.063
9661,-0.046
9662,-0.015
9663,0.09
9664,0.015
9665,-0.01
9666,-0.063
9667,0.032
9668,0.01
9669,-0.029
9670,-0.061
9671,-0.068
9672,0.024
9673,-0.054
9674,-0.066
9675,-0.078
9676,0.098
9677,0.049
9678,-0.005
9679,0.081
9680,0.032
9681,-0.022
9682,0.049
9683,-0.063
9684,0.032
9685,-0.051
9686,-0.076
9687,-0.02
9688,-0.032
9689,-0.02
9690,-0.015
9691,-0.081
9692,-0.054
9693,-0.09
9694,-0.142
9695,-0.012
9696,0.112
9697,0.051
9698,0.125
9699,0.093
9700,-0.027
9701,0.081
9702,0.146
9703,0.022
9704,0.005
9705,0.044
9706,-0.076
9707,-0.066
9708,-0.042
9709,0.029
9710,-0.012
9711,-0.049
9712,-0.105
9713,-0.01
9714,-0.024
9715,0.002
9716,0.007
9717,-0.12
9718,-0.022
9719,0.056
9720,-0.059
9721,-0.095
9722,-0.061
9723,0.01
9724,0.027
9725,0.012
9726,0.01
9727,0.088
9728,0.027
9729,0.002
9730,-0.039
9731,-0.027
9732,0.02
9733,0.027
9734,0.015
9735,0.01
9736,0.12
9737,-0.002
9738,-0.056
9739,-0.017
9740,0.022
9741,0.085
9742,0.078
9743,-0.005
9744,-0.012
9745,-0.024
9746,0.046
9747,0.073
9748,0.063
9749,0.061
9750,0.083
9751,0.12
9752,0.076
9753,0.017
9754,0.039
9755,0.081
9756,0.09
9757,0.115
9758,-0.01
9759,0.11
9760,0.181
9761,0.034
9762,-0.09
9763,-0.007
9764,0.015
9765,-0.051
9766,-0.107
9767,0.032
9768,-0.059
9769,-0.11
9770,-0.039
9771,0.039
9772,-0.063
9773,0.022
9774,-0.002
9775,0.022
9776,0.09
9777,0.181
9778,0.115
9779,-0.029
9780,-0.068
9781,0.049
9782,-0.015
9783,0.112
9784,-0.032
9785,-0.125
9786,-0.105
9787,-0.012
9788,-0.142
9789,0.042
9790,-0.068
9791,0.046
9792,-0.005
9793,-0.017
9794,0.098
9795,-0.017
9796,0.022
9797,0.083
9798,-0.02
9799,0.002
9800,0.01
9801,0.051
9802,-0.022
9803,-0.068
9804,-0.002
9805,-0.046
9806,-0.046
9807,-0.02
9808,-0.044
9809,-0.005
9810,0.027
9811,-0.068
9812,-0.127
9813,-0.056
9814,0.066
9815,-0.044
9816,0.01
9817,-0.017
9818,-0.051
9819,0.115
9820,0.125
9821,-0.11
9822,-0.049
9823,0.0
9824,0.01
9825,0.044
9826,-0.051
9827,-0.007
9828,0.017
9829,0.032
9830,-0.005
9831,0.02
9832,0.149
9833,0.103
9834,-0.007
9835,-0.081
9836,0.024
9837,0.144
9838,-0.12
9839,0.015
9840,0.066
9841,-0.02
9842,0.01
9843,0.049
9844,0.039
9845,0.081
9846,0.166
9847,0.1
9848,-0.049
9849,0.005
9850,0.081
9851,0.068
9852,-0.005
9853,0.039
9854,0.171
9855,-0.083
9856,0.068
9857,0.032
9858,-0.002
9859,-0.002
9860,0.22
9861,0.046
9862,-0.066
9863,0.017
9864,-0.066
9865,-0.007
9866,0.068
9867,-0.122
9868,-0.088
9869,-0.076
9870,-0.098
9871,-0.085
9872,-0.09
9873,-0.085
9874,-0.007
9875,-0.051
9876,0.046
9877,0.01
9878,-0.066
9879,-0.044
9880,-0.002
9881,0.093
9882,0.037
9883,0.093
9884,-0.042
9885,-0.012
9886,0.037
9887,0.034
9888,-0.076
9889,-0.161
9890,-0.017
9891,-0.01
9892,-0.076
9893,-0.063
9894,-0.093
9895,-0.129
9896,0.032
9897,0.007
9898,-0.127
9899,-0.024
9900,0.017
9901,-0.005
9902,-0.034
9903,-0.063
9904,-0.081
9905,-0.095
9906,-0.134
9907,-0.09
9908,-0.024
9909,-0.085
9910,-0.034
9911,-0.042
9912,-0.1
9913,-0.139
9914,0.034
9915,-0.073
9916,0.034
9917,0.034
9918,-0.032
9919,0.103
9920,0.088
9921,0.098
9922,0.015
9923,0.015
9924,0.129
9925,0.1
9926,0.01
9927,0.081
9928,-0.01
9929,-0.105
9930,-0.037
9931,0.015
9932,-0.049
9933,0.022
9934,0.01
9935,-0.103
9936,-0.081
9937,0.054
9938,-0.007
9939,0.071
9940,0.176
9941,-0.09
9942,0.024
9943,0.078
9944,0.11
9945,0.083
9946,0.02
9947,0.095
9948,0.154
9949,-0.063
9950,0.032
9951,0.049
9952,-0.022
9953,0.081
9954,0.005
9955,-0.183
9956,-0.012
9957,0.063
9958,0.09
9959,0.093
9960,0.056
9961,-0.007
9962,-0.002
9963,0.061
9964,0.093
9965,-0.015
9966,-0.081
9967,-0.02
9968,-0.012
9969,-0.029
9970,-0.063
9971,-0.059
9972,-0.068
9973,-0.012
9974,-0.127
9975,-0.137
9976,-0.005
9977,0.024
9978,0.032
9979,-0.063
9980,-0.071
9981,0.02
9982,0.051
9983,0.037
9984,0.081
9985,0.015
9986,0.085
9987,0.068
9988,-0.022
9989,-0.046
9990,0.012
9991,-0.081
9992,0.095
9993,0.012
9994,-0.103
9995,-0.122
9996,-0.085
9997,0.002
9998,0.037
9999,-0.039
10000,-0.144
10001,-0.132
10002,-0.007
10003,0.078
10004,-0.037
10005,0.002
10006,-0.042
10007,0.005
10008,-0.027
10009,-0.029
10010,-0.017
10011,0.022
10012,0.012
10013,-0.056
10014,-0.002
10015,0.027
10016,0.059
10017,0.071
10018,0.01
10019,-0.049
10020,0.107
10021,0.103
10022,0.11
10023,0.032
10024,0.037
10025,0.095
10026,0.0
10027,0.056
10028,0.076
10029,0.034
10030,0.046
10031,-0.002
10032,-0.015
10033,-0.034
10034,-0.012
10035,0.039
10036,0.066
10037,0.024
10038,0.017
10039,0.115
10040,0.112
10041,-0.022
10042,-0.029
10043,0.017
10044,0.168
10045,0.015
10046,-0.039
10047,0.022
10048,0.042
10049,0.002
10050,-0.046
10051,-0.081
10052,-0.015
10053,0.01
10054,-0.032
10055,0.015
10056,-0.093
10057,-0.02
10058,0.078
10059,-0.037
10060,-0.063
10061,0.034
10062,0.125
10063,0.02
10064,-0.01
10065,-0.034
10066,0.027
10067,0.083
10068,-0.103
10069,-0.129
10070,-0.044
10071,-0.032
10072,-0.061
10073,-0.076
10074,0.007
10075,-0.11
10076,-0.054
10077,0.098
10078,0.012
10079,0.032
10080,-0.007
10081,0.068
10082,0.024
10083,-0.01
10084,-0.027
10085,-0.093
10086,0.059
10087,0.0
10088,0.02
10089,0.007
10090,-0.076
10091,-0.085
10092,-0.107
10093,-0.081
10094,-0.039
10095,-0.017
10096,0.073
10097,-0.046
10098,0.027
10099,0.029
10100,0.093
10101,0.088
10102,-0.002
10103,0.027
10104,0.205
10105,0.09
10106,0.029
10107,0.129
10108,0.02
10109,0.09
10110,0.01
10111,-0.044
10112,0.09
10113,0.076
10114,0.137
10115,0.017
10116,0.034
10117,0.032
10118,0.09
10119,0.056
10120,0.024
10121,-0.061
10122,-0.046
10123,0.107
10124,0.068
10125,-0.129
10126,-0.037
10127,0.007
10128,-0.01
10129,-0.068
10130,0.042
10131,-0.054
10132,0.029
10133,0.012
10134,0.029
10135,0.017
10136,0.01
10137,0.007
10138,0.063
10139,0.02
10140,-0.056
10141,0.112
10142,0.027
10143,0.037
10144,-0.022
10145,0.017
10146,0.095
10147,0.063
10148,0.037
10149,0.002
10150,-0.042
10151,0.032
10152,0.046
10153,-0.151
10154,-0.063
10155,0.061
10156,0.02
10157,0.103
10158,-0.051
10159,-0.015
10160,0.144
10161,0.081
10162,-0.005
10163,-0.017
10164,0.085
10165,0.088
10166,-0.037
10167,-0.2
10168,-0.076
10169,0.105
10170,-0.156
10171,-0.183
10172,-0.032
10173,-0.049
10174,-0.076
10175,-0.039
10176,-0.088
10177,-0.09
10178,-0.046
10179,-0.015
10180,-0.037
10181,-0.034
10182,0.154
10183,0.134
10184,0.11
10185,0.017
10186,0.078
10187,0.063
10188,-0.046
10189,0.107
10190,0.039
10191,0.012
10192,-0.085
10193,-0.112
10194,0.042
10195,-0.017
10196,-0.012
10197,-0.01
10198,-0.1
10199,-0.125
10200,0.002
10201,0.21
10202,0.11
10203,-0.015
10204,0.042
10205,0.095
10206,0.066
10207,0.049
10208,-0.029
10209,-0.063
10210,0.037
10211,-0.024
10212,-0.1
10213,0.005
10214,-0.081
10215,-0.107
10216,-0.076
10217,-0.061
10218,0.015
10219,-0.059
10220,-0.029
10221,0.037
10222,-0.039
10223,0.01
10224,0.1
10225,-0.005
10226,0.034
10227,0.01
10228,0.039
10229,-0.002
10230,-0.039
10231,0.005
10232,-0.078
10233,-0.159
10234,0.054
10235,-0.054
10236,-0.09
10237,0.0
10238,-0.01
10239,-0.034
10240,-0.027
10241,0.005
10242,-0.09
10243,-0.081
10244,-0.01
10245,0.095
10246,0.1
10247,-0.007
10248,-0.02
10249,-0.029
10250,-0.134
10251,-0.029
10252,-0.056
10253,-0.144
10254,-0.125
10255,-0.164
10256,-0.1
10257,-0.073
10258,0.005
10259,-0.103
10260,-0.037
10261,0.0
10262,-0.081
10263,-0.042
10264,0.068
10265,0.083
10266,0.007
10267,0.005
10268,-0.015
10269,-0.024
10270,-0.059
10271,0.042
10272,0.037
10273,-0.083
10274,-0.046
10275,-0.044
10276,-0.024
10277,-0.046
10278,0.037
10279,0.0
10280,-0.063
10281,-0.029
10282,-0.059
10283,0.015
10284,0.049
10285,0.044
10286,0.061
10287,-0.007
10288,0.059
10289,0.061
10290,0.078
10291,0.0
10292,-0.02
10293,-0.059
10294,-0.037
10295,-0.056
10296,-0.012
10297,-0.127
10298,-0.034
10299,0.0
10300,-0.063
10301,-0.042
10302,0.017
10303,0.042
10304,-0.017
10305,-0.005
10306,0.046
10307,0.122
10308,0.051
10309,0.083
10310,0.02
10311,-0.068
10312,0.007
10313,-0.076
10314,-0.11
10315,-0.076
10316,-0.088
10317,0.002
10318,-0.063
10319,-0.088
10320,-0.107
10321,-0.137
10322,-0.039
10323,-0.015
10324,-0.059
10325,0.007
10326,-0.005
10327,0.0
10328,-0.125
10329,-0.032
10330,0.02
10331,-0.1
10332,-0.105
10333,-0.078
10334,-0.034
10335,-0.017
10336,-0.051
10337,-0.056
10338,-0.029
10339,-0.012
10340,0.012
10341,-0.105
10342,-0.024
10343,-0.049
10344,-0.098
10345,-0.007
10346,0.017
10347,0.039
10348,-0.012
10349,0.049
10350,0.032
10351,-0.017
10352,0.051
10353,-0.088
10354,-0.024
10355,0.005
10356,0.034
10357,0.059
10358,-0.022
10359,-0.022
10360,0.034
10361,-0.056
10362,0.022
10363,0.063
10364,0.061
10365,0.059
10366,0.034
10367,0.088
10368,0.012
10369,0.034
10370,0.154
10371,0.071
10372,0.007
10373,0.056
10374,0.017
10375,0.051
10376,0.005
10377,-0.093
10378,-0.144
10379,-0.061
10380,0.061
10381,0.022
10382,-0.02
10383,0.122
10384,-0.029
10385,-0.132
10386,0.11
10387,0.044
10388,0.122
10389,0.059
10390,-0.027
10391,0.015
10392,-0.164
10393,-0.105
10394,-0.02
10395,-0.115
10396,-0.071
10397,-0.078
10398,-0.054
10399,-0.042
10400,0.095
10401,-0.076
10402,-0.032
10403,-0.02
10404,0.063
10405,0.078
10406,0.027
10407,0.081
10408,0.059
10409,0.105
10410,-0.015
10411,0.024
10412,-0.107
10413,-0.051
10414,0.02
10415,-0.042
10416,-0.049
10417,0.027
10418,-0.007
10419,0.049
10420,0.085
10421,-0.132
10422,-0.037
10423,-0.02
10424,0.032
10425,0.173
10426,-0.002
10427,-0.076
10428,0.107
10429,0.02
10430,-0.005
10431,0.134
10432,0.056
10433,-0.029
10434,-0.093
10435,-0.071
10436,0.037
10437,-0.002
10438,0.107
10439,-0.081
10440,-0.115
10441,-0.02
10442,0.007
10443,0.164
10444,0.103
10445,0.056
10446,-0.017
10447,0.115
10448,0.11
10449,-0.046
10450,-0.015
10451,0.11
10452,0.042
10453,-0.098
10454,0.081
10455,-0.117
10456,-0.002
10457,0.0
10458,-0.063
10459,0.1
10460,-0.032
10461,0.095
10462,0.02
10463,-0.085
10464,0.115
10465,0.164
10466,0.105
10467,0.046
10468,0.071
10469,0.181
10470,-0.046
10471,0.005
10472,0.044
10473,0.022
10474,0.088
10475,-0.056
10476,-0.059
10477,0.029
10478,0.027
10479,0.071
10480,0.022
10481,-0.107
10482,-0.01
10483,0.007
10484,-0.098
10485,-0.1
10486,0.171
10487,0.112
10488,-0.002
10489,-0.066
10490,-0.017
10491,-0.024
10492,-0.107
10493,-0.076
10494,-0.027
10495,-0.022
10496,0.034
10497,-0.078
10498,-0.024
10499,-0.095
10500,-0.061
10501,0.146
10502,0.195
10503,-0.093
10504,-0.034
10505,0.012
10506,0.144
10507,-0.032
10508,-0.239
10509,0.1
10510,-0.078
10511,0.005
10512,0.039
10513,-0.12
10514,0.029
10515,-0.105
10516,0.02
10517,-0.029
10518,0.059
10519,0.12
10520,-0.093
10521,0.046
10522,0.0
10523,-0.103
10524,0.005
10525,-0.049
10526,0.049
10527,0.051
10528,0.02
10529,0.073
10530,0.105
10531,0.049
10532,0.032
10533,0.117
10534,0.012
10535,0.093
10536,0.132
10537,0.039
10538,0.046
10539,0.071
10540,0.139
10541,0.027
10542,-0.112
10543,0.049
10544,0.105
10545,0.176
10546,0.083
10547,0.073
10548,0.037
10549,0.007
10550,-0.12
10551,-0.076
10552,0.061
10553,0.056
10554,-0.049
10555,-0.095
10556,-0.068
10557,-0.034
10558,0.044
10559,0.034
10560,0.0
10561,-0.007
10562,0.154
10563,0.134
10564,-0.056
10565,0.007
10566,0.093
10567,0.012
10568,0.066
10569,0.0
10570,0.054
10571,0.071
10572,-0.09
10573,0.032
10574,0.09
10575,-0.117
10576,-0.042
10577,-0.034
10578,-0.063
10579,0.034
10580,-0.02
10581,-0.098
10582,-0.039
10583,-0.022
10584,0.105
10585,0.122
10586,-0.081
10587,0.061
10588,0.144
10589,0.027
10590,-0.029
10591,-0.103
10592,0.054
10593,-0.051
10594,-0.068
10595,-0.098
10596,-0.027
10597,-0.063
10598,-0.115
10599,-0.088
10600,0.0
10601,-0.078
10602,-0.029
10603,-0.078
10604,-0.107
10605,0.054
10606,0.056
10607,-0.01
10608,0.054
10609,0.11
10610,0.071
10611,-0.037
10612,0.105
10613,0.0
10614,-0.022
10615,0.059
10616,-0.015
10617,-0.159
10618,-0.02
10619,0.044
10620,-0.076
10621,0.0
10622,0.061
10623,-0.029
10624,-0.078
10625,0.1
10626,0.212
10627,0.117
10628,0.129
10629,0.059
10630,0.112
10631,-0.042
10632,-0.002
10633,0.037
10634,0.029
10635,-0.056
10636,0.078
10637,-0.005
10638,-0.063
10639,-0.068
10640,-0.042
10641,-0.09
10642,-0.066
10643,-0.144
10644,0.029
10645,0.063
10646,-0.073
10647,0.059
10648,0.01
10649,0.0
10650,0.098
10651,0.066
10652,0.002
10653,-0.015
10654,0.022
10655,-0.046
10656,-0.015
10657,0.012
10658,-0.017
10659,0.01
10660,0.049
10661,-0.088
10662,-0.049
10663,-0.051
10664,-0.02
10665,-0.042
10666,-0.051
10667,0.042
10668,0.105
10669,0.007
10670,0.024
10671,0.068
10672,-0.024
10673,0.007
10674,0.0
10675,0.051
10676,-0.012
10677,-0.012
10678,-0.02
10679,-0.01
10680,0.063
10681,-0.076
10682,-0.125
10683,-0.012
10684,-0.042
10685,0.037
10686,-0.01
10687,-0.039
10688,-0.076
10689,0.042
10690,0.02
10691,-0.029
10692,-0.071
10693,-0.076
10694,-0.027
10695,-0.063
10696,-0.024
10697,-0.002
10698,-0.007
10699,-0.049
10700,0.212
10701,0.029
10702,-0.054
10703,0.044
10704,0.005
10705,0.164
10706,0.149
10707,0.132
10708,0.208
10709,-0.105
10710,-0.015
10711,0.181
10712,0.105
10713,0.12
10714,-0.01
10715,-0.051
10716,-0.024
10717,0.088
10718,-0.017
10719,-0.034
10720,0.083
10721,0.007
10722,-0.002
10723,0.068
10724,0.034
10725,-0.017
10726,0.0
10727,0.02
10728,0.146
10729,0.044
10730,-0.066
10731,0.02
10732,-0.01
10733,0.049
10734,0.015
10735,-0.007
10736,0.015
10737,-0.007
10738,-0.066
10739,-0.046
10740,-0.107
10741,-0.046
10742,-0.01
10743,0.007
10744,-0.024
10745,0.0
10746,-0.024
10747,0.049
10748,0.125
10749,0.046
10750,0.049
10751,-0.012
10752,-0.061
10753,0.002
10754,-0.054
10755,0.02
10756,-0.088
10757,-0.042
10758,-0.098
10759,-0.015
10760,-0.107
10761,-0.198
10762,-0.139
10763,-0.11
10764,-0.042
10765,-0.083
10766,-0.042
10767,-0.076
10768,-0.042
10769,-0.051
10770,-0.078
10771,0.085
10772,0.063
10773,-0.059
10774,-0.046
10775,-0.005
10776,0.024
10777,-0.051
10778,-0.159
10779,-0.083
10780,-0.024
10781,-0.044
10782,-0.046
10783,-0.029
10784,0.046
10785,0.093
10786,-0.015
10787,0.125
10788,0.073
10789,0.051
10790,0.156
10791,0.005
10792,-0.051
10793,0.103
10794,0.044
10795,-0.105
10796,-0.039
10797,-0.046
10798,-0.081
10799,-0.066
10800,-0.132
10801,-0.051
10802,-0.129
10803,0.037
10804,0.1
10805,0.032
10806,-0.088
10807,0.122
10808,-0.012
10809,-0.037
10810,0.11
10811,0.071
10812,0.063
10813,0.095
10814,0.142
10815,-0.029
10816,-0.034
10817,0.117
10818,0.056
10819,-0.012
10820,-0.144
10821,0.029
10822,-0.017
10823,-0.085
10824,-0.129
10825,-0.071
10826,-0.012
10827,-0.022
10828,-0.11
10829,-0.051
10830,0.027
10831,-0.042
10832,-0.02
10833,0.1
10834,-0.02
10835,-0.103
10836,-0.027
10837,0.024
10838,-0.046
10839,-0.059
10840,-0.085
10841,0.068
10842,-0.002
10843,-0.066
10844,0.017
10845,-0.012
10846,-0.024
10847,-0.1
10848,-0.029
10849,0.054
10850,0.066
10851,0.059
10852,-0.005
10853,-0.005
10854,-0.059
10855,0.002
10856,-0.125
10857,-0.122
10858,-0.146
10859,-0.068
10860,-0.005
10861,-0.083
10862,-0.088
10863,-0.176
10864,-0.076
10865,-0.063
10866,-0.024
10867,-0.054
10868,-0.132
10869,-0.081
10870,-0.037
10871,-0.032
10872,0.049
10873,-0.01
10874,-0.049
10875,0.061
10876,0.027
10877,0.051
10878,0.071
10879,-0.017
10880,-0.078
10881,0.039
10882,-0.037
10883,0.02
10884,0.032
10885,-0.027
10886,0.034
10887,-0.015
10888,0.085
10889,0.093
10890,-0.042
10891,-0.002
10892,-0.005
10893,0.142
10894,0.034
10895,-0.056
10896,0.01
10897,-0.061
10898,-0.078
10899,-0.112
10900,-0.083
10901,0.005
10902,-0.024
10903,0.029
10904,-0.095
10905,-0.122
10906,0.049
10907,0.029
10908,0.054
10909,-0.01
10910,0.005
10911,0.071
10912,0.056
10913,0.002
10914,0.061
10915,0.085
10916,0.049
10917,0.071
10918,-0.093
10919,0.012
10920,-0.024
10921,-0.01
10922,-0.115
10923,-0.078
10924,-0.083
10925,-0.022
10926,0.032
10927,-0.044
10928,-0.027
10929,-0.02
10930,0.039
10931,0.117
10932,-0.032
10933,-0.037
10934,0.054
10935,-0.046
10936,-0.037
10937,-0.024
10938,-0.129
10939,-0.149
10940,-0.081
10941,-0.073
10942,-0.144
10943,-0.137
10944,-0.076
10945,-0.083
10946,-0.01
10947,-0.046
10948,-0.042
10949,0.012
10950,0.022
10951,0.034
10952,0.042
10953,0.068
10954,-0.032
10955,0.061
10956,0.002
10957,0.076
10958,0.046
10959,-0.012
10960,-0.107
10961,-0.054
10962,-0.059
10963,0.015
10964,0.039
10965,-0.1
10966,-0.024
10967,0.09
10968,-0.002
10969,0.034
10970,-0.037
10971,0.024
10972,0.051
10973,-0.037
10974,0.134
10975,0.061
10976,0.105
10977,0.107
10978,-0.027
10979,0.059
10980,0.161
10981,-0.054
10982,-0.044
10983,-0.02
10984,0.027
10985,0.063
10986,-0.037
10987,-0.083
10988,0.066
10989,0.161
10990,0.088
10991,-0.093
10992,0.032
10993,0.161
10994,0.027
10995,0.039
10996,0.015
10997,0.046
10998,0.046
10999,0.002
11000,-0.112
11001,-0.125
11002,0.056
11003,0.0
11004,0.051
11005,-0.017
11006,0.002
11007,-0.054
11008,-0.015
11009,-0.054
11010,-0.039
11011,-0.024
11012,0.037
11013,-0.022
11014,0.0
11015,-0.005
11016,-0.063
11017,-0.081
11018,-0.125
11019,-0.015
11020,0.034
11021,0.081
11022,0.0
11023,-0.071
11024,-0.186
11025,-0.078
11026,0.032
11027,0.176
11028,0.046
11029,-0.085
11030,-0.027
11031,0.071
11032,0.002
11033,-0.039
11034,-0.085
11035,-0.017
11036,-0.024
11037,-0.005
11038,0.0
11039,-0.022
11040,-0.034
11041,-0.002
11042,-0.095
11043,-0.022
11044,-0.015
11045,-0.059
11046,-0.017
11047,-0.02
11048,-0.012
11049,-0.01
11050,-0.151
11051,-0.039
11052,-0.081
11053,-0.083
11054,0.098
11055,0.088
11056,0.039
11057,-0.034
11058,-0.046
11059,0.063
11060,0.037
11061,0.01
11062,-0.012
11063,0.012
11064,0.027
11065,-0.012
11066,0.039
11067,-0.061
11068,0.073
11069,-0.017
11070,-0.044
11071,0.049
11072,0.059
11073,0.156
11074,0.132
11075,0.11
11076,0.01
11077,-0.085
11078,0.071
11079,-0.037
11080,-0.017
11081,0.1
11082,-0.056
11083,-0.081
11084,-0.056
11085,-0.054
11086,-0.039
11087,-0.01
11088,0.012
11089,-0.083
11090,-0.081
11091,0.01
11092,0.059
11093,0.071
11094,0.056
11095,0.032
11096,0.076
11097,0.061
11098,0.208
11099,0.088
11100,-0.049
11101,0.088
11102,-0.022
11103,0.02
11104,0.005
11105,-0.137
11106,0.042
11107,0.044
11108,0.005
11109,-0.093
11110,-0.051
11111,0.061
11112,-0.068
11113,-0.085
11114,-0.01
11115,0.024
11116,0.071
11117,0.012
11118,0.032
11119,-0.007
11120,-0.115
11121,-0.051
11122,-0.061
11123,-0.012
11124,0.061
11125,0.005
11126,0.063
11127,-0.051
11128,0.005
11129,-0.061
11130,0.017
11131,0.049
11132,-0.042
11133,0.044
11134,-0.024
11135,-0.012
11136,-0.037
11137,-0.039
11138,0.088
11139,0.061
11140,-0.051
11141,0.012
11142,-0.042
11143,0.125
11144,0.044
11145,-0.049
11146,-0.071
11147,-0.022
11148,0.056
11149,0.071
11150,0.059
11151,0.005
11152,-0.095
11153,0.039
11154,-0.024
11155,-0.005
11156,-0.027
11157,0.061
11158,0.078
11159,-0.024
11160,-0.076
11161,0.024
11162,-0.01
11163,-0.044
11164,-0.085
11165,-0.01
11166,0.029
11167,0.015
11168,-0.063
11169,-0.061
11170,0.005
11171,0.0
11172,0.063
11173,0.022
11174,-0.01
11175,0.054
11176,0.066
11177,-0.022
11178,0.042
11179,0.073
11180,0.022
11181,0.039
11182,0.049
11183,0.056
11184,-0.137
11185,0.002
11186,0.027
11187,-0.112
11188,-0.063
11189,-0.037
11190,0.01
11191,0.034
11192,-0.068
11193,-0.068
11194,-0.059
11195,-0.015
11196,0.044
11197,0.017
11198,0.01
11199,0.01
11200,-0.027
11201,-0.007
11202,0.044
11203,-0.039
11204,0.007
11205,-0.061
11206,-0.139
11207,-0.063
11208,-0.071
11209,-0.063
11210,-0.012
11211,0.054
11212,0.122
11213,0.01
11214,0.049
11215,0.007
11216,-0.034
11217,0.083
11218,0.049
11219,0.015
11220,-0.015
11221,-0.039
11222,-0.046
11223,-0.024
11224,-0.063
11225,0.085
11226,0.071
11227,0.063
11228,-0.183
11229,-0.115
11230,0.09
11231,0.054
11232,0.044
11233,-0.081
11234,-0.015
11235,0.251
11236,0.027
11237,0.071
11238,0.139
11239,0.173
11240,0.037
11241,-0.039
11242,0.073
11243,-0.005
11244,0.078
11245,-0.024
11246,-0.076
11247,-0.017
11248,0.0
11249,0.063
11250,-0.012
11251,0.015
11252,0.056
11253,-0.027
11254,0.005
11255,0.017
11256,0.078
11257,0.085
11258,0.015
11259,-0.029
11260,-0.054
11261,0.051
11262,0.01
11263,-0.249
11264,-0.085
11265,-0.107
11266,0.085
11267,-0.042
11268,0.088
11269,-0.095
11270,-0.09
11271,0.029
11272,0.078
11273,-0.066
11274,-0.09
11275,0.071
11276,0.115
11277,-0.054
11278,-0.083
11279,0.042
11280,0.085
11281,0.051
11282,0.071
11283,-0.029
11284,-0.01
11285,0.085
11286,-0.039
11287,0.0
11288,0.024
11289,-0.076
11290,0.076
11291,0.007
11292,-0.095
11293,0.093
11294,-0.042
11295,-0.117
11296,-0.073
11297,0.01
11298,-0.002
11299,0.039
11300,-0.061
11301,-0.037
11302,0.103
11303,-0.039
11304,-0.076
11305,-0.039
11306,-0.071
11307,-0.071
11308,-0.032
11309,-0.044
11310,0.029
11311,0.061
11312,-0.029
11313,0.032
11314,0.042
11315,-0.022
11316,0.127
11317,0.159
11318,0.198
11319,0.212
11320,0.164
11321,0.107
11322,0.146
11323,0.115
11324,0.029
11325,0.042
11326,0.09
11327,-0.007
11328,0.085
11329,0.005
11330,-0.032
11331,-0.037
11332,0.059
11333,0.081
11334,0.027
11335,0.005
11336,0.088
11337,0.044
11338,-0.007
11339,0.039
11340,0.112
11341,-0.022
11342,-0.01
11343,-0.061
11344,-0.059
11345,0.0
11346,0.054
11347,0.059
11348,-0.095
11349,-0.095
11350,-0.015
11351,-0.01
11352,-0.098
11353,-0.063
11354,-0.005
11355,0.02
11356,0.007
11357,0.046
11358,-0.02
11359,0.032
11360,0.046
11361,0.032
11362,-0.049
11363,-0.103
11364,-0.11
11365,-0.029
11366,-0.063
11367,0.027
11368,-0.068
11369,-0.081
11370,0.02
11371,-0.066
11372,-0.012
11373,0.01
11374,-0.056
11375,-0.007
11376,0.0
11377,0.015
11378,0.051
11379,-0.051
11380,-0.017
11381,0.034
11382,-0.071
11383,-0.154
11384,-0.054
11385,-0.078
11386,-0.081
11387,-0.042
11388,-0.012
11389,0.015
11390,0.02
11391,0.039
11392,-0.007
11393,0.112
11394,0.063
11395,0.054
11396,0.056
11397,0.105
11398,0.12
11399,0.022
11400,0.056
11401,0.112
11402,0.122
11403,-0.105
11404,0.054
11405,0.049
11406,0.039
11407,0.042
11408,0.093
11409,0.154
11410,-0.034
11411,0.029
11412,-0.09
11413,-0.09
11414,0.005
11415,0.088
11416,-0.063
11417,-0.002
11418,-0.007
11419,-0.017
11420,0.034
11421,0.022
11422,0.037
11423,-0.049
11424,0.022
11425,-0.015
11426,0.015
11427,0.125
11428,-0.005
11429,-0.107
11430,-0.085
11431,0.044
11432,-0.051
11433,-0.007
11434,0.071
11435,0.022
11436,-0.032
11437,0.037
11438,0.071
11439,-0.042
11440,-0.125
11441,-0.046
11442,0.032
11443,-0.054
11444,-0.066
11445,-0.107
11446,-0.093
11447,0.0
11448,-0.034
11449,-0.078
11450,0.015
11451,-0.037
11452,-0.005
11453,-0.076
11454,-0.125
11455,0.051
11456,0.1
11457,-0.005
11458,-0.029
11459,-0.034
11460,0.042
11461,-0.071
11462,-0.029
11463,0.066
11464,-0.083
11465,-0.066
11466,0.012
11467,-0.066
11468,-0.142
11469,-0.027
11470,-0.012
11471,-0.093
11472,-0.024
11473,-0.022
11474,0.01
11475,-0.054
11476,0.022
11477,0.024
11478,0.068
11479,0.142
11480,0.034
11481,0.071
11482,0.12
11483,0.115
11484,-0.083
11485,0.049
11486,-0.007
11487,0.051
11488,-0.022
11489,0.0
11490,-0.012
11491,0.117
11492,-0.015
11493,-0.09
11494,-0.039
11495,0.029
11496,-0.002
11497,0.027
11498,0.039
11499,0.039
11500,0.061
11501,-0.042
11502,-0.068
11503,0.0
11504,-0.027
11505,0.151
11506,0.098
11507,-0.083
11508,-0.022
11509,0.024
11510,0.042
11511,-0.02
11512,0.01
11513,0.0
11514,-0.11
11515,-0.032
11516,0.049
11517,-0.107
11518,-0.02
11519,-0.005
11520,0.063
11521,-0.007
11522,0.007
11523,0.056
11524,-0.017
11525,-0.073
11526,-0.034
11527,-0.134
11528,-0.076
11529,0.0
11530,-0.049
11531,-0.083
11532,-0.107
11533,-0.1
11534,-0.076
11535,-0.046
11536,-0.076
11537,-0.117
11538,-0.149
11539,-0.115
11540,0.012
11541,0.044
11542,0.024
11543,0.029
11544,-0.059
11545,0.02
11546,0.081
11547,0.005
11548,-0.085
11549,-0.027
11550,-0.159
11551,-0.071
11552,-0.007
11553,-0.022
11554,-0.071
11555,-0.085
11556,-0.112
11557,0.015
11558,0.073
11559,-0.032
11560,0.015
11561,-0.076
11562,-0.042
11563,-0.054
11564,-0.005
11565,0.071
11566,0.022
11567,0.0
11568,0.034
11569,0.061
11570,0.056
11571,0.012
11572,0.015
11573,-0.046
11574,-0.071
11575,0.083
11576,0.061
11577,0.024
11578,0.063
11579,0.115
11580,0.029
11581,0.046
11582,0.078
11583,0.066
11584,0.061
11585,0.068
11586,-0.01
11587,0.173
11588,-0.017
11589,-0.056
11590,0.059
11591,0.098
11592,0.002
11593,-0.022
11594,-0.022
11595,0.059
11596,-0.061
11597,-0.049
11598,0.022
11599,-0.046
11600,0.005
11601,-0.063
11602,0.027
11603,0.01
11604,-0.044
11605,-0.02
11606,-0.056
11607,0.042
11608,0.007
11609,-0.029
11610,-0.005
11611,-0.059
11612,0.0
11613,0.093
11614,0.002
11615,-0.059
11616,0.024
11617,-0.051
11618,-0.095
11619,0.015
11620,-0.024
11621,-0.005
11622,-0.002
11623,0.056
11624,-0.022
11625,-0.095
11626,-0.01
11627,-0.056
11628,-0.056
11629,-0.044
11630,-0.098
11631,-0.029
11632,-0.078
11633,-0.083
11634,-0.063
11635,-0.088
11636,-0.061
11637,-0.081
11638,-0.061
11639,-0.002
11640,-0.022
11641,-0.042
11642,-0.081
11643,-0.007
11644,0.073
11645,0.005
11646,0.029
11647,-0.037
11648,-0.002
11649,0.083
11650,0.01
11651,-0.059
11652,0.042
11653,0.017
11654,0.022
11655,-0.02
11656,-0.076
11657,0.156
11658,0.063
11659,0.01
11660,0.01
11661,0.022
11662,0.076
11663,0.005
11664,-0.005
11665,-0.024
11666,0.037
11667,0.012
11668,0.034
11669,0.02
11670,-0.01
11671,-0.107
11672,-0.012
11673,0.037
11674,-0.049
11675,0.007
11676,0.012
11677,0.022
11678,-0.02
11679,0.027
11680,0.037
11681,-0.046
11682,0.049
11683,0.083
11684,0.007
11685,0.105
11686,0.051
11687,-0.044
11688,0.078
11689,-0.002
11690,0.107
11691,-0.049
11692,-0.085
11693,-0.032
11694,-0.071
11695,-0.125
11696,0.042
11697,-0.061
11698,-0.01
11699,0.005
11700,-0.002
11701,-0.027
11702,0.083
11703,0.11
11704,0.161
11705,0.039
11706,-0.115
11707,0.034
11708,0.042
11709,-0.046
11710,-0.017
11711,0.103
11712,-0.002
11713,0.054
11714,-0.01
11715,-0.059
11716,-0.044
11717,0.027
11718,0.095
11719,-0.056
11720,-0.188
11721,0.107
11722,0.063
11723,-0.1
11724,-0.034
11725,0.034
11726,0.037
11727,0.0
11728,0.042
11729,0.02
11730,-0.061
11731,0.034
11732,0.01
11733,-0.007
11734,-0.029
11735,0.015
11736,0.066
11737,-0.039
11738,0.046
11739,0.02
11740,0.007
11741,0.149
11742,0.024
11743,0.056
11744,0.095
11745,0.081
11746,0.159
11747,0.042
11748,0.137
11749,0.046
11750,-0.083
11751,0.115
11752,0.024
11753,-0.071
11754,0.103
11755,0.21
11756,0.168
11757,-0.056
11758,-0.156
11759,-0.032
11760,0.085
11761,0.049
11762,0.051
11763,0.308
11764,0.056
11765,-0.061
11766,0.22
11767,0.061
11768,0.039
11769,0.005
11770,0.144
11771,0.193
11772,-0.037
11773,0.007
11774,0.051
11775,-0.059
11776,0.059
11777,-0.005
11778,-0.12
11779,-0.027
11780,0.085
11781,0.049
11782,-0.005
11783,-0.022
11784,0.039
11785,0.024
11786,0.093
11787,0.0
11788,-0.044
11789,0.068
11790,-0.071
11791,-0.02
11792,0.015
11793,-0.137
11794,0.056
11795,-0.051
11796,-0.127
11797,-0.037
11798,-0.142
11799,-0.093
11800,-0.042
11801,-0.151
11802,0.054
11803,0.027
11804,-0.088
11805,0.127
11806,-0.061
11807,0.042
11808,0.015
11809,-0.005
11810,0.071
11811,-0.1
11812,0.066
11813,-0.127
11814,-0.129
11815,0.0
11816,-0.054
11817,-0.007
11818,-0.049
11819,0.017
11820,0.029
11821,-0.044
11822,0.002
11823,0.027
11824,-0.002
11825,-0.032
11826,0.095
11827,-0.015
11828,0.151
11829,0.02
11830,0.039
11831,0.002
11832,-0.085
11833,0.042
11834,-0.015
11835,-0.022
11836,0.071
11837,-0.049
11838,0.056
11839,0.068
11840,0.071
11841,0.129
11842,0.076
11843,0.063
11844,0.002
11845,0.034
11846,0.073
11847,0.051
11848,0.007
11849,0.037
11850,0.066
11851,-0.039
11852,-0.054
11853,-0.068
11854,0.022
11855,-0.12
11856,-0.017
11857,0.044
11858,-0.022
11859,-0.032
11860,-0.02
11861,-0.029
11862,-0.046
11863,0.024
11864,0.042
11865,0.02
11866,-0.039
11867,0.063
11868,0.0
11869,-0.046
11870,0.117
11871,0.042
11872,-0.02
11873,0.059
11874,-0.002
11875,-0.061
11876,0.076
11877,-0.068
11878,0.01
11879,0.085
11880,0.037
11881,-0.034
11882,-0.044
11883,0.085
11884,-0.037
11885,-0.054
11886,-0.044
11887,-0.117
11888,-0.039
11889,-0.098
11890,-0.054
11891,-0.161
11892,-0.051
11893,-0.103
11894,-0.134
11895,-0.054
11896,-0.164
11897,-0.034
11898,0.046
11899,-0.049
11900,-0.095
11901,-0.02
11902,0.02
11903,-0.073
11904,0.02
11905,0.093
11906,-0.081
11907,0.071
11908,0.042
11909,-0.039
11910,-0.046
11911,0.005
11912,0.059
11913,-0.046
11914,0.002
11915,-0.042
11916,-0.088
11917,-0.059
11918,-0.09
11919,0.01
11920,-0.022
11921,-0.005
11922,-0.007
11923,0.01
11924,-0.005
11925,-0.034
11926,0.005
11927,0.205
11928,0.107
11929,-0.071
11930,0.073
11931,0.054
11932,-0.017
11933,0.061
11934,0.107
11935,0.063
11936,0.071
11937,0.02
11938,-0.059
11939,0.056
11940,0.051
11941,-0.007
11942,0.017
11943,-0.039
11944,-0.034
11945,0.076
11946,0.066
11947,0.122
11948,0.054
11949,-0.051
11950,0.1
11951,0.107
11952,-0.024
11953,-0.044
11954,0.0
11955,-0.024
11956,0.122
11957,0.071
11958,0.056
11959,-0.107
11960,-0.19
11961,-0.11
11962,-0.012
11963,-0.034
11964,-0.122
11965,-0.112
11966,0.151
11967,0.11
11968,-0.002
11969,0.042
11970,-0.056
11971,-0.054
11972,-0.088
11973,0.02
11974,0.066
11975,-0.034
11976,-0.061
11977,-0.161
11978,-0.015
11979,0.044
11980,-0.051
11981,-0.066
11982,-0.049
11983,0.029
11984,-0.071
11985,0.022
11986,-0.183
11987,-0.049
11988,0.022
11989,0.034
11990,0.022
11991,-0.002
11992,-0.037
11993,0.051
11994,0.09
11995,0.02
11996,-0.11
11997,-0.09
11998,-0.088
11999,0.063
12000,0.078
12001,0.054
12002,-0.034
12003,0.11
12004,0.09
12005,0.039
12006,0.161
12007,0.178
12008,0.098
12009,0.049
12010,-0.059
12011,0.112
12012,0.051
12013,0.007
12014,-0.115
12015,-0.029
12016,0.068
12017,0.105
12018,0.029
12019,-0.032
12020,-0.046
12021,0.007
12022,-0.024
12023,0.027
12024,0.015
12025,0.029
12026,-0.015
12027,0.122
12028,0.151
12029,0.105
12030,0.005
12031,0.056
12032,0.166
12033,0.12
12034,0.164
12035,0.032
12036,0.005
12037,0.034
12038,0.085
12039,0.081
12040,0.046
12041,0.125
12042,0.032
12043,0.061
12044,0.056
12045,0.005
12046,0.051
12047,0.002
12048,0.024
12049,0.034
12050,0.068
12051,-0.029
12052,0.039
12053,-0.029
12054,-0.081
12055,-0.083
12056,-0.073
12057,-0.037
12058,-0.1
12059,-0.115
12060,-0.005
12061,-0.029
12062,-0.122
12063,0.042
12064,-0.017
12065,0.029
12066,-0.054
12067,0.049
12068,0.034
12069,-0.044
12070,0.066
12071,0.005
12072,0.073
12073,-0.015
12074,-0.112
12075,0.032
12076,-0.01
12077,-0.049
12078,0.012
12079,-0.088
12080,-0.032
12081,0.007
12082,0.015
12083,0.017
12084,-0.051
12085,0.039
12086,0.066
12087,0.015
12088,0.095
12089,0.139
12090,-0.007
12091,0.059
12092,0.024
12093,0.117
12094,0.098
12095,0.107
12096,0.127
12097,-0.027
12098,-0.012
12099,0.0
12100,-0.095
12101,-0.022
12102,-0.127
12103,-0.02
12104,-0.049
12105,-0.066
12106,-0.017
12107,0.037
12108,0.051
12109,0.076
12110,-0.002
12111,-0.039
12112,-0.01
12113,0.059
12114,0.071
12115,0.078
12116,0.032
12117,-0.083
12118,0.007
12119,0.005
12120,0.039
12121,0.051
12122,0.073
12123,0.061
12124,-0.078
12125,-0.017
12126,0.12
12127,0.115
12128,0.127
12129,0.046
12130,-0.017
12131,-0.027
12132,0.015
12133,-0.017
12134,0.012
12135,-0.076
12136,0.022
12137,-0.066
12138,-0.042
12139,-0.017
12140,-0.005
12141,-0.034
12142,-0.068
12143,0.024
12144,-0.054
12145,-0.049
12146,-0.095
12147,-0.081
12148,-0.022
12149,-0.015
12150,0.044
12151,0.002
12152,0.012
12153,-0.015
12154,0.029
12155,-0.012
12156,-0.093
12157,-0.081
12158,-0.02
12159,-0.037
12160,0.015
12161,-0.173
12162,-0.061
12163,0.002
12164,-0.032
12165,-0.066
12166,-0.042
12167,0.027
12168,-0.073
12169,0.078
12170,0.029
12171,0.029
12172,0.029
12173,-0.039
12174,0.022
12175,0.051
12176,0.005
12177,-0.093
12178,0.007
12179,-0.056
12180,-0.078
12181,-0.083
12182,-0.029
12183,-0.056
12184,-0.044
12185,-0.037
12186,0.034
12187,0.046
12188,0.083
12189,0.029
12190,0.029
12191,0.054
12192,0.02
12193,0.049
12194,0.105
12195,0.11
12196,0.051
12197,0.049
12198,-0.022
12199,0.063
12200,-0.12
12201,-0.022
12202,0.015
12203,0.017
12204,0.024
12205,-0.007
12206,-0.044
12207,-0.027
12208,0.02
12209,0.017
12210,-0.027
12211,-0.017
12212,-0.046
12213,-0.061
12214,-0.09
12215,-0.056
12216,-0.024
12217,-0.144
12218,-0.029
12219,-0.085
12220,-0.071
12221,-0.127
12222,-0.183
12223,-0.188
12224,-0.156
12225,-0.125
12226,-0.022
12227,-0.002
12228,0.01
12229,-0.078
12230,-0.115
12231,-0.012
12232,-0.027
12233,-0.037
12234,-0.063
12235,-0.007
12236,-0.076
12237,-0.027
12238,-0.078
12239,-0.066
12240,0.037
12241,-0.022
12242,-0.049
12243,-0.115
12244,-0.105
12245,-0.032
12246,-0.046
12247,-0.022
12248,-0.059
12249,-0.01
12250,-0.027
12251,0.005
12252,-0.078
12253,-0.056
12254,0.039
12255,0.061
12256,-0.024
12257,0.056
12258,0.022
12259,-0.073
12260,-0.076
12261,0.017
12262,-0.017
12263,-0.049
12264,0.044
12265,-0.002
12266,-0.002
12267,0.056
12268,0.024
12269,0.039
12270,-0.005
12271,-0.022
12272,0.076
12273,0.107
12274,-0.02
12275,-0.007
12276,0.024
12277,0.183
12278,0.078
12279,0.007
12280,-0.017
12281,-0.11
12282,-0.049
12283,0.0
12284,0.068
12285,0.073
12286,0.0
12287,-0.02
12288,-0.029
12289,0.017
12290,-0.081
12291,0.034
12292,0.083
12293,0.112
12294,0.139
12295,-0.054
12296,0.022
12297,0.012
12298,-0.056
12299,-0.002
12300,0.01
12301,0.088
12302,-0.017
12303,-0.178
12304,-0.156
12305,0.029
12306,-0.024
12307,-0.066
12308,-0.046
12309,-0.056
12310,-0.042
12311,0.044
12312,0.02
12313,0.034
12314,-0.039
12315,0.034
12316,-0.09
12317,-0.024
12318,0.068
12319,-0.049
12320,-0.078
12321,-0.022
12322,0.051
12323,-0.098
12324,-0.186
12325,-0.212
12326,-0.071
12327,0.022
12328,-0.061
12329,0.015
12330,-0.159
12331,-0.103
12332,-0.005
12333,-0.073
12334,-0.027
12335,0.01
12336,0.02
12337,0.049
12338,0.042
12339,-0.012
12340,-0.085
12341,-0.037
12342,0.063
12343,0.027
12344,0.007
12345,-0.022
12346,0.059
12347,0.076
12348,0.098
12349,0.088
12350,-0.051
12351,0.024
12352,-0.024
12353,0.032
12354,0.022
12355,-0.046
12356,0.015
12357,0.061
12358,-0.037
12359,-0.039
12360,0.037
12361,-0.037
12362,0.032
12363,0.005
12364,-0.005
12365,0.032
12366,-0.005
12367,0.027
12368,-0.054
12369,-0.068
12370,0.012
12371,0.051
12372,0.071
12373,0.078
12374,-0.083
12375,0.107
12376,0.024
12377,-0.034
12378,0.029
12379,-0.051
12380,0.044
12381,0.029
12382,-0.029
12383,-0.037
12384,-0.051
12385,-0.051
12386,-0.059
12387,0.012
12388,-0.044
12389,-0.012
12390,-0.002
12391,-0.017
12392,0.083
12393,0.068
12394,-0.056
12395,0.027
12396,-0.034
12397,0.0
12398,-0.063
12399,-0.066
12400,-0.034
12401,-0.002
12402,-0.046
12403,-0.09
12404,-0.073
12405,0.007
12406,-0.015
12407,-0.132
12408,0.017
12409,0.037
12410,-0.098
12411,-0.11
12412,0.081
12413,0.144
12414,-0.054
12415,-0.09
12416,-0.042
12417,0.073
12418,0.059
12419,-0.093
12420,0.027
12421,0.002
12422,-0.073
12423,0.088
12424,0.054
12425,-0.061
12426,0.054
12427,-0.105
12428,-0.071
12429,0.071
12430,-0.037
12431,-0.012
12432,-0.005
12433,-0.044
12434,0.039
12435,0.068
12436,0.11
12437,0.071
12438,0.002
12439,0.042
12440,0.0
12441,0.039
12442,0.076
12443,-0.005
12444,0.103
12445,0.015
12446,-0.073
12447,-0.049
12448,0.02
12449,-0.066
12450,-0.1
12451,-0.103
12452,0.212
12453,0.139
12454,-0.105
12455,0.054
12456,0.051
12457,0.054
12458,0.098
12459,0.0
12460,-0.012
12461,-0.063
12462,-0.054
12463,0.037
12464,0.073
12465,0.098
12466,-0.017
12467,-0.137
12468,-0.186
12469,-0.056
12470,0.029
12471,-0.046
12472,-0.139
12473,-0.129
12474,0.049
12475,-0.02
12476,0.049
12477,0.061
12478,-0.01
12479,0.054
12480,-0.024
12481,-0.002
12482,0.054
12483,-0.11
12484,-0.125
12485,-0.11
12486,-0.088
12487,-0.044
12488,-0.093
12489,0.046
12490,-0.09
12491,-0.09
12492,-0.078
12493,-0.076
12494,0.066
12495,0.139
12496,0.095
12497,-0.027
12498,-0.122
12499,-0.01
12500,0.144
12501,0.01
12502,0.017
12503,-0.085
12504,-0.049
12505,-0.088
12506,-0.083
12507,-0.139
12508,-0.002
12509,0.049
12510,-0.127
12511,-0.015
12512,0.071
12513,0.02
12514,-0.027
12515,0.098
12516,0.127
12517,0.056
12518,0.173
12519,-0.005
12520,0.017
12521,0.056
12522,0.071
12523,0.071
12524,0.012
12525,0.117
12526,0.181
12527,0.032
12528,-0.034
12529,-0.054
12530,-0.027
12531,0.134
12532,-0.022
12533,0.073
12534,0.115
12535,0.164
12536,0.105
12537,0.044
12538,0.105
12539,0.015
12540,0.071
12541,0.085
12542,0.059
12543,0.095
12544,0.076
12545,0.122
12546,0.103
12547,0.024
12548,0.071
12549,0.066
12550,0.024
12551,0.037
12552,0.01
12553,0.012
12554,0.046
12555,0.015
12556,0.071
12557,0.017
12558,0.02
12559,0.129
12560,0.005
12561,-0.002
12562,0.002
12563,-0.071
12564,0.029
12565,0.022
12566,-0.054
12567,-0.129
12568,-0.078
12569,-0.056
12570,0.01
12571,0.073
12572,0.01
12573,-0.034
12574,-0.002
12575,-0.037
12576,-0.017
12577,-0.056
12578,-0.017
12579,-0.01
12580,-0.002
12581,0.012
12582,0.034
12583,-0.098
12584,-0.039
12585,-0.061
12586,-0.061
12587,-0.063
12588,0.027
12589,-0.042
12590,-0.039
12591,-0.046
12592,-0.081
12593,0.051
12594,-0.024
12595,-0.059
12596,-0.078
12597,-0.1
12598,0.039
12599,0.022
12600,-0.117
12601,-0.046
12602,-0.078
12603,-0.093
12604,0.015
12605,0.21
12606,-0.007
12607,0.059
12608,0.049
12609,-0.051
12610,0.039
12611,-0.005
12612,-0.068
12613,0.117
12614,0.061
12615,0.149
12616,0.049
12617,-0.12
12618,0.215
12619,-0.022
12620,-0.022
12621,0.271
12622,0.122
12623,0.017
12624,0.112
12625,-0.01
12626,0.151
12627,0.081
12628,0.051
12629,0.059
12630,0.034
12631,0.115
12632,0.085
12633,0.012
12634,0.083
12635,-0.081
12636,-0.046
12637,0.103
12638,0.02
12639,-0.024
12640,-0.12
12641,-0.034
12642,0.1
12643,-0.083
12644,-0.088
12645,-0.115
12646,-0.215
12647,-0.068
12648,0.027
12649,0.007
12650,-0.002
12651,-0.002
12652,0.085
12653,0.066
12654,-0.012
12655,0.012
12656,0.005
12657,0.073
12658,0.085
12659,0.088
12660,-0.015
12661,-0.039
12662,-0.071
12663,-0.144
12664,-0.078
12665,0.01
12666,0.01
12667,-0.144
12668,-0.073
12669,-0.015
12670,-0.042
12671,-0.063
12672,-0.061
12673,-0.088
12674,-0.024
12675,-0.042
12676,-0.054
12677,-0.005
12678,-0.046
12679,-0.156
12680,-0.034
12681,-0.022
12682,-0.11
12683,-0.132
12684,-0.066
12685,-0.081
12686,-0.046
12687,-0.09
12688,-0.078
12689,-0.122
12690,-0.1
12691,-0.044
12692,0.029
12693,0.063
12694,-0.039
12695,-0.042
12696,-0.059
12697,0.059
12698,-0.027
12699,0.095
12700,0.051
12701,-0.017
12702,0.059
12703,-0.007
12704,-0.051
12705,0.085
12706,-0.012
12707,0.049
12708,-0.005
12709,-0.115
12710,-0.088
12711,-0.015
12712,-0.049
12713,-0.083
12714,-0.066
12715,0.039
12716,0.095
12717,0.076
12718,-0.002
12719,0.078
12720,0.122
12721,0.129
12722,0.037
12723,-0.032
12724,0.063
12725,0.046
12726,0.005
12727,0.029
12728,-0.09
12729,-0.103
12730,-0.073
12731,-0.154
12732,-0.107
12733,-0.137
12734,0.002
12735,0.02
12736,-0.134
12737,0.012
12738,-0.139
12739,0.127
12740,0.032
12741,-0.098
12742,0.122
12743,0.09
12744,0.181
12745,0.024
12746,-0.044
12747,0.022
12748,0.056
12749,-0.107
12750,-0.12
12751,-0.1
12752,-0.093
12753,-0.063
12754,-0.132
12755,-0.142
12756,-0.032
12757,-0.037
12758,-0.095
12759,-0.002
12760,-0.078
12761,0.151
12762,0.015
12763,0.039
12764,0.044
12765,-0.002
12766,0.059
12767,0.01
12768,0.022
12769,-0.042
12770,-0.076
12771,-0.083
12772,-0.103
12773,-0.088
12774,-0.105
12775,0.015
12776,-0.044
12777,-0.034
12778,-0.022
12779,0.02
12780,0.015
12781,0.1
12782,-0.022
12783,-0.034
12784,-0.034
12785,0.024
12786,0.01
12787,0.044
12788,-0.022
12789,0.0
12790,0.005
12791,-0.056
12792,-0.037
12793,-0.051
12794,0.059
12795,0.085
12796,0.073
12797,-0.015
12798,0.027
12799,0.149
12800,0.007
12801,0.066
12802,0.044
12803,0.007
12804,0.042
12805,-0.1
12806,0.144
12807,0.046
12808,-0.085
12809,0.024
12810,0.081
12811,0.076
12812,0.0
12813,-0.083
12814,0.061
12815,-0.007
12816,0.046
12817,0.056
12818,-0.032
12819,0.002
12820,-0.029
12821,-0.044
12822,0.059
12823,0.056
12824,0.042
12825,0.029
12826,0.007
12827,0.032
12828,0.02
12829,-0.034
12830,0.029
12831,-0.039
12832,-0.037
12833,0.129
12834,0.049
12835,0.037
12836,-0.007
12837,0.027
12838,0.039
12839,0.022
12840,0.076
12841,0.046
12842,-0.01
12843,-0.002
12844,0.007
12845,0.093
12846,-0.005
12847,-0.056
12848,-0.002
12849,-0.054
12850,-0.044
12851,-0.032
12852,-0.122
12853,-0.037
12854,-0.022
12855,0.042
12856,0.02
12857,-0.088
12858,-0.051
12859,0.015
12860,-0.005
12861,-0.015
12862,-0.007
12863,0.01
12864,0.054
12865,0.029
12866,0.078
12867,0.015
12868,0.0
12869,0.029
12870,-0.122
12871,-0.088
12872,-0.037
12873,0.042
12874,0.002
12875,-0.095
12876,-0.085
12877,-0.017
12878,0.002
12879,0.007
12880,-0.051
12881,0.01
12882,0.027
12883,-0.032
12884,-0.029
12885,0.007
12886,0.059
12887,0.059
12888,-0.044
12889,-0.171
12890,-0.015
12891,-0.046
12892,0.063
12893,0.027
12894,-0.027
12895,0.015
12896,-0.005
12897,0.022
12898,0.051
12899,0.178
12900,0.046
12901,0.105
12902,-0.01
12903,0.017
12904,0.122
12905,-0.034
12906,-0.027
12907,0.017
12908,-0.063
12909,-0.042
12910,-0.022
12911,-0.042
12912,-0.046
12913,-0.034
12914,-0.081
12915,0.049
12916,-0.007
12917,0.049
12918,-0.039
12919,0.051
12920,-0.044
12921,0.032
12922,0.056
12923,0.063
12924,0.051
12925,-0.007
12926,0.044
12927,0.049
12928,0.002
12929,-0.029
12930,0.012
12931,0.017
12932,-0.042
12933,0.039
12934,0.027
12935,-0.083
12936,0.007
12937,0.042
12938,0.044
12939,0.071
12940,0.024
12941,0.168
12942,0.171
12943,0.083
12944,0.09
12945,0.027
12946,0.134
12947,0.049
12948,0.093
12949,0.024
12950,-0.059
12951,0.154
12952,0.073
12953,0.034
12954,0.046
12955,-0.078
12956,0.022
12957,0.063
12958,-0.066
12959,-0.056
12960,-0.005
12961,0.051
12962,0.037
12963,-0.063
12964,-0.049
12965,0.049
12966,0.024
12967,0.022
12968,-0.049
12969,0.032
12970,0.027
12971,0.005
12972,0.037
12973,0.029
12974,0.085
12975,0.149
12976,0.046
12977,0.017
12978,0.051
12979,0.068
12980,0.09
12981,-0.034
12982,0.046
12983,0.073
12984,0.027
12985,0.015
12986,-0.007
12987,-0.022
12988,-0.042
12989,0.002
12990,-0.09
12991,-0.105
12992,-0.037
12993,0.02
12994,-0.068
12995,-0.093
12996,-0.005
12997,0.022
12998,-0.027
12999,-0.042
13000,0.029
13001,0.017
13002,-0.015
13003,0.02
13004,-0.005
13005,-0.098
13006,-0.032
13007,-0.012
13008,-0.068
13009,-0.015
13010,-0.066
13011,-0.01
13012,-0.02
13013,-0.042
13014,-0.144
13015,-0.164
13016,0.015
13017,0.051
13018,-0.125
13019,-0.024
13020,-0.027
13021,-0.068
13022,-0.063
13023,-0.103
13024,-0.007
13025,0.027
13026,-0.027
13027,-0.09
13028,-0.027
13029,0.042
13030,-0.127
13031,-0.01
13032,-0.066
13033,0.007
13034,-0.007
13035,-0.024
13036,-0.054
13037,0.0
13038,0.071
13039,0.164
13040,-0.042
13041,-0.002
13042,0.044
13043,0.203
13044,0.093
13045,0.029
13046,0.078
13047,-0.012
13048,-0.029
13049,-0.022
13050,-0.129
13051,-0.061
13052,-0.056
13053,0.02
13054,-0.049
13055,-0.117
13056,0.037
13057,-0.037
13058,-0.142
13059,-0.039
13060,-0.061
13061,0.078
13062,0.059
13063,0.037
13064,0.024
13065,-0.042
13066,0.02
13067,0.117
13068,-0.12
13069,0.098
13070,0.01
13071,-0.044
13072,0.071
13073,-0.049
13074,-0.076
13075,0.081
13076,-0.105
13077,-0.09
13078,-0.115
13079,-0.012
13080,0.034
13081,-0.068
13082,-0.022
13083,0.029
13084,0.022
13085,0.01
13086,-0.095
13087,-0.042
13088,0.0
13089,0.007
13090,-0.12
13091,-0.039
13092,-0.095
13093,-0.027
13094,-0.066
13095,-0.044
13096,-0.054
13097,-0.068
13098,0.059
13099,0.061
13100,-0.051
13101,0.017
13102,0.005
13103,-0.083
13104,-0.051
13105,0.0
13106,0.115
13107,-0.037
13108,0.017
13109,-0.049
13110,-0.039
13111,-0.032
13112,-0.107
13113,-0.017
13114,-0.042
13115,0.0
13116,0.005
13117,-0.044
13118,-0.032
13119,-0.034
13120,0.073
13121,0.071
13122,0.059
13123,-0.103
13124,-0.085
13125,-0.005
13126,0.076
13127,-0.066
13128,-0.017
13129,0.007
13130,-0.066
13131,-0.002
13132,-0.083
13133,-0.012
13134,-0.044
13135,-0.039
13136,0.056
13137,-0.068
13138,-0.061
13139,-0.039
13140,-0.056
13141,-0.007
13142,0.105
13143,0.12
13144,0.049
13145,0.046
13146,0.037
13147,-0.073
13148,-0.037
13149,-0.046
13150,-0.098
13151,-0.061
13152,-0.164
13153,-0.012
13154,0.029
13155,0.098
13156,-0.093
13157,0.0
13158,-0.022
13159,-0.024
13160,0.039
13161,0.017
13162,0.066
13163,0.044
13164,0.107
13165,0.073
13166,0.061
13167,-0.044
13168,0.049
13169,-0.015
13170,0.024
13171,-0.015
13172,-0.078
13173,-0.085
13174,-0.127
13175,0.02
13176,-0.137
13177,-0.044
13178,0.051
13179,-0.042
13180,0.015
13181,-0.095
13182,-0.015
13183,0.015
13184,-0.017
13185,0.049
13186,-0.032
13187,0.015
13188,0.007
13189,0.01
13190,-0.029
13191,-0.024
13192,-0.093
13193,-0.032
13194,-0.059
13195,-0.012
13196,0.015
13197,-0.066
13198,-0.076
13199,0.059
13200,-0.029
13201,-0.037
13202,0.01
13203,0.042
13204,0.029
13205,0.017
13206,-0.012
13207,0.093
13208,0.117
13209,0.081
13210,0.059
13211,-0.076
13212,0.005
13213,0.061
13214,-0.022
13215,-0.054
13216,-0.078
13217,0.066
13218,-0.002
13219,-0.022
13220,0.024
13221,-0.042
13222,0.085
13223,0.093
13224,0.051
13225,0.103
13226,0.142
13227,-0.02
13228,0.09
13229,0.132
13230,0.066
13231,0.115
13232,0.056
13233,0.044
13234,-0.015
13235,0.073
13236,0.02
13237,-0.046
13238,0.022
13239,0.046
13240,-0.022
13241,-0.022
13242,0.012
13243,-0.049
13244,0.066
13245,0.083
13246,0.186
13247,0.059
13248,0.007
13249,-0.005
13250,0.005
13251,0.0
13252,-0.039
13253,-0.01
13254,-0.002
13255,0.093
13256,-0.037
13257,-0.076
13258,0.022
13259,-0.007
13260,0.066
13261,-0.115
13262,-0.059
13263,-0.007
13264,0.068
13265,-0.034
13266,-0.005
13267,0.024
13268,0.164
13269,-0.002
13270,-0.034
13271,0.002
13272,-0.029
13273,0.017
13274,-0.066
13275,-0.039
13276,-0.083
13277,-0.1
13278,-0.054
13279,-0.081
13280,0.01
13281,-0.081
13282,-0.034
13283,-0.022
13284,0.061
13285,0.046
13286,0.076
13287,0.027
13288,-0.066
13289,0.017
13290,0.066
13291,0.066
13292,-0.005
13293,-0.034
13294,-0.085
13295,-0.024
13296,0.002
13297,-0.051
13298,-0.039
13299,0.105
13300,0.034
13301,0.024
13302,-0.01
13303,-0.027
13304,0.039
13305,0.049
13306,0.054
13307,0.073
13308,-0.022
13309,0.002
13310,-0.017
13311,0.024
13312,-0.007
13313,0.066
13314,0.017
13315,0.039
13316,-0.017
13317,0.081
13318,0.027
13319,-0.022
13320,0.098
13321,0.105
13322,0.049
13323,-0.125
13324,-0.059
13325,0.137
13326,0.183
13327,0.061
13328,0.027
13329,0.103
13330,0.007
13331,-0.056
13332,-0.017
13333,-0.032
13334,-0.093
13335,-0.037
13336,-0.022
13337,0.049
13338,-0.083
13339,0.042
13340,0.039
13341,-0.09
13342,0.132
13343,0.022
13344,0.046
13345,0.063
13346,-0.056
13347,0.073
13348,0.071
13349,0.066
13350,-0.056
13351,-0.095
13352,0.051
13353,0.029
13354,-0.022
13355,-0.044
13356,-0.068
13357,0.0
13358,0.073
13359,-0.083
13360,-0.078
13361,0.059
13362,0.005
13363,0.032
13364,0.1
13365,-0.068
13366,0.002
13367,0.066
13368,0.054
13369,-0.042
13370,0.056
13371,0.083
13372,-0.049
13373,0.068
13374,-0.044
13375,-0.01
13376,0.012
13377,-0.034
13378,0.002
13379,0.029
13380,0.034
13381,0.142
13382,-0.083
13383,0.046
13384,0.256
13385,-0.039
13386,0.012
13387,0.0
13388,0.19
13389,0.056
13390,0.103
13391,0.027
13392,-0.146
13393,-0.039
13394,0.081
13395,0.098
13396,-0.11
13397,-0.022
13398,0.076
13399,-0.017
13400,0.024
13401,-0.029
13402,-0.015
13403,0.063
13404,0.015
13405,-0.042
13406,-0.068
13407,-0.032
13408,0.044
13409,0.022
13410,0.061
13411,0.139
13412,0.12
13413,0.044
13414,0.032
13415,-0.034
13416,0.02
13417,0.051
13418,-0.059
13419,-0.02
13420,0.032
13421,0.007
13422,0.042
13423,0.056
13424,-0.032
13425,0.044
13426,0.195
13427,0.02
13428,0.037
13429,0.081
13430,0.054
13431,0.022
13432,0.024
13433,0.01
13434,0.012
13435,-0.024
13436,-0.1
13437,0.042
13438,-0.039
13439,-0.054
13440,0.01
13441,-0.029
13442,0.0
13443,-0.117
13444,-0.034
13445,0.024
13446,-0.022
13447,-0.022
13448,0.039
13449,-0.017
13450,0.024
13451,0.039
13452,-0.054
13453,-0.093
13454,0.01
13455,0.027
13456,-0.081
13457,-0.144
13458,-0.088
13459,0.015
13460,0.054
13461,-0.034
13462,0.01
13463,0.002
13464,0.015
13465,0.024
13466,-0.063
13467,0.042
13468,0.063
13469,0.063
13470,0.061
13471,0.039
13472,-0.029
13473,-0.02
13474,0.034
13475,-0.027
13476,-0.142
13477,-0.066
13478,-0.046
13479,-0.103
13480,-0.125
13481,-0.039
13482,0.073
13483,-0.012
13484,0.032
13485,-0.029
13486,0.032
13487,-0.015
13488,0.022
13489,0.005
13490,0.007
13491,0.132
13492,0.032
13493,0.002
13494,0.02
13495,-0.02
13496,0.039
13497,0.012
13498,-0.088
13499,-0.037
13500,0.093
13501,0.015
13502,-0.002
13503,0.027
13504,-0.015
13505,0.088
13506,0.059
13507,0.015
13508,0.024
13509,0.125
13510,0.049
13511,0.051
13512,0.022
13513,-0.017
13514,-0.061
13515,-0.02
13516,-0.117
13517,-0.063
13518,-0.059
13519,-0.029
13520,0.012
13521,-0.09
13522,-0.076
13523,-0.112
13524,-0.046
13525,0.02
13526,0.056
13527,-0.007
13528,0.024
13529,-0.051
13530,-0.051
13531,0.017
13532,-0.005
13533,0.0
13534,0.02
13535,0.0
13536,-0.125
13537,-0.054
13538,-0.005
13539,-0.073
13540,0.022
13541,-0.076
13542,-0.09
13543,-0.059
13544,-0.056
13545,0.066
13546,0.022
13547,0.066
13548,0.122
13549,-0.051
13550,0.024
13551,0.032
13552,0.015
13553,0.076
13554,-0.046
13555,-0.039
13556,0.105
13557,-0.127
13558,-0.005
13559,-0.151
13560,-0.142
13561,0.083
13562,0.02
13563,-0.046
13564,-0.044
13565,-0.027
13566,-0.09
13567,-0.352
13568,-0.066
13569,0.208
13570,0.073
13571,-0.073
13572,-0.2
13573,0.032
13574,0.044
13575,-0.022
13576,0.032
13577,-0.024
13578,-0.005
13579,0.129
13580,-0.032
13581,-0.059
13582,0.073
13583,0.005
13584,0.149
13585,-0.029
13586,-0.063
13587,0.186
13588,0.044
13589,0.103
13590,0.024
13591,-0.051
13592,-0.005
13593,-0.049
13594,-0.076
13595,-0.029
13596,0.002
13597,-0.088
13598,-0.088
13599,-0.054
13600,-0.017
13601,-0.085
13602,-0.21
13603,-0.088
13604,0.012
13605,-0.093
13606,-0.232
13607,-0.107
13608,0.0
13609,-0.066
13610,0.005
13611,0.027
13612,0.012
13613,0.022
13614,-0.11
13615,-0.166
13616,-0.139
13617,-0.005
13618,0.127
13619,-0.122
13620,-0.186
13621,-0.027
13622,-0.071
13623,-0.024
13624,0.054
13625,-0.095
13626,0.122
13627,0.098
13628,0.049
13629,0.061
13630,-0.01
13631,0.11
13632,0.088
13633,0.098
13634,-0.049
13635,-0.117
13636,-0.144
13637,0.022
13638,0.029
13639,-0.024
13640,-0.032
13641,-0.063
13642,-0.061
13643,0.115
13644,0.056
13645,-0.044
13646,-0.024
13647,-0.068
13648,-0.071
13649,0.139
13650,0.063
13651,-0.103
13652,0.01
13653,-0.049
13654,-0.037
13655,-0.063
13656,-0.024
13657,-0.056
13658,-0.144
13659,-0.11
13660,0.012
13661,0.005
13662,-0.034
13663,-0.193
13664,-0.02
13665,-0.02
13666,0.01
13667,0.063
13668,0.034
13669,0.095
13670,0.071
13671,0.068
13672,0.066
13673,0.1
13674,0.01
13675,-0.024
13676,-0.012
13677,0.012
13678,0.002
13679,-0.125
13680,-0.024
13681,-0.012
13682,-0.044
13683,-0.112
13684,-0.049
13685,0.022
13686,-0.044
13687,-0.012
13688,-0.078
13689,0.09
13690,0.007
13691,-0.049
13692,0.024
13693,-0.071
13694,-0.012
13695,0.027
13696,-0.115
13697,0.039
13698,0.042
13699,-0.007
13700,0.005
13701,-0.046
13702,0.076
13703,0.02
13704,0.068
13705,-0.049
13706,-0.049
13707,0.0
13708,0.0
13709,0.01
13710,0.078
13711,0.032
13712,-0.029
13713,-0.027
13714,-0.11
13715,-0.059
13716,-0.107
13717,-0.083
13718,0.054
13719,-0.085
13720,-0.039
13721,0.0
13722,-0.039
13723,-0.007
13724,-0.022
13725,0.002
13726,-0.024
13727,0.017
13728,0.0
13729,-0.037
13730,0.061
13731,0.073
13732,-0.042
13733,-0.01
13734,0.002
13735,0.151
13736,0.063
13737,-0.088
13738,-0.002
13739,-0.066
13740,-0.154
13741,-0.144
13742,-0.212
13743,-0.134
13744,-0.132
13745,0.083
13746,0.056
13747,-0.024
13748,0.034
13749,-0.012
13750,-0.071
13751,-0.005
13752,-0.007
13753,0.071
13754,0.056
13755,0.068
13756,0.081
13757,0.054
13758,-0.054
13759,-0.066
13760,-0.012
13761,-0.032
13762,-0.066
13763,-0.195
13764,0.007
13765,0.044
13766,-0.049
13767,-0.046
13768,0.015
13769,0.083
13770,0.076
13771,0.068
13772,0.071
13773,0.095
13774,0.015
13775,-0.01
13776,-0.002
13777,0.046
13778,0.012
13779,-0.066
13780,-0.125
13781,-0.061
13782,-0.002
13783,-0.056
13784,-0.085
13785,-0.034
13786,0.063
13787,-0.044
13788,-0.09
13789,-0.032
13790,0.083
13791,-0.022
13792,-0.005
13793,-0.032
13794,-0.01
13795,0.01
13796,0.027
13797,-0.002
13798,0.076
13799,0.11
13800,0.049
13801,0.01
13802,0.015
13803,-0.01
13804,0.034
13805,-0.01
13806,0.015
13807,-0.154
13808,0.02
13809,0.078
13810,0.054
13811,0.063
13812,0.054
13813,0.078
13814,-0.032
13815,0.059
13816,0.027
13817,0.037
13818,0.063
13819,-0.073
13820,0.005
13821,0.02
13822,-0.022
13823,-0.051
13824,0.029
13825,-0.049
13826,-0.059
13827,-0.02
13828,0.027
13829,0.063
13830,-0.051
13831,0.017
13832,-0.088
13833,-0.066
13834,0.063
13835,-0.063
13836,0.037
13837,-0.012
13838,-0.046
13839,-0.022
13840,-0.063
13841,-0.085
13842,-0.024
13843,-0.037
13844,0.059
13845,-0.01
13846,0.11
13847,0.09
13848,-0.081
13849,-0.044
13850,-0.054
13851,0.107
13852,-0.02
13853,0.02
13854,0.039
13855,0.085
13856,-0.007
13857,0.005
13858,0.0
13859,0.059
13860,0.063
13861,0.076
13862,-0.059
13863,-0.151
13864,0.037
13865,-0.066
13866,-0.139
13867,-0.032
13868,0.034
13869,0.039
13870,-0.171
13871,-0.015
13872,-0.076
13873,0.117
13874,0.01
13875,0.081
13876,0.059
13877,0.061
13878,0.127
13879,-0.01
13880,-0.007
13881,-0.015
13882,-0.015
13883,-0.02
13884,-0.032
13885,-0.068
13886,-0.027
13887,0.027
13888,0.029
13889,0.002
13890,0.044
13891,0.166
13892,0.09
13893,0.105
13894,0.063
13895,0.071
13896,0.029
13897,0.005
13898,0.066
13899,0.093
13900,0.088
13901,0.017
13902,0.022
13903,0.037
13904,0.071
13905,0.005
13906,0.098
13907,0.015
13908,0.037
13909,0.134
13910,0.002
13911,-0.027
13912,-0.002
13913,0.1
13914,0.068
13915,0.027
13916,0.017
13917,-0.015
13918,-0.024
13919,-0.024
13920,-0.012
13921,0.037
13922,-0.017
13923,-0.081
13924,0.022
13925,-0.012
13926,-0.012
13927,-0.054
13928,-0.076
13929,0.059
13930,0.083
13931,0.005
13932,-0.022
13933,-0.1
13934,0.037
13935,0.032
13936,0.125
13937,0.105
13938,0.049
13939,0.042
13940,-0.005
13941,-0.049
13942,-0.085
13943,-0.105
13944,-0.032
13945,-0.037
13946,-0.063
13947,-0.105
13948,0.027
13949,0.051
13950,0.034
13951,-0.027
13952,-0.076
13953,0.024
13954,0.017
13955,0.095
13956,0.078
13957,0.073
13958,0.081
13959,-0.034
13960,-0.088
13961,-0.066
13962,-0.046
13963,0.032
13964,-0.005
13965,-0.046
13966,-0.022
13967,-0.01
13968,0.044
13969,-0.078
13970,-0.049
13971,-0.032
13972,0.073
13973,0.093
13974,0.017
13975,-0.029
13976,0.068
13977,0.037
13978,-0.1
13979,-0.132
13980,-0.125
13981,0.044
13982,0.068
13983,0.024
13984,-0.059
13985,-0.044
13986,0.139
13987,0.073
13988,0.046
13989,-0.044
13990,0.049
13991,0.203
13992,0.061
13993,0.007
13994,0.073
13995,0.112
13996,0.139
13997,0.051
13998,0.032
13999,0.137
14000,-0.029
14001,0.059
14002,-0.046
14003,-0.061
14004,0.09
14005,0.037
14006,-0.042
14007,-0.024
14008,0.044
14009,0.007
14010,0.083
14011,-0.037
14012,-0.002
14013,0.103
14014,0.112
14015,0.068
14016,0.005
14017,-0.083
14018,0.039
14019,0.105
14020,-0.015
14021,0.01
14022,-0.007
14023,-0.002
14024,-0.037
14025,-0.095
14026,-0.01
14027,0.027
14028,-0.066
14029,0.037
14030,0.0
14031,-0.117
14032,0.012
14033,0.0
14034,-0.046
14035,0.02
14036,0.054
14037,0.061
14038,-0.081
14039,-0.032
14040,0.081
14041,-0.046
14042,0.034
14043,0.032
14044,0.007
14045,-0.042
14046,-0.068
14047,-0.005
14048,-0.149
14049,-0.093
14050,-0.027
14051,-0.024
14052,-0.088
14053,-0.002
14054,0.083
14055,0.115
14056,0.066
14057,0.063
14058,-0.022
14059,0.027
14060,0.051
14061,-0.015
14062,-0.024
14063,-0.098
14064,-0.012
14065,0.039
14066,-0.198
14067,-0.073
14068,0.073
14069,-0.071
14070,-0.039
14071,0.015
14072,-0.024
14073,-0.032
14074,0.042
14075,0.09
14076,0.029
14077,0.125
14078,0.078
14079,0.046
14080,-0.095
14081,0.066
14082,0.134
14083,0.012
14084,0.046
14085,0.037
14086,0.015
14087,0.046
14088,0.002
14089,-0.007
14090,0.005
14091,0.056
14092,0.034
14093,0.034
14094,0.017
14095,0.103
14096,0.083
14097,0.105
14098,0.037
14099,0.002
14100,0.005
14101,0.007
14102,-0.054
14103,-0.071
14104,0.007
14105,-0.129
14106,-0.095
14107,-0.056
14108,-0.071
14109,0.034
14110,-0.027
14111,-0.076
14112,-0.034
14113,0.01
14114,0.042
14115,0.046
14116,-0.085
14117,0.042
14118,-0.085
14119,-0.107
14120,0.002
14121,0.029
14122,0.039
14123,-0.015
14124,-0.034
14125,-0.044
14126,0.098
14127,-0.042
14128,-0.103
14129,-0.071
14130,-0.027
14131,0.002
14132,-0.042
14133,-0.066
14134,-0.068
14135,0.024
14136,0.039
14137,-0.029
14138,-0.027
14139,0.005
14140,0.056
14141,-0.039
14142,-0.139
14143,-0.002
14144,0.034
14145,-0.024
14146,0.034
14147,-0.024
14148,-0.015
14149,-0.078
14150,0.054
14151,0.054
14152,0.02
14153,0.044
14154,0.085
14155,0.107
14156,0.044
14157,0.054
14158,0.063
14159,0.073
14160,0.02
14161,-0.032
14162,-0.007
14163,0.032
14164,0.029
14165,0.056
14166,0.039
14167,-0.037
14168,-0.022
14169,-0.051
14170,0.007
14171,0.037
14172,0.015
14173,0.063
14174,0.083
14175,0.127
14176,0.002
14177,0.056
14178,-0.002
14179,0.005
14180,0.01
14181,-0.002
14182,-0.049
14183,-0.034
14184,-0.049
14185,0.051
14186,-0.032
14187,-0.059
14188,0.034
14189,-0.059
14190,0.042
14191,0.002
14192,-0.139
14193,0.112
14194,0.059
14195,0.186
14196,0.076
14197,-0.09
14198,0.093
14199,0.029
14200,0.0
14201,0.034
14202,0.012
14203,0.188
14204,-0.037
14205,-0.19
14206,0.037
14207,-0.081
14208,0.0
14209,-0.039
14210,-0.129
14211,-0.002
14212,-0.051
14213,0.037
14214,-0.027
14215,-0.115
14216,-0.032
14217,0.056
14218,-0.054
14219,-0.127
14220,0.029
14221,-0.002
14222,0.044
14223,-0.107
14224,-0.051
14225,-0.073
14226,-0.059
14227,0.032
14228,-0.068
14229,-0.11
14230,0.002
14231,-0.024
14232,0.015
14233,-0.095
14234,-0.015
14235,0.076
14236,-0.032
14237,0.012
14238,0.046
14239,0.134
14240,0.046
14241,0.024
14242,0.054
14243,0.017
14244,0.032
14245,-0.02
14246,-0.022
14247,0.024
14248,0.088
14249,0.039
14250,-0.046
14251,-0.085
14252,0.063
14253,-0.039
14254,0.027
14255,0.066
14256,-0.063
14257,-0.024
14258,0.061
14259,0.034
14260,0.049
14261,-0.012
14262,0.125
14263,0.083
14264,-0.083
14265,0.027
14266,0.134
14267,-0.039
14268,-0.022
14269,-0.078
14270,0.005
14271,-0.042
14272,-0.088
14273,-0.015
14274,-0.005
14275,0.029
14276,-0.01
14277,-0.042
14278,-0.081
14279,-0.056
14280,-0.017
14281,-0.046
14282,-0.059
14283,-0.073
14284,-0.063
14285,0.015
14286,0.039
14287,-0.122
14288,-0.139
14289,0.034
14290,-0.12
14291,-0.024
14292,-0.022
14293,-0.066
14294,-0.068
14295,0.032
14296,-0.044
14297,-0.09
14298,-0.049
14299,-0.022
14300,-0.107
14301,-0.061
14302,-0.037
14303,-0.042
14304,-0.076
14305,-0.09
14306,-0.11
14307,-0.129
14308,-0.076
14309,-0.122
14310,-0.095
14311,-0.032
14312,0.0
14313,0.032
14314,-0.068
14315,-0.1
14316,0.027
14317,0.042
14318,-0.01
14319,0.007
14320,-0.007
14321,0.044
14322,-0.081
14323,-0.01
14324,0.034
14325,-0.012
14326,0.027
14327,0.024
14328,0.027
14329,-0.073
14330,-0.134
14331,-0.042
14332,0.059
14333,-0.034
14334,-0.017
14335,0.129
14336,-0.029
14337,-0.002
14338,0.046
14339,-0.059
14340,0.005
14341,0.034
14342,0.061
14343,0.056
14344,-0.01
14345,0.061
14346,0.063
14347,0.063
14348,-0.078
14349,-0.156
14350,-0.007
14351,0.017
14352,-0.046
14353,-0.032
14354,0.022
14355,0.027
14356,-0.063
14357,0.088
14358,0.146
14359,0.081
14360,0.122
14361,-0.005
14362,0.012
14363,0.015
14364,0.042
14365,0.107
14366,-0.012
14367,-0.046
14368,-0.02
14369,-0.042
14370,-0.083
14371,-0.105
14372,-0.117
14373,-0.037
14374,0.02
14375,-0.056
14376,-0.059
14377,0.007
14378,-0.083
14379,-0.034
14380,0.022
14381,-0.044
14382,-0.039
14383,-0.051
14384,0.037
14385,0.044
14386,-0.032
14387,-0.022
14388,-0.027
14389,-0.11
14390,-0.056
14391,-0.066
14392,-0.095
14393,-0.007
14394,-0.056
14395,0.071
14396,-0.034
14397,-0.056
14398,-0.095
14399,0.022
14400,0.051
14401,-0.042
14402,0.005
14403,-0.002
14404,0.103
14405,-0.037
14406,-0.059
14407,-0.078
14408,-0.027
14409,-0.007
14410,-0.015
14411,-0.122
14412,-0.103
14413,-0.034
14414,0.02
14415,-0.046
14416,-0.1
14417,0.002
14418,0.061
14419,0.088
14420,0.027
14421,-0.071
14422,0.002
14423,0.103
14424,0.076
14425,0.088
14426,-0.017
14427,-0.071
14428,-0.093
14429,-0.051
14430,0.015
14431,0.017
14432,0.007
14433,-0.024
14434,-0.061
14435,-0.049
14436,-0.01
14437,0.02
14438,-0.015
14439,-0.071
14440,-0.063
14441,0.042
14442,0.095
14443,0.017
14444,-0.007
14445,0.051
14446,0.081
14447,0.007
14448,-0.024
14449,0.068
14450,0.0
14451,0.029
14452,-0.017
14453,-0.022
14454,-0.103
14455,0.012
14456,0.01
14457,-0.054
14458,-0.078
14459,0.054
14460,0.042
14461,-0.044
14462,0.061
14463,0.027
14464,-0.066
14465,0.054
14466,-0.02
14467,-0.071
14468,0.051
14469,-0.015
14470,-0.017
14471,0.012
14472,-0.01
14473,0.022
14474,-0.022
14475,-0.024
14476,0.0
14477,-0.022
14478,-0.083
14479,0.093
14480,0.051
14481,0.012
14482,-0.022
14483,0.005
14484,0.068
14485,0.127
14486,0.051
14487,0.022
14488,0.076
14489,-0.027
14490,0.063
14491,-0.034
14492,-0.078
14493,-0.049
14494,-0.061
14495,0.029
14496,-0.012
14497,-0.02
14498,0.017
14499,-0.015
14500,0.09
14501,-0.015
14502,0.024
14503,0.139
14504,0.063
14505,0.132
14506,0.083
14507,0.042
14508,0.122
14509,-0.042
14510,0.01
14511,0.098
14512,-0.056
14513,0.044
14514,0.103
14515,-0.022
14516,0.022
14517,-0.012
14518,0.044
14519,0.088
14520,0.027
14521,0.11
14522,0.149
14523,0.054
14524,0.005
14525,-0.017
14526,0.056
14527,-0.01
14528,0.063
14529,0.095
14530,0.017
14531,-0.051
14532,0.0
14533,-0.01
14534,-0.017
14535,-0.029
14536,-0.044
14537,-0.11
14538,-0.002
14539,-0.027
14540,-0.076
14541,-0.061
14542,-0.068
14543,-0.049
14544,-0.027
14545,-0.039
14546,0.015
14547,0.037
14548,-0.068
14549,-0.073
14550,0.005
14551,0.0
14552,-0.061
14553,-0.068
14554,0.027
14555,-0.056
14556,-0.225
14557,-0.042
14558,-0.032
14559,0.015
14560,-0.098
14561,-0.012
14562,0.083
14563,0.002
14564,0.029
14565,0.015
14566,0.029
14567,0.024
14568,0.024
14569,0.012
14570,0.044
14571,0.132
14572,0.034
14573,0.027
14574,-0.132
14575,-0.049
14576,0.049
14577,-0.129
14578,-0.039
14579,-0.01
14580,-0.034
14581,0.098
14582,-0.012
14583,0.068
14584,0.066
14585,0.073
14586,0.049
14587,-0.034
14588,-0.029
14589,0.01
14590,-0.049
14591,0.076
14592,0.01
14593,-0.024
14594,0.015
14595,-0.115
14596,-0.054
14597,-0.11
14598,-0.068
14599,0.127
14600,0.09
14601,0.198
14602,0.098
14603,-0.01
14604,0.11
14605,0.0
14606,0.005
14607,0.032
14608,0.044
14609,0.015
14610,0.061
14611,0.083
14612,0.081
14613,-0.022
14614,0.051
14615,-0.017
14616,-0.027
14617,0.002
14618,-0.024
14619,0.049
14620,0.112
14621,-0.056
14622,-0.142
14623,-0.005
14624,0.037
14625,0.059
14626,-0.049
14627,0.0
14628,0.022
14629,-0.037
14630,0.051
14631,0.027
14632,-0.022
14633,0.093
14634,-0.098
14635,-0.005
14636,-0.024
14637,-0.022
14638,0.034
14639,0.007
14640,-0.059
14641,-0.01
14642,-0.024
14643,0.063
14644,-0.073
14645,-0.066
14646,-0.11
14647,0.02
14648,-0.034
14649,-0.098
14650,-0.059
14651,-0.051
14652,-0.037
14653,-0.076
14654,-0.049
14655,0.022
14656,0.054
14657,0.042
14658,-0.09
14659,0.005
14660,-0.081
14661,-0.088
14662,0.066
14663,-0.005
14664,-0.012
14665,-0.039
14666,-0.012
14667,-0.005
14668,0.039
14669,0.063
14670,0.012
14671,0.015
14672,-0.024
14673,0.042
14674,-0.056
14675,0.017
14676,-0.012
14677,-0.085
14678,-0.049
14679,-0.078
14680,-0.1
14681,0.076
14682,0.034
14683,0.0
14684,-0.125
14685,-0.037
14686,-0.022
14687,0.024
14688,-0.029
14689,0.046
14690,0.027
14691,0.027
14692,-0.017
14693,0.068
14694,0.002
14695,-0.049
14696,-0.051
14697,-0.081
14698,0.051
14699,-0.066
14700,-0.063
14701,-0.081
14702,-0.034
14703,-0.034
14704,-0.005
14705,0.117
14706,0.034
14707,0.042
14708,-0.027
14709,0.029
14710,0.046
14711,0.005
14712,0.081
14713,-0.02
14714,0.0
14715,-0.042
14716,-0.024
14717,0.059
14718,0.024
14719,-0.054
14720,-0.105
14721,-0.11
14722,-0.161
14723,-0.115
14724,0.059
14725,0.183
14726,-0.242
14727,-0.088
14728,0.156
14729,0.071
14730,0.068
14731,-0.051
14732,0.01
14733,0.093
14734,-0.056
14735,-0.066
14736,-0.049
14737,-0.076
14738,-0.002
14739,-0.032
14740,-0.081
14741,-0.049
14742,0.039
14743,0.034
14744,0.029
14745,-0.042
14746,0.073
14747,0.098
14748,0.063
14749,0.034
14750,0.125
14751,0.063
14752,0.032
14753,-0.024
14754,-0.002
14755,0.051
14756,0.037
14757,0.015
14758,0.149
14759,0.085
14760,-0.049
14761,0.054
14762,0.015
14763,-0.002
14764,-0.093
14765,-0.024
14766,0.005
14767,0.046
14768,0.071
14769,0.02
14770,0.049
14771,-0.022
14772,0.061
14773,0.088
14774,-0.012
14775,0.051
14776,0.095
14777,0.02
14778,0.049
14779,-0.029
14780,0.051
14781,0.063
14782,-0.022
14783,-0.017
14784,0.081
14785,0.095
14786,0.164
14787,0.139
14788,-0.01
14789,0.066
14790,0.0
14791,0.034
14792,0.1
14793,0.085
14794,0.005
14795,0.059
14796,0.029
14797,0.017
14798,-0.044
14799,-0.01
14800,-0.032
14801,-0.017
14802,0.051
14803,-0.063
14804,0.037
14805,0.017
14806,-0.027
14807,0.051
14808,-0.059
14809,0.044
14810,0.015
14811,-0.139
14812,0.022
14813,0.007
14814,-0.129
14815,-0.022
14816,-0.049
14817,-0.181
14818,-0.059
14819,-0.046
14820,-0.076
14821,0.061
14822,-0.01
14823,-0.068
14824,-0.017
14825,-0.085
14826,-0.046
14827,-0.015
14828,-0.02
14829,0.022
14830,0.007
14831,0.034
14832,-0.049
14833,0.051
14834,0.046
14835,-0.066
14836,-0.039
14837,-0.012
14838,0.046
14839,0.034
14840,-0.093
14841,-0.037
14842,0.015
14843,0.007
14844,0.054
14845,0.022
14846,0.037
14847,0.105
14848,0.085
14849,0.078
14850,0.081
14851,0.068
14852,0.112
14853,0.054
14854,-0.049
14855,0.122
14856,0.022
14857,0.049
14858,0.051
14859,0.042
14860,0.017
14861,0.044
14862,0.071
14863,0.01
14864,0.051
14865,0.066
14866,0.024
14867,0.044
14868,0.173
14869,0.129
14870,-0.046
14871,0.083
14872,0.081
14873,0.015
14874,-0.051
14875,0.017
14876,0.122
14877,0.061
14878,0.105
14879,0.063
14880,-0.01
14881,-0.042
14882,-0.024
14883,0.066
14884,0.054
14885,-0.046
14886,0.022
14887,-0.007
14888,0.022
14889,-0.007
14890,-0.034
14891,-0.051
14892,-0.049
14893,0.039
14894,-0.049
14895,-0.051
14896,-0.042
14897,-0.078
14898,-0.103
14899,-0.161
14900,-0.176
14901,-0.063
14902,0.034
14903,0.068
14904,-0.017
14905,0.007
14906,0.139
14907,-0.093
14908,-0.015
14909,-0.005
14910,-0.142
14911,-0.061
14912,0.002
14913,-0.051
14914,0.034
14915,0.0
14916,-0.01
14917,-0.088
14918,-0.056
14919,-0.044
14920,-0.088
14921,-0.059
14922,0.042
14923,-0.056
14924,-0.002
14925,0.139
14926,0.049
14927,0.042
14928,0.007
14929,0.051
14930,0.061
14931,0.061
14932,0.11
14933,0.186
14934,0.027
14935,0.09
14936,-0.051
14937,0.039
14938,0.012
14939,-0.027
14940,0.081
14941,-0.002
14942,-0.1
14943,-0.071
14944,-0.049
14945,0.068
14946,0.032
14947,-0.015
14948,0.085
14949,-0.022
14950,0.022
14951,0.081
14952,-0.02
14953,0.046
14954,0.056
14955,0.066
14956,0.012
14957,-0.015
14958,0.029
14959,0.01
14960,-0.002
14961,-0.022
14962,0.017
14963,-0.007
14964,-0.012
14965,0.034
14966,0.015
14967,-0.044
14968,0.042
14969,0.125
14970,0.027
14971,0.0
14972,0.103
14973,-0.039
14974,0.007
14975,-0.063
14976,-0.149
14977,-0.029
14978,-0.105
14979,-0.029
14980,-0.083
14981,-0.129
14982,-0.066
14983,-0.076
14984,-0.056
14985,-0.083
14986,-0.154
14987,-0.081
14988,-0.037
14989,0.017
14990,-0.063
14991,-0.01
14992,-0.068
14993,-0.022
14994,0.002
14995,-0.024
14996,-0.044
14997,-0.093
14998,-0.134
14999,-0.129
15000,-0.095
15001,-0.098
15002,-0.034
15003,-0.115
15004,-0.071
15005,-0.054
15006,0.017
15007,-0.037
15008,-0.051
15009,-0.005
15010,0.032
15011,0.027
15012,-0.02
15013,-0.029
15014,-0.02
15015,-0.029
15016,-0.017
15017,0.049
15018,0.002
15019,0.01
15020,-0.012
15021,-0.073
15022,-0.01
15023,-0.044
15024,-0.01
15025,-0.088
15026,-0.105
15027,-0.024
15028,-0.022
15029,0.042
15030,0.061
15031,-0.01
15032,0.103
15033,0.078
15034,0.149
15035,0.088
15036,-0.027
15037,0.132
15038,0.039
15039,-0.039
15040,0.037
15041,-0.046
15042,-0.017
15043,-0.037
15044,0.027
15045,0.034
15046,-0.056
15047,-0.046
15048,-0.007
15049,-0.103
15050,-0.032
15051,0.071
15052,-0.068
15053,0.054
15054,-0.032
15055,0.022
15056,-0.02
15057,-0.073
15058,-0.027
15059,-0.046
15060,-0.061
15061,-0.039
15062,-0.095
15063,-0.063
15064,-0.11
15065,-0.054
15066,-0.02
15067,-0.002
15068,-0.051
15069,-0.012
15070,-0.027
15071,0.027
15072,0.073
15073,0.093
15074,0.034
15075,-0.056
15076,-0.044
15077,0.066
15078,0.027
15079,0.015
15080,-0.037
15081,-0.071
15082,-0.002
15083,-0.103
15084,-0.129
15085,-0.181
15086,-0.164
15087,0.063
15088,0.032
15089,-0.125
15090,-0.068
15091,-0.078
15092,0.0
15093,0.024
15094,-0.061
15095,-0.02
15096,0.022
15097,0.024
15098,0.061
15099,-0.164
15100,-0.002
15101,0.017
15102,-0.081
15103,-0.078
15104,-0.107
15105,-0.024
15106,0.029
15107,-0.144
15108,0.044
15109,0.105
15110,0.125
15111,0.056
15112,0.015
15113,-0.044
15114,0.007
15115,0.049
15116,0.095
15117,-0.034
15118,-0.063
15119,0.049
15120,-0.017
15121,0.005
15122,0.046
15123,0.032
15124,0.017
15125,0.063
15126,-0.1
15127,-0.076
15128,0.059
15129,0.032
15130,-0.007
15131,0.017
15132,0.061
15133,0.107
15134,0.044
15135,0.0
15136,0.037
15137,0.144
15138,0.002
15139,-0.02
15140,0.02
15141,0.002
15142,0.076
15143,-0.107
15144,-0.173
15145,-0.027
15146,0.024
15147,-0.024
15148,-0.005
15149,0.015
15150,0.039
15151,0.12
15152,0.029
15153,-0.083
15154,0.012
15155,-0.115
15156,-0.012
15157,0.095
15158,-0.093
15159,-0.061
15160,-0.144
15161,-0.137
15162,-0.056
15163,-0.132
15164,-0.049
15165,-0.073
15166,-0.071
15167,0.015
15168,0.017
15169,-0.095
15170,-0.098
15171,0.037
15172,-0.024
15173,0.027
15174,0.024
15175,0.037
15176,0.142
15177,-0.063
15178,-0.146
15179,0.01
15180,-0.132
15181,-0.088
15182,-0.1
15183,-0.083
15184,-0.081
15185,0.088
15186,0.156
15187,-0.02
15188,-0.073
15189,0.042
15190,0.166
15191,0.115
15192,0.024
15193,0.027
15194,0.085
15195,0.098
15196,-0.007
15197,0.071
15198,0.059
15199,0.122
15200,0.073
15201,-0.024
15202,0.024
15203,-0.02
15204,-0.012
15205,0.037
15206,-0.002
15207,0.029
15208,0.002
15209,0.125
15210,0.105
15211,-0.024
15212,0.0
15213,0.105
15214,0.046
15215,0.01
15216,-0.029
15217,0.034
15218,0.051
15219,0.02
15220,0.042
15221,-0.017
15222,-0.022
15223,0.01
15224,-0.044
15225,-0.012
15226,0.042
15227,-0.022
15228,0.022
15229,-0.083
15230,-0.012
15231,-0.073
15232,-0.015
15233,0.061
15234,0.007
15235,-0.066
15236,0.051
15237,0.0
15238,0.066
15239,-0.044
15240,-0.1
15241,-0.005
15242,-0.078
15243,-0.056
15244,-0.112
15245,-0.042
15246,0.061
15247,-0.122
15248,-0.1
15249,-0.066
15250,-0.022
15251,0.0
15252,-0.049
15253,0.002
15254,0.051
15255,-0.076
15256,0.112
15257,0.112
15258,-0.066
15259,0.059
15260,-0.063
15261,-0.029
15262,0.078
15263,0.007
15264,-0.015
15265,-0.022
15266,-0.044
15267,-0.039
15268,-0.107
15269,-0.09
15270,-0.085
15271,0.029
15272,0.085
15273,-0.073
15274,0.029
15275,-0.017
15276,0.115
15277,0.173
15278,-0.068
15279,-0.005
15280,0.051
15281,-0.012
15282,0.0
15283,-0.046
15284,0.063
15285,0.093
15286,-0.056
15287,0.0
15288,-0.063
15289,-0.059
15290,-0.002
15291,-0.024
15292,0.032
15293,-0.017
15294,0.034
15295,0.027
15296,0.059
15297,0.09
15298,0.203
15299,0.046
15300,-0.073
15301,0.037
15302,0.0
15303,0.059
15304,0.039
15305,-0.017
15306,0.022
15307,0.085
15308,0.061
15309,-0.056
15310,-0.039
15311,-0.024
15312,0.056
15313,0.01
15314,-0.005
15315,0.051
15316,0.02
15317,0.066
15318,0.029
15319,0.059
15320,0.061
15321,-0.002
15322,0.049
15323,0.161
15324,0.056
15325,0.127
15326,0.056
15327,-0.037
15328,-0.063
15329,-0.037
15330,0.078
15331,0.056
15332,-0.081
15333,-0.029
15334,0.032
15335,-0.005
15336,0.061
15337,-0.059
15338,-0.01
15339,0.002
15340,-0.029
15341,0.017
15342,0.073
15343,-0.066
15344,-0.11
15345,0.037
15346,-0.017
15347,-0.085
15348,0.032
15349,0.12
15350,0.029
15351,-0.066
15352,-0.107
15353,0.039
15354,0.027
15355,0.066
15356,0.159
15357,-0.144
15358,0.042
15359,0.063
15360,-0.071
15361,-0.02
15362,-0.166
15363,-0.01
15364,-0.015
15365,0.142
15366,0.01
15367,0.002
15368,0.056
15369,0.063
15370,0.007
15371,-0.017
15372,0.051
15373,0.208
15374,0.027
15375,0.051
15376,0.088
15377,-0.007
15378,0.066
15379,0.039
15380,0.061
15381,0.061
15382,-0.137
15383,-0.063
15384,-0.027
15385,-0.039
15386,-0.039
15387,0.088
15388,-0.024
15389,-0.002
15390,-0.01
15391,-0.034
15392,0.073
15393,-0.063
15394,0.146
15395,0.046
15396,-0.076
15397,0.046
15398,0.02
15399,0.049
15400,0.007
15401,-0.098
15402,0.024
15403,-0.054
15404,0.024
15405,0.078
15406,-0.059
15407,-0.066
15408,-0.032
15409,0.007
15410,-0.017
15411,-0.005
15412,-0.051
15413,0.032
15414,-0.044
15415,0.01
15416,0.071
15417,-0.024
15418,0.0
15419,0.01
15420,0.027
15421,0.09
15422,-0.042
15423,0.007
15424,-0.042
15425,0.037
15426,0.012
15427,0.002
15428,-0.144
15429,-0.012
15430,-0.024
15431,-0.015
15432,-0.029
15433,-0.076
15434,-0.015
15435,-0.078
15436,-0.042
15437,0.027
15438,-0.063
15439,0.049
15440,0.056
15441,-0.093
15442,-0.02
15443,0.005
15444,-0.029
15445,-0.005
15446,-0.049
15447,-0.005
15448,-0.007
15449,0.027
15450,-0.032
15451,-0.037
15452,0.068
15453,0.166
15454,0.1
15455,-0.054
15456,0.088
15457,-0.002
15458,-0.012
15459,0.081
15460,-0.022
15461,-0.066
15462,-0.059
15463,-0.032
15464,0.042
15465,0.083
15466,0.029
15467,-0.112
15468,-0.037
15469,0.068
15470,0.002
15471,-0.005
15472,-0.085
15473,-0.029
15474,0.029
15475,-0.061
15476,-0.022
15477,0.017
15478,-0.068
15479,0.134
15480,-0.012
15481,-0.107
15482,-0.015
15483,-0.063
15484,-0.037
15485,-0.073
15486,-0.127
15487,-0.017
15488,0.012
15489,-0.073
15490,-0.044
15491,0.049
15492,0.071
15493,-0.022
15494,0.02
15495,0.037
15496,0.027
15497,0.081
15498,0.022
15499,-0.01
15500,-0.049
15501,-0.11
15502,-0.073
15503,0.051
15504,-0.032
15505,0.01
15506,-0.046
15507,-0.078
15508,0.012
15509,-0.095
15510,-0.139
15511,-0.068
15512,0.034
15513,0.017
15514,-0.02
15515,-0.027
15516,0.093
15517,0.034
15518,-0.037
15519,-0.09
15520,0.01
15521,0.078
15522,-0.017
15523,-0.105
15524,-0.056
15525,0.085
15526,0.054
15527,0.005
15528,-0.081
15529,-0.002
15530,-0.076
15531,-0.073
15532,0.12
15533,0.017
15534,0.027
15535,0.027
15536,0.037
15537,-0.103
15538,-0.002
15539,0.127
15540,0.017
15541,0.044
15542,-0.01
15543,0.1
15544,0.105
15545,0.015
15546,0.012
15547,0.027
15548,-0.054
15549,-0.076
15550,-0.027
15551,-0.059
15552,-0.027
15553,-0.015
15554,-0.061
15555,0.0
15556,-0.034
15557,0.098
15558,0.049
15559,-0.054
15560,0.007
15561,0.02
15562,0.151
15563,0.051
15564,0.0
15565,0.161
15566,0.054
15567,0.046
15568,-0.161
15569,-0.051
15570,0.049
15571,-0.039
15572,-0.037
15573,-0.105
15574,-0.046
15575,-0.017
15576,-0.02
15577,-0.002
15578,-0.037
15579,-0.029
15580,-0.085
15581,-0.088
15582,0.002
15583,0.063
15584,-0.037
15585,-0.024
15586,-0.012
15587,-0.146
15588,-0.034
15589,-0.005
15590,0.012
15591,0.022
15592,0.061
15593,-0.015
15594,-0.071
15595,-0.044
15596,-0.012
15597,0.0
15598,-0.042
15599,-0.164
15600,-0.073
15601,0.005
15602,-0.01
15603,0.02
15604,0.01
15605,-0.056
15606,-0.032
15607,-0.063
15608,-0.024
15609,-0.027
15610,-0.002
15611,0.027
15612,0.005
15613,-0.061
15614,0.093
15615,0.029
15616,0.083
15617,0.176
15618,0.073
15619,0.083
15620,0.056
15621,-0.005
15622,0.051
15623,0.083
15624,0.137
15625,0.11
15626,0.029
15627,-0.005
15628,-0.042
15629,0.034
15630,0.112
15631,-0.029
15632,-0.085
15633,0.005
15634,0.01
15635,-0.066
15636,0.022
15637,0.049
15638,0.029
15639,0.02
15640,0.073
15641,0.115
15642,-0.051
15643,0.076
15644,0.005
15645,0.056
15646,0.068
15647,0.022
15648,0.015
15649,0.054
15650,0.01
15651,-0.042
15652,-0.095
15653,-0.046
15654,0.01
15655,-0.046
15656,-0.042
15657,-0.012
15658,0.015
15659,0.056
15660,0.022
15661,0.024
15662,-0.027
15663,0.066
15664,0.02
15665,-0.1
15666,-0.002
15667,-0.017
15668,0.015
15669,-0.085
15670,-0.156
15671,-0.015
15672,0.002
15673,-0.09
15674,-0.051
15675,0.039
15676,0.037
15677,-0.059
15678,-0.166
15679,-0.115
15680,0.01
15681,0.042
15682,-0.024
15683,-0.044
15684,-0.022
15685,-0.024
15686,-0.081
15687,0.007
15688,0.02
15689,-0.083
15690,0.007
15691,0.012
15692,0.017
15693,-0.085
15694,0.027
15695,0.037
15696,-0.015
15697,0.032
15698,0.088
15699,0.09
15700,0.073
15701,0.129
15702,0.071
15703,0.056
15704,0.073
15705,0.024
15706,0.022
15707,0.051
15708,-0.005
15709,-0.02
15710,0.112
15711,-0.01
15712,-0.112
15713,0.024
15714,0.098
15715,-0.054
15716,0.144
15717,0.166
15718,0.022
15719,-0.071
15720,0.061
15721,0.11
15722,0.085
15723,0.19
15724,0.125
15725,0.12
15726,0.034
15727,-0.015
15728,0.078
15729,0.039
15730,-0.039
15731,0.051
15732,0.107
15733,0.01
15734,-0.027
15735,0.032
15736,0.049
15737,0.056
15738,0.085
15739,0.044
15740,0.078
15741,0.005
15742,0.01
15743,0.054
15744,0.024
15745,0.037
15746,-0.022
15747,-0.022
15748,-0.024
15749,0.005
15750,-0.015
15751,-0.032
15752,-0.029
15753,-0.088
15754,-0.032
15755,-0.085
15756,-0.027
15757,-0.039
15758,-0.029
15759,-0.029
15760,-0.044
15761,-0.166
15762,-0.046
15763,0.005
15764,-0.1
15765,-0.117
15766,-0.059
15767,-0.093
15768,-0.042
15769,-0.073
15770,-0.103
15771,-0.088
15772,-0.029
15773,0.007
15774,-0.068
15775,0.044
15776,0.098
15777,0.01
15778,-0.012
15779,0.049
15780,0.1
15781,0.027
15782,-0.027
15783,0.107
15784,0.02
15785,-0.01
15786,0.034
15787,-0.061
15788,0.012
15789,-0.005
15790,-0.068
15791,-0.156
15792,-0.039
15793,-0.098
15794,-0.037
15795,-0.056
15796,-0.002
15797,0.029
15798,0.051
15799,0.037
15800,0.044
15801,0.049
15802,0.037
15803,0.095
15804,0.088
15805,0.005
15806,0.022
15807,-0.005
15808,-0.063
15809,-0.007
15810,0.042
15811,-0.029
15812,-0.017
15813,0.002
15814,-0.007
15815,-0.107
15816,-0.046
15817,-0.037
15818,-0.012
15819,0.029
15820,-0.09
15821,0.051
15822,0.029
15823,0.054
15824,0.083
15825,-0.056
15826,0.044
15827,0.046
15828,-0.1
15829,-0.059
15830,-0.01
15831,-0.09
15832,-0.098
15833,-0.059
15834,0.032
15835,-0.105
15836,-0.129
15837,-0.105
15838,0.042
15839,0.059
15840,-0.068
15841,0.012
15842,-0.005
15843,-0.034
15844,-0.073
15845,-0.017
15846,-0.073
15847,0.037
15848,-0.024
15849,-0.1
15850,-0.012
15851,-0.081
15852,-0.024
15853,-0.09
15854,-0.139
15855,-0.093
15856,0.002
15857,0.105
15858,-0.01
15859,-0.073
15860,0.056
15861,0.039
15862,0.015
15863,0.01
15864,0.0
15865,0.1
15866,0.005
15867,0.017
15868,-0.068
15869,-0.142
15870,-0.022
15871,-0.112
15872,-0.229
15873,-0.149
15874,-0.015
15875,-0.051
15876,-0.024
15877,-0.054
15878,-0.027
15879,-0.083
15880,-0.095
15881,-0.059
15882,-0.032
15883,-0.046
15884,-0.024
15885,-0.005
15886,-0.122
15887,-0.115
15888,-0.027
15889,0.042
15890,-0.1
15891,-0.039
15892,-0.039
15893,0.005
15894,0.027
15895,-0.127
15896,0.01
15897,0.0
15898,-0.029
15899,0.059
15900,-0.027
15901,0.073
15902,0.061
15903,0.054
15904,-0.054
15905,0.107
15906,0.088
15907,0.024
15908,-0.068
15909,0.02
15910,0.034
15911,-0.054
15912,-0.134
15913,-0.103
15914,0.022
15915,-0.093
15916,-0.068
15917,-0.022
15918,-0.151
15919,-0.022
15920,-0.032
15921,-0.066
15922,-0.088
15923,0.068
15924,0.044
15925,-0.002
15926,0.005
15927,-0.046
15928,-0.032
15929,-0.081
15930,-0.078
15931,-0.032
15932,-0.049
15933,-0.032
15934,0.002
15935,-0.176
15936,-0.105
15937,-0.095
15938,-0.015
15939,-0.01
15940,-0.051
15941,-0.037
15942,-0.105
15943,-0.029
15944,-0.024
15945,-0.037
15946,-0.017
15947,-0.037
15948,-0.017
15949,-0.027
15950,-0.122
15951,0.068
15952,0.029
15953,-0.073
15954,-0.044
15955,-0.039
15956,0.012
15957,0.049
15958,0.005
15959,0.017
15960,-0.107
15961,-0.037
15962,-0.034
15963,-0.01
15964,0.012
15965,-0.015
15966,0.083
15967,-0.024
15968,-0.076
15969,0.051
15970,0.034
15971,0.0
15972,0.029
15973,-0.056
15974,0.01
15975,0.015
15976,0.081
15977,0.049
15978,0.042
15979,0.012
15980,0.076
15981,0.083
15982,0.1
15983,0.107
15984,0.039
15985,0.029
15986,-0.034
15987,0.093
15988,0.063
15989,-0.024
15990,-0.085
15991,-0.046
15992,0.178
15993,-0.088
15994,-0.046
15995,0.09
15996,-0.007
15997,0.032
15998,-0.044
15999,0.002
16000,0.076
16001,0.027
16002,-0.017
16003,0.01
16004,-0.078
16005,0.085
16006,0.088
16007,0.002
16008,0.095
16009,0.0
16010,-0.066
16011,0.046
16012,-0.01
16013,0.015
16014,0.034
16015,-0.117
16016,-0.002
16017,-0.01
16018,-0.046
16019,0.007
16020,-0.09
16021,0.029
16022,-0.034
16023,-0.02
16024,0.059
16025,-0.024
16026,0.02
16027,0.115
16028,-0.007
16029,-0.029
16030,-0.002
16031,0.063
16032,0.049
16033,0.1
16034,0.068
16035,0.044
16036,0.051
16037,-0.051
16038,-0.061
16039,0.142
16040,0.203
16041,0.051
16042,-0.002
16043,0.037
16044,0.068
16045,0.037
16046,0.029
16047,0.076
16048,0.049
16049,0.051
16050,-0.017
16051,-0.103
16052,-0.017
16053,0.093
16054,0.115
16055,0.09
16056,0.002
16057,0.024
16058,0.049
16059,0.073
16060,0.022
16061,0.151
16062,-0.1
16063,0.068
16064,0.081
16065,0.046
16066,0.054
16067,-0.005
16068,-0.02
16069,0.051
16070,-0.012
16071,-0.007
16072,0.005
16073,-0.029
16074,0.068
16075,-0.012
16076,-0.073
16077,-0.042
16078,-0.01
16079,0.205
16080,0.022
16081,-0.02
16082,0.017
16083,0.049
16084,0.061
16085,0.063
16086,0.071
16087,-0.005
16088,-0.049
16089,0.051
16090,-0.056
16091,-0.125
16092,-0.105
16093,-0.076
16094,0.042
16095,-0.017
16096,-0.037
16097,-0.076
16098,-0.142
16099,-0.168
16100,-0.144
16101,-0.137
16102,0.11
16103,-0.037
16104,-0.063
16105,-0.042
16106,0.02
16107,0.156
16108,0.129
16109,-0.005
16110,-0.156
16111,0.0
16112,-0.042
16113,-0.107
16114,-0.024
16115,-0.081
16116,0.027
16117,-0.068
16118,-0.017
16119,0.112
16120,0.01
16121,-0.054
16122,-0.063
16123,-0.081
16124,0.085
16125,0.056
16126,0.066
16127,0.129
16128,0.09
16129,0.056
16130,-0.015
16131,0.0
16132,0.139
16133,0.164
16134,-0.029
16135,-0.061
16136,0.017
16137,0.095
16138,0.034
16139,0.002
16140,-0.1
16141,-0.032
16142,0.063
16143,-0.049
16144,-0.081
16145,0.056
16146,0.095
16147,0.024
16148,0.029
16149,0.171
16150,-0.024
16151,-0.024
16152,0.12
16153,0.051
16154,-0.015
16155,-0.022
16156,0.037
16157,0.029
16158,-0.078
16159,0.061
16160,0.12
16161,-0.173
16162,-0.195
16163,0.032
16164,0.063
16165,-0.034
16166,-0.012
16167,0.037
16168,-0.076
16169,-0.029
16170,-0.01
16171,-0.085
16172,0.022
16173,-0.071
16174,-0.085
16175,-0.039
16176,-0.088
16177,-0.044
16178,0.022
16179,-0.093
16180,-0.11
16181,-0.044
16182,0.042
16183,0.146
16184,-0.01
16185,0.056
16186,0.117
16187,-0.046
16188,-0.032
16189,0.046
16190,0.056
16191,0.098
16192,-0.088
16193,-0.032
16194,0.056
16195,0.027
16196,0.085
16197,0.046
16198,-0.073
16199,-0.105
16200,0.0
16201,-0.046
16202,-0.012
16203,0.027
16204,-0.027
16205,0.02
16206,0.012
16207,0.007
16208,0.005
16209,0.017
16210,0.029
16211,-0.015
16212,-0.076
16213,-0.071
16214,-0.115
16215,-0.154
16216,-0.012
16217,-0.059
16218,-0.015
16219,-0.037
16220,-0.039
16221,0.032
16222,0.073
16223,0.022
16224,0.056
16225,0.117
16226,0.247
16227,-0.01
16228,0.012
16229,0.117
16230,0.073
16231,-0.007
16232,-0.093
16233,-0.039
16234,0.022
16235,-0.015
16236,-0.032
16237,0.01
16238,0.042
16239,0.005
16240,-0.051
16241,-0.007
16242,0.078
16243,0.042
16244,-0.027
16245,-0.027
16246,0.154
16247,0.02
16248,0.017
16249,0.049
16250,0.122
16251,0.015
16252,-0.012
16253,-0.002
16254,0.007
16255,0.007
16256,0.046
16257,-0.117
16258,-0.115
16259,-0.02
16260,0.071
16261,0.022
16262,-0.012
16263,0.007
16264,0.063
16265,0.085
16266,0.037
16267,-0.022
16268,-0.002
16269,-0.037
16270,-0.015
16271,0.054
16272,0.039
16273,0.032
16274,-0.054
16275,0.032
16276,-0.054
16277,-0.071
16278,-0.056
16279,-0.12
16280,-0.095
16281,-0.046
16282,-0.063
16283,-0.034
16284,-0.085
16285,0.061
16286,0.027
16287,-0.127
16288,-0.139
16289,-0.051
16290,0.027
16291,0.029
16292,-0.029
16293,-0.125
16294,-0.078
16295,-0.095
16296,-0.02
16297,0.032
16298,-0.032
16299,-0.085
16300,-0.054
16301,0.095
16302,0.007
16303,0.002
16304,0.112
16305,0.168
16306,0.068
16307,0.051
16308,0.059
16309,0.105
16310,0.056
16311,0.139
16312,0.068
16313,0.066
16314,0.044
16315,-0.044
16316,0.02
16317,0.139
16318,0.01
16319,0.005
16320,0.042
16321,-0.059
16322,0.061
16323,0.115
16324,-0.01
16325,-0.02
16326,0.039
16327,0.051
16328,0.1
16329,0.059
16330,0.017
16331,0.0
16332,-0.044
16333,-0.015
16334,0.002
16335,-0.093
16336,0.056
16337,-0.015
16338,-0.105
16339,-0.044
16340,-0.066
16341,-0.042
16342,-0.103
16343,0.0
16344,-0.078
16345,-0.042
16346,0.007
16347,-0.034
16348,-0.022
16349,0.081
16350,-0.024
16351,0.056
16352,-0.024
16353,-0.012
16354,0.054
16355,-0.034
16356,-0.156
16357,-0.073
16358,-0.034
16359,-0.085
16360,-0.115
16361,-0.076
16362,0.017
16363,0.032
16364,-0.127
16365,-0.056
16366,-0.049
16367,0.015
16368,-0.039
16369,-0.12
16370,-0.105
16371,0.032
16372,-0.01
16373,-0.068
16374,-0.007
16375,-0.027
16376,-0.117
16377,-0.061
16378,-0.049
16379,0.012
16380,0.002
16381,-0.02
16382,-0.017
16383,-0.042
16384,0.042
16385,0.12
16386,-0.059
16387,-0.012
16388,-0.051
16389,0.056
16390,0.049
16391,-0.034
16392,0.042
16393,-0.12
16394,-0.125
16395,-0.049
16396,-0.1
16397,0.01
16398,-0.046
16399,-0.039
16400,0.002
16401,-0.081
16402,-0.029
16403,0.002
16404,-0.044
16405,0.037
16406,0.01
16407,0.002
16408,0.132
16409,0.042
16410,0.044
16411,-0.076
16412,-0.027
16413,0.024
16414,0.103
16415,0.017
16416,-0.105
16417,0.105
16418,-0.061
16419,-0.015
16420,0.017
16421,-0.012
16422,0.078
16423,0.034
16424,0.024
16425,0.093
16426,-0.017
16427,0.051
16428,0.044
16429,0.076
16430,0.107
16431,0.061
16432,-0.024
16433,-0.085
16434,0.024
16435,0.01
16436,0.042
16437,0.022
16438,-0.129
16439,-0.066
16440,-0.063
16441,-0.061
16442,0.027
16443,-0.046
16444,-0.142
16445,-0.022
16446,-0.088
16447,-0.093
16448,0.051
16449,0.046
16450,0.166
16451,0.034
16452,-0.117
16453,-0.066
16454,-0.11
16455,-0.015
16456,0.017
16457,-0.186
16458,-0.012
16459,0.085
16460,-0.09
16461,-0.063
16462,-0.183
16463,-0.088
16464,-0.049
16465,-0.083
16466,-0.044
16467,-0.063
16468,-0.1
16469,-0.049
16470,-0.093
16471,-0.044
16472,0.063
16473,0.027
16474,-0.049
16475,-0.039
16476,0.063
16477,-0.027
16478,-0.09
16479,0.027
16480,-0.115
16481,0.095
16482,0.059
16483,-0.063
16484,-0.093
16485,-0.081
16486,0.037
16487,0.017
16488,-0.01
16489,-0.088
16490,0.017
16491,0.115
16492,-0.049
16493,0.071
16494,-0.012
16495,0.046
16496,0.078
16497,0.0
16498,-0.022
16499,-0.071
16500,-0.103
16501,0.0
16502,0.012
16503,0.071
16504,0.078
16505,-0.022
16506,-0.024
16507,0.01
16508,-0.039
16509,0.063
16510,0.01
16511,-0.044
16512,0.083
16513,0.012
16514,-0.015
16515,-0.09
16516,-0.107
16517,-0.061
16518,-0.012
16519,-0.029
16520,-0.022
16521,0.017
16522,0.007
16523,-0.017
16524,-0.11
16525,-0.051
16526,0.054
16527,-0.022
16528,-0.103
16529,-0.059
16530,0.005
16531,0.015
16532,0.178
16533,0.056
16534,-0.068
16535,-0.027
16536,0.0
16537,-0.095
16538,-0.056
16539,-0.105
16540,-0.139
16541,0.0
16542,0.012
16543,-0.015
16544,-0.007
16545,0.01
16546,-0.017
16547,0.073
16548,0.002
16549,-0.02
16550,-0.071
16551,-0.029
16552,0.015
16553,-0.002
16554,0.02
16555,0.049
16556,-0.078
16557,0.002
16558,0.051
16559,-0.039
16560,-0.061
16561,0.007
16562,-0.015
16563,-0.039
16564,0.0
16565,0.054
16566,0.093
16567,0.066
16568,-0.042
16569,0.103
16570,0.127
16571,-0.024
16572,0.085
16573,0.059
16574,0.061
16575,0.129
16576,0.129
16577,0.103
16578,-0.054
16579,-0.005
16580,-0.034
16581,-0.012
16582,0.0
16583,-0.073
16584,0.002
16585,-0.076
16586,-0.071
16587,0.098
16588,0.01
16589,0.093
16590,0.056
16591,0.056
16592,0.059
16593,0.002
16594,-0.063
16595,-0.002
16596,-0.022
16597,-0.042
16598,0.037
16599,0.01
16600,0.083
16601,0.037
16602,-0.039
16603,0.073
16604,0.134
16605,0.034
16606,-0.01
16607,0.09
16608,0.144
16609,-0.09
16610,0.02
16611,0.093
16612,0.056
16613,0.063
16614,-0.068
16615,0.063
16616,0.046
16617,-0.073
16618,0.042
16619,-0.027
16620,-0.015
16621,0.044
16622,-0.142
16623,-0.166
16624,0.0
16625,-0.093
16626,-0.007
16627,0.017
16628,-0.178
16629,-0.039
16630,0.073
16631,0.078
16632,-0.027
16633,-0.134
16634,0.024
16635,0.012
16636,-0.012
16637,-0.059
16638,-0.093
16639,-0.093
16640,0.007
16641,0.029
16642,-0.083
16643,-0.063
16644,0.078
16645,0.005
16646,-0.076
16647,-0.01
16648,-0.059
16649,0.044
16650,0.042
16651,-0.027
16652,-0.034
16653,-0.002
16654,0.139
16655,0.063
16656,0.017
16657,-0.156
16658,-0.007
16659,0.029
16660,-0.037
16661,0.103
16662,0.112
16663,-0.078
16664,0.029
16665,-0.027
16666,0.088
16667,0.125
16668,-0.168
16669,0.095
16670,0.112
16671,0.044
16672,0.056
16673,-0.005
16674,0.022
16675,0.042
16676,-0.007
16677,-0.032
16678,-0.012
16679,-0.029
16680,-0.012
16681,-0.027
16682,-0.034
16683,0.01
16684,0.066
16685,0.059
16686,-0.049
16687,0.085
16688,0.056
16689,0.117
16690,0.061
16691,0.044
16692,-0.076
16693,0.017
16694,0.073
16695,-0.044
16696,-0.076
16697,-0.049
16698,-0.002
16699,0.044
16700,0.02
16701,-0.073
16702,-0.103
16703,-0.01
16704,-0.081
16705,-0.11
16706,0.037
16707,-0.029
16708,-0.093
16709,0.029
16710,0.005
16711,0.007
16712,-0.044
16713,0.012
16714,-0.017
16715,-0.081
16716,-0.129
16717,-0.022
16718,0.117
16719,0.029
16720,-0.017
16721,0.024
16722,0.012
16723,0.09
16724,0.071
16725,-0.044
16726,-0.127
16727,0.007
16728,0.044
16729,0.01
16730,-0.059
16731,0.088
16732,0.156
16733,0.034
16734,0.107
16735,0.0
16736,-0.054
16737,0.093
16738,-0.068
16739,-0.056
16740,0.005
16741,0.085
16742,0.085
16743,-0.129
16744,-0.078
16745,-0.012
16746,0.034
16747,0.034
16748,0.059
16749,0.042
16750,0.083
16751,0.166
16752,0.103
16753,0.117
16754,0.073
16755,0.012
16756,0.144
16757,0.088
16758,0.02
16759,0.071
16760,0.085
16761,0.0
16762,0.029
16763,-0.063
16764,-0.039
16765,-0.068
16766,-0.012
16767,0.022
16768,0.015
16769,0.056
16770,-0.049
16771,-0.005
16772,-0.029
16773,0.029
16774,0.068
16775,0.042
16776,0.103
16777,0.015
16778,0.0
16779,-0.017
16780,0.034
16781,0.0
16782,0.122
16783,0.037
16784,-0.012
16785,0.046
16786,0.085
16787,0.005
16788,-0.037
16789,0.063
16790,0.068
16791,0.044
16792,0.01
16793,0.068
16794,0.005
16795,0.095
16796,0.01
16797,0.032
16798,-0.117
16799,-0.098
16800,0.083
16801,-0.049
16802,-0.015
16803,-0.051
16804,0.01
16805,-0.076
16806,-0.039
16807,-0.103
16808,0.027
16809,0.007
16810,0.027
16811,0.007
16812,-0.063
16813,0.049
16814,0.005
16815,-0.051
16816,-0.01
16817,-0.007
16818,0.061
16819,-0.105
16820,-0.015
16821,-0.093
16822,-0.051
16823,0.037
16824,-0.01
16825,-0.093
16826,-0.027
16827,-0.061
16828,0.015
16829,0.054
16830,-0.029
16831,0.125
16832,-0.029
16833,0.02
16834,0.085
16835,0.1
16836,0.015
16837,0.029
16838,0.073
16839,0.068
16840,0.005
16841,-0.039
16842,-0.049
16843,-0.027
16844,0.093
16845,0.005
16846,0.076
16847,-0.02
16848,-0.005
16849,-0.012
16850,-0.093
16851,0.061
16852,0.051
16853,0.146
16854,0.076
16855,0.115
16856,0.029
16857,0.061
16858,0.149
16859,-0.01
16860,-0.151
16861,-0.051
16862,0.051
16863,0.002
16864,0.068
16865,-0.127
16866,-0.098
16867,0.132
16868,0.059
16869,-0.134
16870,-0.127
16871,-0.032
16872,-0.029
16873,-0.034
16874,-0.039
16875,-0.115
16876,0.034
16877,-0.034
16878,0.029
16879,-0.063
16880,0.015
16881,0.078
16882,0.015
16883,-0.063
16884,-0.122
16885,-0.12
16886,0.029
16887,-0.032
16888,-0.073
16889,-0.085
16890,0.042
16891,0.098
16892,-0.059
16893,-0.032
16894,-0.09
16895,0.0
16896,0.063
16897,0.117
16898,0.063
16899,-0.007
16900,0.051
16901,-0.01
16902,0.005
16903,-0.042
16904,-0.044
16905,0.027
16906,0.017
16907,-0.002
16908,0.017
16909,-0.017
16910,0.02
16911,0.105
16912,0.059
16913,0.083
16914,-0.056
16915,0.117
16916,0.034
16917,-0.017
16918,0.034
16919,0.078
16920,0.032
16921,-0.024
16922,0.0
16923,0.012
16924,0.049
16925,-0.078
16926,0.0
16927,-0.061
16928,-0.034
16929,0.098
16930,-0.059
16931,-0.002
16932,0.002
16933,0.049
16934,0.027
16935,0.046
16936,0.11
16937,0.037
16938,-0.044
16939,-0.054
16940,0.015
16941,-0.024
16942,0.024
16943,0.0
16944,-0.063
16945,0.0
16946,0.012
16947,0.005
16948,-0.093
16949,-0.049
16950,-0.085
16951,0.083
16952,0.0
16953,0.142
16954,-0.037
16955,0.115
16956,0.19
16957,0.056
16958,-0.042
16959,-0.071
16960,0.076
16961,-0.002
16962,-0.127
16963,-0.068
16964,-0.022
16965,-0.037
16966,-0.005
16967,-0.132
16968,-0.095
16969,-0.049
16970,0.032
16971,-0.061
16972,-0.002
16973,-0.068
16974,0.046
16975,-0.166
16976,-0.093
16977,0.01
16978,-0.078
16979,-0.044
16980,0.027
16981,-0.117
16982,0.017
16983,-0.088
16984,-0.137
16985,-0.103
16986,-0.088
16987,-0.005
16988,-0.068
16989,-0.103
16990,-0.139
16991,-0.085
16992,-0.129
16993,0.039
16994,0.012
16995,0.071
16996,0.049
16997,0.029
16998,-0.012
16999,0.085
17000,0.042
17001,0.085
17002,-0.037
17003,-0.01
17004,-0.134
17005,0.037
17006,0.068
17007,0.037
17008,0.054
17009,-0.022
17010,0.042
17011,-0.037
17012,-0.042
17013,0.02
17014,-0.022
17015,0.083
17016,0.098
17017,-0.063
17018,-0.049
17019,0.115
17020,0.09
17021,0.095
17022,0.051
17023,-0.024
17024,-0.032
17025,0.01
17026,0.12
17027,-0.137
17028,0.017
17029,0.056
17030,0.02
17031,0.002
17032,0.0
17033,0.027
17034,0.015
17035,-0.039
17036,-0.054
17037,-0.046
17038,0.0
17039,0.171
17040,-0.046
17041,-0.105
17042,0.081
17043,-0.01
17044,-0.054
17045,-0.061
17046,-0.132
17047,-0.139
17048,-0.015
17049,-0.088
17050,-0.032
17051,-0.022
17052,-0.027
17053,-0.037
17054,-0.105
17055,-0.042
17056,-0.042
17057,-0.017
17058,-0.044
17059,-0.051
17060,-0.107
17061,-0.076
17062,-0.02
17063,-0.037
17064,-0.042
17065,0.027
17066,-0.063
17067,-0.02
17068,-0.032
17069,-0.112
17070,-0.044
17071,0.034
17072,-0.149
17073,-0.142
17074,-0.029
17075,-0.093
17076,-0.027
17077,-0.015
17078,0.132
17079,0.076
17080,0.061
17081,-0.029
17082,-0.061
17083,0.137
17084,-0.01
17085,-0.044
17086,0.037
17087,-0.093
17088,0.115
17089,-0.022
17090,-0.076
17091,-0.024
17092,-0.061
17093,0.02
17094,0.044
17095,-0.146
17096,-0.051
17097,0.029
17098,0.093
17099,-0.012
17100,-0.039
17101,0.027
17102,0.037
17103,0.024
17104,0.076
17105,0.049
17106,0.022
17107,0.032
17108,0.017
17109,-0.032
17110,-0.081
17111,-0.051
17112,0.117
17113,-0.002
17114,-0.02
17115,0.024
17116,0.029
17117,-0.044
17118,-0.042
17119,0.054
17120,0.059
17121,-0.027
17122,0.002
17123,0.015
17124,-0.046
17125,-0.073
17126,-0.044
17127,-0.081
17128,0.024
17129,0.01
17130,-0.032
17131,-0.01
17132,-0.088
17133,-0.107
17134,-0.007
17135,0.034
17136,-0.054
17137,-0.034
17138,0.029
17139,-0.015
17140,-0.103
17141,-0.051
17142,-0.046
17143,-0.042
17144,-0.046
17145,-0.002
17146,-0.042
17147,-0.078
17148,-0.034
17149,-0.037
17150,0.002
17151,-0.039
17152,-0.027
17153,-0.12
17154,0.007
17155,0.042
17156,0.037
17157,-0.044
17158,-0.083
17159,-0.037
17160,-0.01
17161,-0.024
17162,-0.017
17163,-0.007
17164,0.066
17165,0.002
17166,-0.088
17167,-0.132
17168,-0.068
17169,0.01
17170,-0.039
17171,-0.005
17172,0.002
17173,-0.017
17174,0.032
17175,-0.029
17176,-0.015
17177,0.115
17178,0.083
17179,0.068
17180,-0.012
17181,0.034
17182,-0.032
17183,0.088
17184,0.059
17185,-0.022
17186,0.071
17187,-0.027
17188,0.034
17189,0.061
17190,0.049
17191,0.012
17192,0.015
17193,0.034
17194,0.11
17195,0.02
17196,0.0
17197,0.051
17198,0.139
17199,0.168
17200,0.11
17201,-0.005
17202,-0.022
17203,0.0
17204,-0.073
17205,-0.015
17206,-0.09
17207,-0.054
17208,-0.085
17209,-0.093
17210,0.063
17211,-0.073
17212,-0.095
17213,0.022
17214,-0.122
17215,-0.022
17216,-0.005
17217,-0.054
17218,-0.049
17219,0.056
17220,0.017
17221,-0.046
17222,-0.11
17223,-0.056
17224,-0.068
17225,-0.073
17226,-0.156
17227,-0.029
17228,-0.068
17229,-0.095
17230,-0.107
17231,-0.11
17232,-0.049
17233,-0.027
17234,-0.02
17235,-0.09
17236,-0.046
17237,0.037
17238,0.093
17239,0.0
17240,-0.161
17241,0.046
17242,0.1
17243,-0.054
17244,0.017
17245,-0.037
17246,0.034
17247,-0.039
17248,0.022
17249,0.054
17250,-0.02
17251,0.054
17252,-0.024
17253,-0.027
17254,0.034
17255,0.059
17256,0.095
17257,0.093
17258,0.044
17259,0.071
17260,-0.073
17261,0.056
17262,0.142
17263,0.046
17264,0.112
17265,-0.056
17266,-0.042
17267,-0.088
17268,-0.068
17269,-0.012
17270,0.076
17271,-0.042
17272,-0.044
17273,0.027
17274,0.11
17275,0.127
17276,0.129
17277,-0.01
17278,0.103
17279,0.066
17280,0.081
17281,-0.002
17282,-0.039
17283,0.051
17284,0.046
17285,0.027
17286,0.063
17287,0.039
17288,0.034
17289,0.01
17290,0.051
17291,0.127
17292,0.098
17293,-0.051
17294,-0.061
17295,-0.032
17296,0.012
17297,-0.027
17298,-0.068
17299,0.017
17300,0.09
17301,0.049
17302,-0.012
17303,-0.078
17304,-0.037
17305,-0.01
17306,0.007
17307,0.017
17308,-0.095
17309,-0.027
17310,0.042
17311,-0.039
17312,-0.134
17313,-0.037
17314,-0.034
17315,-0.171
17316,-0.017
17317,0.022
17318,-0.139
17319,-0.027
17320,-0.059
17321,0.061
17322,0.049
17323,0.081
17324,0.078
17325,-0.051
17326,-0.032
17327,0.022
17328,0.059
17329,0.012
17330,-0.002
17331,-0.037
17332,-0.056
17333,-0.027
17334,0.024
17335,-0.059
17336,-0.078
17337,-0.01
17338,-0.093
17339,-0.095
17340,0.066
17341,0.09
17342,0.068
17343,0.0
17344,0.112
17345,0.046
17346,0.137
17347,0.132
17348,0.11
17349,-0.005
17350,0.044
17351,0.098
17352,0.181
17353,0.054
17354,0.103
17355,0.146
17356,0.005
17357,0.032
17358,0.071
17359,0.063
17360,0.151
17361,0.132
17362,0.002
17363,0.125
17364,0.137
17365,0.046
17366,0.098
17367,0.247
17368,0.1
17369,0.073
17370,0.046
17371,0.059
17372,0.081
17373,-0.029
17374,0.078
17375,0.032
17376,-0.093
17377,0.046
17378,-0.042
17379,0.098
17380,0.085
17381,-0.02
17382,-0.017
17383,0.037
17384,0.088
17385,-0.061
17386,-0.032
17387,0.015
17388,-0.049
17389,0.002
17390,0.098
17391,-0.002
17392,-0.027
17393,0.015
17394,0.051
17395,-0.117
17396,-0.154
17397,-0.051
17398,0.002
17399,-0.117
17400,-0.146
17401,-0.098
17402,-0.115
17403,-0.015
17404,-0.059
17405,-0.073
17406,-0.022
17407,0.017
17408,-0.1
17409,-0.161
17410,-0.063
17411,-0.022
17412,-0.022
17413,0.015
17414,-0.049
17415,-0.017
17416,0.032
17417,-0.017
17418,-0.081
17419,0.063
17420,0.042
17421,0.0
17422,0.01
17423,0.042
17424,0.005
17425,0.029
17426,-0.066
17427,-0.044
17428,-0.081
17429,-0.071
17430,-0.066
17431,-0.024
17432,-0.002
17433,0.042
17434,-0.063
17435,-0.046
17436,0.029
17437,0.1
17438,0.071
17439,-0.037
17440,0.112
17441,0.183
17442,0.051
17443,0.098
17444,0.027
17445,0.154
17446,0.159
17447,-0.005
17448,0.078
17449,0.1
17450,0.063
17451,-0.02
17452,-0.046
17453,-0.032
17454,-0.042
17455,-0.015
17456,0.068
17457,-0.046
17458,-0.017
17459,0.01
17460,0.1
17461,0.049
17462,0.039
17463,0.056
17464,0.103
17465,0.181
17466,0.103
17467,0.029
17468,0.059
17469,0.063
17470,0.054
17471,-0.024
17472,-0.073
17473,-0.015
17474,-0.024
17475,-0.068
17476,-0.056
17477,-0.022
17478,0.093
17479,0.046
17480,0.046
17481,0.005
17482,0.037
17483,-0.056
17484,-0.022
17485,-0.007
17486,-0.005
17487,-0.012
17488,-0.002
17489,-0.049
17490,-0.083
17491,-0.037
17492,-0.027
17493,-0.056
17494,-0.093
17495,-0.137
17496,-0.146
17497,-0.173
17498,-0.105
17499,-0.154
17500,-0.076
17501,-0.103
17502,-0.054
17503,-0.005
17504,-0.029
17505,0.071
17506,0.002
17507,-0.073
17508,-0.042
17509,0.002
17510,0.051
17511,0.059
17512,-0.046
17513,0.012
17514,0.146
17515,0.044
17516,0.066
17517,0.015
17518,0.042
17519,0.01
17520,0.054
17521,0.063
17522,-0.027
17523,-0.034
17524,0.049
17525,-0.024
17526,0.081
17527,0.129
17528,0.122
17529,0.085
17530,-0.002
17531,0.095
17532,0.037
17533,-0.022
17534,-0.029
17535,0.015
17536,0.007
17537,0.122
17538,0.054
17539,0.068
17540,0.09
17541,-0.042
17542,0.024
17543,0.095
17544,0.085
17545,0.017
17546,0.103
17547,0.078
17548,0.044
17549,-0.056
17550,-0.01
17551,-0.107
17552,-0.012
17553,-0.002
17554,0.061
17555,0.088
17556,0.037
17557,-0.022
17558,-0.051
17559,-0.005
17560,-0.029
17561,-0.068
17562,-0.022
17563,0.076
17564,0.02
17565,-0.037
17566,-0.063
17567,-0.02
17568,-0.037
17569,-0.122
17570,0.0
17571,-0.029
17572,-0.01
17573,-0.1
17574,-0.039
17575,-0.081
17576,-0.056
17577,-0.012
17578,-0.076
17579,-0.066
17580,-0.071
17581,-0.046
17582,-0.042
17583,0.051
17584,-0.061
17585,0.007
17586,0.024
17587,-0.029
17588,0.093
17589,0.017
17590,0.063
17591,0.054
17592,-0.027
17593,-0.039
17594,-0.103
17595,-0.02
17596,0.054
17597,-0.034
17598,-0.068
17599,-0.044
17600,-0.085
17601,-0.022
17602,-0.034
17603,0.046
17604,0.002
17605,0.044
17606,0.129
17607,0.002
17608,0.044
17609,0.066
17610,-0.007
17611,0.02
17612,0.017
17613,-0.01
17614,0.066
17615,-0.002
17616,-0.015
17617,-0.029
17618,0.02
17619,0.056
17620,0.049
17621,-0.037
17622,-0.066
17623,-0.071
17624,0.071
17625,0.103
17626,0.144
17627,-0.01
17628,0.002
17629,0.088
17630,0.034
17631,0.027
17632,0.056
17633,0.083
17634,0.039
17635,0.105
17636,0.081
17637,-0.015
17638,-0.022
17639,0.032
17640,0.088
17641,0.029
17642,0.044
17643,0.042
17644,0.061
17645,-0.039
17646,-0.034
17647,-0.02
17648,-0.032
17649,0.022
17650,0.032
17651,-0.024
17652,-0.068
17653,-0.073
17654,0.073
17655,0.029
17656,-0.054
17657,-0.093
17658,-0.044
17659,-0.042
17660,-0.085
17661,-0.088
17662,-0.049
17663,-0.049
17664,-0.071
17665,-0.061
17666,-0.134
17667,-0.083
17668,0.002
17669,0.042
17670,-0.032
17671,-0.015
17672,-0.059
17673,-0.044
17674,0.024
17675,-0.032
17676,-0.066
17677,-0.115
17678,-0.032
17679,0.066
17680,-0.01
17681,-0.061
17682,0.105
17683,0.029
17684,0.056
17685,0.083
17686,-0.02
17687,-0.071
17688,0.044
17689,-0.022
17690,-0.022
17691,-0.034
17692,0.066
17693,0.1
17694,0.024
17695,-0.071
17696,0.02
17697,0.044
17698,0.051
17699,-0.022
17700,-0.054
17701,0.034
17702,0.032
17703,0.027
17704,-0.059
17705,-0.017
17706,0.01
17707,0.046
17708,0.063
17709,0.012
17710,-0.029
17711,0.076
17712,0.049
17713,0.02
17714,0.068
17715,0.017
17716,0.012
17717,0.012
17718,0.01
17719,-0.042
17720,-0.01
17721,0.059
17722,0.034
17723,0.11
17724,0.081
17725,0.034
17726,-0.007
17727,-0.007
17728,-0.027
17729,0.01
17730,0.076
17731,0.1
17732,0.039
17733,0.015
17734,-0.071
17735,-0.044
17736,-0.002
17737,-0.078
17738,-0.071
17739,-0.115
17740,-0.198
17741,-0.115
17742,-0.024
17743,-0.032
17744,-0.037
17745,0.017
17746,0.056
17747,0.024
17748,0.024
17749,-0.024
17750,-0.061
17751,-0.002
17752,0.034
17753,0.073
17754,-0.005
17755,-0.115
17756,-0.049
17757,-0.01
17758,-0.09
17759,-0.132
17760,-0.11
17761,-0.1
17762,-0.093
17763,-0.068
17764,-0.12
17765,-0.015
17766,0.093
17767,0.037
17768,-0.015
17769,-0.034
17770,0.095
17771,0.061
17772,-0.066
17773,-0.029
17774,-0.02
17775,-0.02
17776,0.073
17777,-0.007
17778,-0.037
17779,0.024
17780,0.005
17781,-0.046
17782,-0.034
17783,0.015
17784,0.056
17785,-0.029
17786,-0.037
17787,0.037
17788,-0.012
17789,0.034
17790,0.012
17791,0.034
17792,0.034
17793,0.056
17794,0.049
17795,-0.022
17796,0.034
17797,0.059
17798,0.093
17799,0.032
17800,-0.005
17801,-0.02
17802,0.027
17803,-0.002
17804,-0.034
17805,-0.046
17806,0.088
17807,0.151
17808,-0.066
17809,-0.039
17810,0.024
17811,-0.073
17812,0.01
17813,0.032
17814,-0.042
17815,0.024
17816,0.027
17817,0.022
17818,0.056
17819,-0.122
17820,-0.046
17821,-0.032
17822,-0.107
17823,-0.107
17824,-0.11
17825,-0.073
17826,0.002
17827,0.01
17828,0.044
17829,0.076
17830,0.029
17831,-0.093
17832,-0.022
17833,0.002
17834,-0.046
17835,-0.059
17836,-0.105
17837,-0.061
17838,-0.144
17839,-0.085
17840,-0.11
17841,-0.083
17842,-0.12
17843,-0.056
17844,-0.076
17845,-0.037
17846,0.032
17847,-0.002
17848,-0.11
17849,-0.034
17850,0.002
17851,0.056
17852,-0.002
17853,0.007
17854,0.046
17855,-0.01
17856,-0.081
17857,-0.059
17858,-0.039
17859,-0.027
17860,-0.081
17861,0.002
17862,0.022
17863,-0.022
17864,-0.022
17865,0.007
17866,-0.044
17867,-0.046
17868,-0.012
17869,0.076
17870,0.017
17871,0.029
17872,-0.005
17873,0.066
17874,-0.022
17875,0.024
17876,0.022
17877,0.02
17878,0.032
17879,-0.076
17880,-0.042
17881,0.032
17882,-0.066
17883,-0.095
17884,0.017
17885,0.149
17886,0.098
17887,0.034
17888,-0.029
17889,0.042
17890,0.09
17891,0.022
17892,0.09
17893,-0.098
17894,-0.076
17895,0.088
17896,0.073
17897,-0.044
17898,-0.117
17899,0.024
17900,0.042
17901,0.005
17902,-0.046
17903,-0.054
17904,0.015
17905,0.0
17906,-0.042
17907,-0.093
17908,-0.034
17909,-0.059
17910,0.01
17911,0.012
17912,-0.085
17913,0.051
17914,-0.007
17915,-0.09
17916,-0.042
17917,-0.032
17918,-0.037
17919,-0.012
17920,-0.061
17921,-0.029
17922,-0.024
17923,-0.042
17924,-0.01
17925,-0.081
17926,-0.154
17927,0.012
17928,0.054
17929,-0.022
17930,-0.083
17931,-0.037
17932,-0.02
17933,-0.049
17934,-0.061
17935,-0.042
17936,-0.017
17937,-0.042
17938,-0.066
17939,0.007
17940,-0.083
17941,-0.032
17942,0.032
17943,-0.085
17944,-0.105
17945,-0.01
17946,0.054
17947,0.042
17948,0.015
17949,-0.042
17950,-0.037
17951,0.051
17952,0.2
17953,0.105
17954,0.005
17955,0.049
17956,-0.005
17957,-0.073
17958,-0.017
17959,-0.012
17960,0.073
17961,-0.071
17962,0.002
17963,-0.01
17964,-0.017
17965,-0.068
17966,0.059
17967,0.115
17968,0.042
17969,0.066
17970,-0.024
17971,0.071
17972,0.095
17973,0.093
17974,0.159
17975,0.051
17976,0.029
17977,0.042
17978,0.068
17979,0.076
17980,-0.037
17981,0.0
17982,0.015
17983,0.01
17984,-0.015
17985,-0.01
17986,0.01
17987,-0.002
17988,0.02
17989,0.029
17990,-0.034
17991,-0.015
17992,0.002
17993,-0.073
17994,-0.068
17995,-0.046
17996,0.127
17997,-0.024
17998,-0.095
17999,-0.132
18000,-0.107
18001,0.015
18002,-0.017
18003,-0.151
18004,-0.09
18005,-0.022
18006,0.107
18007,0.01
18008,-0.039
18009,-0.029
18010,0.029
18011,0.046
18012,0.017
18013,-0.095
18014,0.11
18015,0.066
18016,0.017
18017,0.042
18018,-0.11
18019,-0.061
18020,-0.078
18021,-0.032
18022,-0.029
18023,-0.208
18024,-0.081
18025,-0.073
18026,-0.059
18027,-0.085
18028,0.037
18029,0.122
18030,0.154
18031,0.112
18032,0.0
18033,0.088
18034,0.037
18035,-0.056
18036,0.071
18037,0.017
18038,0.02
18039,0.068
18040,0.098
18041,-0.037
18042,-0.039
18043,0.11
18044,0.042
18045,0.063
18046,0.02
18047,-0.081
18048,0.088
18049,0.112
18050,0.063
18051,0.122
18052,-0.049
18053,0.149
18054,0.188
18055,0.024
18056,0.005
18057,0.078
18058,0.088
18059,0.051
18060,0.037
18061,0.037
18062,0.09
18063,0.132
18064,0.005
18065,-0.095
18066,0.083
18067,0.017
18068,-0.059
18069,-0.095
18070,-0.054
18071,-0.02
18072,-0.01
18073,0.015
18074,0.078
18075,0.146
18076,0.024
18077,0.056
18078,0.017
18079,-0.049
18080,0.056
18081,0.029
18082,-0.005
18083,-0.1
18084,-0.071
18085,-0.046
18086,0.02
18087,0.017
18088,-0.051
18089,-0.164
18090,-0.051
18091,-0.142
18092,-0.063
18093,0.076
18094,0.042
18095,-0.137
18096,-0.012
18097,0.198
18098,0.02
18099,-0.107
18100,-0.029
18101,0.024
18102,0.1
18103,0.051
18104,-0.115
18105,-0.081
18106,-0.049
18107,-0.083
18108,-0.044
18109,0.002
18110,0.012
18111,0.083
18112,-0.024
18113,0.051
18114,-0.029
18115,0.081
18116,0.112
18117,-0.044
18118,-0.073
18119,0.105
18120,0.085
18121,-0.022
18122,-0.095
18123,0.005
18124,0.098
18125,0.0
18126,-0.054
18127,0.012
18128,0.027
18129,-0.024
18130,0.129
18131,-0.024
18132,0.022
18133,-0.012
18134,0.044
18135,0.066
18136,0.098
18137,0.117
18138,0.125
18139,0.107
18140,0.081
18141,-0.007
18142,0.054
18143,0.085
18144,0.127
18145,0.073
18146,0.068
18147,0.024
18148,0.042
18149,0.034
18150,0.159
18151,0.171
18152,0.017
18153,0.11
18154,-0.073
18155,0.027
18156,0.11
18157,0.054
18158,-0.054
18159,0.051
18160,0.005
18161,0.029
18162,-0.112
18163,-0.002
18164,-0.037
18165,-0.039
18166,-0.037
18167,-0.061
18168,-0.044
18169,-0.095
18170,-0.085
18171,0.002
18172,-0.042
18173,-0.027
18174,-0.039
18175,-0.093
18176,-0.083
18177,-0.081
18178,-0.154
18179,0.0
18180,-0.051
18181,-0.066
18182,0.032
18183,-0.139
18184,-0.12
18185,-0.061
18186,-0.149
18187,-0.149
18188,0.01
18189,-0.107
18190,-0.076
18191,-0.073
18192,-0.12
18193,0.024
18194,0.156
18195,-0.071
18196,-0.159
18197,-0.112
18198,0.098
18199,0.09
18200,-0.103
18201,-0.044
18202,0.068
18203,-0.037
18204,0.037
18205,-0.027
18206,-0.076
18207,0.164
18208,0.125
18209,-0.076
18210,-0.129
18211,0.068
18212,0.015
18213,-0.007
18214,0.012
18215,0.042
18216,-0.022
18217,0.125
18218,0.027
18219,0.034
18220,0.02
18221,0.034
18222,-0.007
18223,-0.071
18224,0.098
18225,0.134
18226,0.049
18227,0.046
18228,0.0
18229,0.034
18230,0.164
18231,0.046
18232,-0.007
18233,0.037
18234,0.083
18235,0.134
18236,0.017
18237,0.0
18238,0.178
18239,-0.015
18240,0.024
18241,0.151
18242,0.156
18243,0.129
18244,0.078
18245,0.037
18246,0.1
18247,0.015
18248,-0.071
18249,0.059
18250,0.02
18251,0.149
18252,0.137
18253,-0.098
18254,0.022
18255,0.01
18256,0.068
18257,0.076
18258,-0.117
18259,0.022
18260,0.029
18261,-0.076
18262,-0.034
18263,-0.186
18264,-0.071
18265,0.037
18266,-0.098
18267,-0.098
18268,-0.022
18269,-0.029
18270,0.01
18271,-0.054
18272,-0.12
18273,-0.007
18274,0.027
18275,-0.007
18276,-0.125
18277,-0.051
18278,0.012
18279,-0.022
18280,-0.01
18281,-0.12
18282,-0.034
18283,-0.056
18284,-0.173
18285,-0.176
18286,-0.073
18287,-0.063
18288,-0.144
18289,-0.142
18290,-0.168
18291,0.017
18292,-0.071
18293,-0.054
18294,-0.022
18295,0.01
18296,-0.042
18297,-0.081
18298,-0.083
18299,-0.005
18300,-0.027
18301,-0.01
18302,-0.071
18303,-0.09
18304,-0.137
18305,-0.088
18306,-0.007
18307,-0.127
18308,-0.015
18309,-0.051
18310,-0.132
18311,-0.044
18312,0.063
18313,0.088
18314,0.078
18315,0.125
18316,-0.007
18317,0.1
18318,0.146
18319,0.032
18320,0.095
18321,-0.015
18322,0.112
18323,0.125
18324,0.061
18325,0.044
18326,0.173
18327,-0.166
18328,0.059
18329,0.093
18330,-0.039
18331,-0.015
18332,-0.061
18333,0.0
18334,0.156
18335,0.007
18336,-0.073
18337,-0.015
18338,0.144
18339,0.151
18340,-0.017
18341,0.039
18342,0.078
18343,0.005
18344,0.09
18345,-0.024
18346,-0.034
18347,-0.066
18348,-0.164
18349,-0.107
18350,-0.063
18351,-0.193
18352,-0.081
18353,-0.068
18354,-0.098
18355,-0.093
18356,-0.085
18357,0.012
18358,-0.125
18359,-0.039
18360,-0.105
18361,0.12
18362,-0.007
18363,-0.105
18364,-0.024
18365,-0.039
18366,0.012
18367,0.076
18368,-0.059
18369,-0.032
18370,0.024
18371,0.0
18372,-0.122
18373,-0.127
18374,-0.015
18375,-0.002
18376,-0.083
18377,0.002
18378,-0.022
18379,0.056
18380,0.037
18381,0.042
18382,-0.149
18383,0.071
18384,0.073
18385,0.071
18386,0.076
18387,-0.032
18388,-0.054
18389,-0.059
18390,-0.066
18391,-0.022
18392,-0.09
18393,-0.032
18394,-0.02
18395,-0.115
18396,-0.083
18397,-0.049
18398,-0.029
18399,0.017
18400,-0.017
18401,0.068
18402,0.107
18403,-0.046
18404,0.039
18405,0.039
18406,0.115
18407,0.103
18408,-0.078
18409,0.122
18410,0.134
18411,0.107
18412,0.085
18413,-0.046
18414,0.029
18415,0.09
18416,0.032
18417,-0.039
18418,0.078
18419,0.066
18420,0.068
18421,0.01
18422,0.054
18423,0.032
18424,0.063
18425,0.078
18426,0.063
18427,0.107
18428,0.149
18429,-0.039
18430,0.02
18431,0.083
18432,0.029
18433,0.066
18434,0.098
18435,0.054
18436,0.039
18437,0.034
18438,0.081
18439,0.066
18440,-0.002
18441,0.027
18442,0.012
18443,0.029
18444,-0.029
18445,-0.117
18446,-0.022
18447,0.012
18448,-0.054
18449,-0.056
18450,-0.217
18451,-0.127
18452,-0.044
18453,-0.002
18454,0.044
18455,-0.105
18456,-0.144
18457,-0.005
18458,-0.039
18459,-0.022
18460,-0.044
18461,-0.081
18462,0.088
18463,0.034
18464,-0.051
18465,-0.09
18466,-0.085
18467,0.015
18468,0.007
18469,-0.042
18470,-0.056
18471,0.015
18472,-0.007
18473,-0.061
18474,-0.063
18475,0.024
18476,0.068
18477,0.125
18478,0.007
18479,0.049
18480,0.012
18481,0.005
18482,0.066
18483,0.059
18484,0.078
18485,-0.046
18486,0.056
18487,0.029
18488,-0.039
18489,-0.032
18490,0.12
18491,0.122
18492,0.037
18493,-0.034
18494,0.032
18495,0.107
18496,0.029
18497,-0.032
18498,0.073
18499,0.024
18500,0.061
18501,0.098
18502,0.061
18503,0.029
18504,0.071
18505,-0.007
18506,-0.073
18507,-0.073
18508,0.054
18509,-0.007
18510,0.005
18511,-0.037
18512,-0.105
18513,-0.032
18514,-0.068
18515,-0.063
18516,-0.051
18517,-0.022
18518,-0.002
18519,-0.017
18520,0.046
18521,0.024
18522,-0.068
18523,0.01
18524,-0.046
18525,-0.015
18526,0.032
18527,-0.034
18528,-0.046
18529,0.007
18530,-0.066
18531,-0.129
18532,-0.002
18533,-0.027
18534,-0.015
18535,0.042
18536,0.049
18537,-0.044
18538,-0.027
18539,0.054
18540,0.039
18541,0.134
18542,0.166
18543,0.027
18544,-0.027
18545,0.0
18546,-0.046
18547,-0.005
18548,-0.054
18549,0.007
18550,0.007
18551,0.0
18552,-0.061
18553,-0.059
18554,0.024
18555,0.103
18556,0.11
18557,0.039
18558,0.078
18559,0.054
18560,0.037
18561,-0.085
18562,0.029
18563,0.09
18564,0.024
18565,-0.022
18566,-0.056
18567,-0.056
18568,0.127
18569,0.024
18570,-0.005
18571,0.015
18572,-0.027
18573,0.071
18574,0.029
18575,-0.044
18576,0.015
18577,0.11
18578,0.107
18579,0.029
18580,0.015
18581,0.051
18582,0.122
18583,0.078
18584,0.117
18585,0.0
18586,-0.061
18587,-0.024
18588,-0.046
18589,-0.122
18590,-0.117
18591,-0.144
18592,-0.139
18593,-0.046
18594,0.01
18595,-0.034
18596,-0.039
18597,0.088
18598,0.015
18599,0.002
18600,0.112
18601,0.024
18602,-0.103
18603,-0.063
18604,0.002
18605,0.02
18606,-0.024
18607,-0.051
18608,-0.007
18609,-0.137
18610,-0.093
18611,-0.085
18612,-0.037
18613,-0.085
18614,-0.139
18615,-0.032
18616,-0.078
18617,-0.037
18618,0.034
18619,0.083
18620,-0.01
18621,-0.081
18622,0.007
18623,0.015
18624,-0.088
18625,-0.015
18626,-0.049
18627,-0.103
18628,-0.073
18629,-0.129
18630,-0.176
18631,-0.112
18632,-0.085
18633,-0.081
18634,-0.134
18635,-0.129
18636,0.002
18637,-0.012
18638,0.024
18639,-0.017
18640,-0.046
18641,-0.02
18642,0.095
18643,0.007
18644,-0.039
18645,-0.02
18646,-0.1
18647,0.0
18648,-0.105
18649,-0.032
18650,0.007
18651,-0.01
18652,-0.085
18653,-0.105
18654,0.022
18655,-0.01
18656,-0.005
18657,-0.054
18658,-0.032
18659,0.0
18660,0.095
18661,-0.032
18662,0.022
18663,0.078
18664,0.02
18665,0.142
18666,0.032
18667,0.005
18668,-0.024
18669,0.034
18670,0.127
18671,0.073
18672,0.049
18673,-0.012
18674,-0.054
18675,-0.007
18676,-0.02
18677,0.066
18678,0.015
18679,0.027
18680,0.049
18681,0.061
18682,-0.076
18683,-0.01
18684,0.007
18685,-0.032
18686,-0.051
18687,-0.078
18688,-0.105
18689,-0.042
18690,-0.017
18691,-0.049
18692,-0.034
18693,-0.132
18694,-0.073
18695,-0.024
18696,-0.19
18697,-0.049
18698,-0.095
18699,0.01
18700,-0.037
18701,0.027
18702,-0.039
18703,-0.027
18704,-0.007
18705,-0.024
18706,0.01
18707,-0.042
18708,-0.059
18709,-0.017
18710,-0.068
18711,0.015
18712,-0.066
18713,-0.12
18714,-0.005
18715,-0.112
18716,-0.171
18717,-0.098
18718,-0.063
18719,0.044
18720,-0.051
18721,-0.012
18722,-0.051
18723,-0.022
18724,0.095
18725,-0.037
18726,-0.09
18727,0.103
18728,-0.007
18729,-0.142
18730,-0.1
18731,-0.022
18732,0.015
18733,-0.005
18734,0.01
18735,-0.012
18736,-0.046
18737,-0.049
18738,0.042
18739,-0.027
18740,0.046
18741,0.103
18742,0.024
18743,0.122
18744,-0.054
18745,-0.012
18746,-0.046
18747,-0.007
18748,0.186
18749,0.151
18750,-0.115
18751,-0.115
18752,-0.137
18753,-0.017
18754,-0.054
18755,-0.076
18756,-0.039
18757,-0.068
18758,-0.127
18759,-0.032
18760,0.061
18761,0.051
18762,0.078
18763,0.037
18764,0.139
18765,0.046
18766,0.051
18767,-0.007
18768,0.039
18769,-0.017
18770,0.049
18771,-0.022
18772,-0.044
18773,0.002
18774,-0.044
18775,-0.085
18776,-0.09
18777,0.034
18778,-0.032
18779,-0.132
18780,-0.039
18781,0.059
18782,0.022
18783,-0.007
18784,0.049
18785,0.007
18786,0.007
18787,-0.01
18788,-0.071
18789,-0.01
18790,-0.051
18791,-0.056
18792,0.027
18793,-0.044
18794,0.0
18795,0.032
18796,-0.039
18797,-0.022
18798,-0.044
18799,0.137
18800,0.107
18801,-0.073
18802,-0.103
18803,0.044
18804,0.083
18805,0.117
18806,-0.005
18807,-0.012
18808,-0.024
18809,0.166
18810,0.034
18811,-0.073
18812,-0.081
18813,0.005
18814,0.022
18815,-0.032
18816,-0.044
18817,-0.042
18818,0.095
18819,0.029
18820,-0.044
18821,-0.007
18822,0.039
18823,0.054
18824,0.081
18825,0.144
18826,0.034
18827,0.022
18828,0.085
18829,0.183
18830,0.088
18831,0.032
18832,0.127
18833,0.088
18834,0.073
18835,0.022
18836,0.098
18837,0.032
18838,0.044
18839,0.046
18840,0.068
18841,0.071
18842,0.056
18843,0.068
18844,0.146
18845,-0.042
18846,0.002
18847,0.051
18848,-0.012
18849,0.029
18850,-0.042
18851,-0.002
18852,-0.032
18853,-0.081
18854,0.027
18855,-0.088
18856,-0.049
18857,0.066
18858,0.0
18859,0.046
18860,0.066
18861,0.073
18862,0.037
18863,0.061
18864,0.132
18865,0.071
18866,-0.081
18867,-0.042
18868,0.073
18869,-0.017
18870,-0.115
18871,-0.088
18872,-0.076
18873,-0.042
18874,-0.066
18875,-0.134
18876,-0.037
18877,-0.063
18878,-0.056
18879,0.0
18880,-0.098
18881,0.005
18882,0.142
18883,0.049
18884,0.093
18885,-0.095
18886,0.107
18887,-0.039
18888,-0.032
18889,-0.061
18890,-0.012
18891,0.039
18892,0.015
18893,0.11
18894,0.068
18895,-0.051
18896,0.007
18897,-0.085
18898,-0.11
18899,0.032
18900,0.061
18901,0.051
18902,-0.115
18903,-0.083
18904,0.103
18905,0.181
18906,0.01
18907,0.066
18908,0.024
18909,0.042
18910,0.085
18911,0.027
18912,0.103
18913,-0.083
18914,-0.066
18915,0.044
18916,0.015
18917,0.125
18918,0.027
18919,-0.007
18920,0.117
18921,0.166
18922,0.017
18923,0.078
18924,0.19
18925,0.073
18926,0.059
18927,0.09
18928,0.107
18929,0.066
18930,0.054
18931,0.051
18932,-0.002
18933,-0.017
18934,0.022
18935,0.073
18936,0.056
18937,-0.02
18938,-0.034
18939,-0.044
18940,-0.034
18941,0.022
18942,0.098
18943,0.078
18944,0.129
18945,0.051
18946,-0.029
18947,0.129
18948,0.034
18949,-0.007
18950,0.034
18951,-0.117
18952,0.01
18953,0.02
18954,0.002
18955,-0.054
18956,-0.061
18957,0.022
18958,-0.063
18959,0.127
18960,0.037
18961,-0.027
18962,0.066
18963,0.0
18964,0.042
18965,0.09
18966,0.042
18967,-0.098
18968,-0.066
18969,-0.051
18970,0.027
18971,0.063
18972,-0.063
18973,0.007
18974,-0.042
18975,0.005
18976,-0.129
18977,0.044
18978,0.002
18979,-0.042
18980,-0.12
18981,0.017
18982,0.066
18983,0.09
18984,-0.029
18985,0.037
18986,-0.076
18987,0.039
18988,-0.037
18989,-0.056
18990,-0.029
18991,0.076
18992,0.007
18993,-0.024
18994,-0.166
18995,0.017
18996,0.076
18997,-0.049
18998,-0.051
18999,-0.088
19000,-0.024
19001,0.1
19002,0.044
19003,-0.02
19004,0.11
19005,0.0
19006,-0.022
19007,-0.007
19008,0.015
19009,0.076
19010,0.054
19011,0.015
19012,-0.012
19013,-0.146
19014,0.071
19015,0.056
19016,0.032
19017,-0.076
19018,0.034
19019,0.208
19020,0.132
19021,-0.015
19022,0.112
19023,0.181
19024,0.063
19025,0.098
19026,0.139
19027,0.129
19028,0.037
19029,-0.12
19030,-0.083
19031,0.066
19032,-0.1
19033,-0.095
19034,-0.137
19035,-0.056
19036,-0.017
19037,-0.1
19038,-0.122
19039,-0.066
19040,-0.039
19041,-0.042
19042,0.103
19043,-0.044
19044,-0.146
19045,0.02
19046,0.046
19047,0.066
19048,-0.002
19049,-0.046
19050,0.007
19051,0.027
19052,0.046
19053,0.005
19054,-0.007
19055,-0.017
19056,-0.022
19057,0.0
19058,0.09
19059,-0.046
19060,0.01
19061,0.059
19062,0.022
19063,-0.022
19064,0.11
19065,0.115
19066,0.032
19067,0.046
19068,-0.037
19069,-0.059
19070,0.015
19071,-0.017
19072,0.017
19073,-0.073
19074,-0.095
19075,0.01
19076,-0.044
19077,-0.171
19078,0.0
19079,0.015
19080,-0.005
19081,-0.049
19082,-0.107
19083,0.083
19084,0.112
19085,0.078
19086,0.137
19087,-0.02
19088,0.017
19089,0.034
19090,-0.076
19091,-0.032
19092,0.005
19093,0.09
19094,0.049
19095,-0.017
19096,0.063
19097,-0.022
19098,0.063
19099,0.044
19100,-0.083
19101,0.056
19102,-0.017
19103,-0.054
19104,0.066
19105,0.054
19106,0.015
19107,0.061
19108,-0.042
19109,0.029
19110,0.088
19111,-0.01
19112,-0.066
19113,-0.095
19114,-0.037
19115,0.015
19116,-0.024
19117,-0.122
19118,-0.127
19119,0.0
19120,0.022
19121,0.078
19122,-0.085
19123,-0.022
19124,0.076
19125,0.081
19126,-0.005
19127,-0.029
19128,0.066
19129,-0.007
19130,-0.017
19131,-0.056
19132,-0.071
19133,0.042
19134,-0.051
19135,-0.034
19136,0.0
19137,-0.1
19138,-0.134
19139,-0.127
19140,-0.081
19141,-0.046
19142,-0.076
19143,-0.029
19144,0.046
19145,0.024
19146,-0.054
19147,-0.002
19148,0.0
19149,-0.044
19150,0.017
19151,-0.042
19152,-0.012
19153,-0.127
19154,-0.144
19155,-0.037
19156,-0.098
19157,-0.046
19158,-0.042
19159,-0.034
19160,-0.015
19161,-0.042
19162,0.0
19163,0.083
19164,-0.02
19165,0.076
19166,0.039
19167,0.056
19168,0.103
19169,0.039
19170,-0.024
19171,-0.046
19172,0.039
19173,0.0
19174,-0.09
19175,-0.095
19176,-0.098
19177,-0.027
19178,-0.029
19179,-0.12
19180,-0.071
19181,-0.01
19182,-0.002
19183,0.056
19184,-0.068
19185,0.059
19186,0.002
19187,-0.061
19188,0.027
19189,0.002
19190,-0.024
19191,-0.015
19192,0.002
19193,0.093
19194,-0.024
19195,0.02
19196,0.0
19197,-0.046
19198,-0.002
19199,-0.042
19200,0.034
19201,0.168
19202,0.2
19203,0.063
19204,0.0
19205,0.012
19206,0.012
19207,0.027
19208,-0.078
19209,-0.01
19210,-0.049
19211,-0.029
19212,-0.156
19213,-0.203
19214,-0.049
19215,-0.056
19216,-0.076
19217,0.002
19218,-0.095
19219,-0.015
19220,-0.054
19221,-0.063
19222,-0.032
19223,-0.034
19224,-0.076
19225,-0.11
19226,-0.103
19227,-0.01
19228,0.039
19229,0.059
19230,-0.02
19231,-0.078
19232,-0.088
19233,0.02
19234,0.066
19235,0.088
19236,-0.037
19237,-0.044
19238,-0.044
19239,-0.095
19240,-0.085
19241,-0.115
19242,-0.056
19243,0.044
19244,0.063
19245,-0.164
19246,0.029
19247,-0.01
19248,-0.11
19249,0.042
19250,0.037
19251,-0.176
19252,-0.005
19253,0.007
19254,-0.1
19255,-0.085
19256,-0.142
19257,-0.007
19258,-0.027
19259,-0.164
19260,-0.073
19261,-0.054
19262,-0.029
19263,0.012
19264,-0.024
19265,-0.088
19266,0.068
19267,0.139
19268,0.127
19269,0.103
19270,0.144
19271,0.061
19272,0.093
19273,0.095
19274,0.12
19275,0.029
19276,-0.022
19277,-0.081
19278,0.034
19279,0.005
19280,-0.117
19281,-0.066
19282,-0.059
19283,-0.01
19284,0.002
19285,-0.051
19286,-0.107
19287,-0.054
19288,0.054
19289,0.093
19290,0.088
19291,-0.056
19292,-0.073
19293,-0.046
19294,-0.017
19295,-0.095
19296,-0.146
19297,-0.024
19298,-0.002
19299,0.039
19300,-0.046
19301,-0.095
19302,0.02
19303,0.076
19304,0.0
19305,-0.015
19306,-0.007
19307,0.034
19308,0.024
19309,0.01
19310,-0.032
19311,0.044
19312,0.005
19313,-0.071
19314,-0.037
19315,0.015
19316,0.042
19317,0.01
19318,-0.042
19319,-0.063
19320,0.01
19321,0.046
19322,-0.049
19323,-0.024
19324,-0.005
19325,0.105
19326,0.01
19327,-0.01
19328,0.02
19329,0.034
19330,0.049
19331,0.005
19332,0.01
19333,-0.046
19334,-0.073
19335,-0.046
19336,-0.11
19337,-0.071
19338,0.032
19339,0.049
19340,-0.076
19341,-0.107
19342,-0.039
19343,0.017
19344,0.015
19345,-0.005
19346,0.015
19347,0.037
19348,0.078
19349,0.095
19350,0.098
19351,0.042
19352,0.115
19353,0.217
19354,-0.032
19355,-0.066
19356,-0.02
19357,-0.039
19358,-0.078
19359,-0.122
19360,0.029
19361,0.01
19362,0.007
19363,0.037
19364,0.022
19365,0.098
19366,0.1
19367,0.046
19368,0.081
19369,0.044
19370,0.059
19371,0.044
19372,0.0
19373,0.115
19374,0.037
19375,0.085
19376,0.024
19377,0.042
19378,-0.039
19379,-0.01
19380,-0.034
19381,-0.044
19382,-0.034
19383,0.027
19384,-0.056
19385,0.015
19386,0.103
19387,-0.015
19388,-0.068
19389,0.115
19390,0.029
19391,0.0
19392,0.007
19393,-0.02
19394,0.063
19395,0.032
19396,-0.122
19397,0.0
19398,0.061
19399,0.039
19400,-0.063
19401,-0.02
19402,-0.132
19403,-0.081
19404,-0.068
19405,-0.007
19406,0.061
19407,0.037
19408,-0.049
19409,-0.054
19410,-0.042
19411,-0.049
19412,-0.022
19413,0.056
19414,-0.027
19415,0.066
19416,0.037
19417,0.032
19418,0.002
19419,-0.059
19420,-0.017
19421,-0.037
19422,-0.103
19423,0.125
19424,0.12
19425,0.007
19426,-0.076
19427,0.042
19428,-0.046
19429,0.059
19430,-0.088
19431,-0.005
19432,0.09
19433,0.129
19434,0.022
19435,0.117
19436,0.095
19437,0.078
19438,0.071
19439,0.029
19440,0.044
19441,0.002
19442,0.046
19443,0.046
19444,0.027
19445,-0.037
19446,-0.063
19447,0.027
19448,0.044
19449,-0.071
19450,0.059
19451,0.105
19452,0.017
19453,0.081
19454,-0.017
19455,0.061
19456,0.068
19457,-0.024
19458,-0.005
19459,0.056
19460,0.068
19461,0.015
19462,0.068
19463,0.073
19464,-0.068
19465,0.098
19466,0.022
19467,-0.059
19468,-0.161
19469,0.044
19470,0.105
19471,-0.046
19472,-0.09
19473,0.054
19474,0.012
19475,0.083
19476,0.032
19477,-0.095
19478,-0.068
19479,-0.032
19480,0.0
19481,-0.046
19482,-0.046
19483,-0.002
19484,0.005
19485,-0.044
19486,0.068
19487,0.046
19488,0.032
19489,0.054
19490,0.01
19491,0.059
19492,-0.071
19493,0.076
19494,0.11
19495,-0.09
19496,-0.076
19497,-0.063
19498,0.095
19499,0.1
19500,-0.02
19501,-0.044
19502,-0.046
19503,0.125
19504,0.046
19505,0.034
19506,0.032
19507,0.054
19508,0.061
19509,0.044
19510,-0.085
19511,-0.054
19512,-0.024
19513,0.007
19514,0.007
19515,0.081
19516,0.054
19517,-0.029
19518,-0.056
19519,-0.029
19520,0.017
19521,0.037
19522,-0.002
19523,0.007
19524,-0.059
19525,-0.09
19526,0.024
19527,-0.012
19528,0.024
19529,-0.007
19530,0.071
19531,0.059
19532,0.068
19533,0.098
19534,0.051
19535,0.037
19536,0.132
19537,0.002
19538,0.061
19539,0.039
19540,0.076
19541,-0.051
19542,-0.042
19543,-0.015
19544,0.022
19545,-0.046
19546,-0.076
19547,0.056
19548,0.083
19549,0.044
19550,-0.037
19551,-0.037
19552,0.066
19553,0.061
19554,-0.017
19555,-0.046
19556,-0.015
19557,-0.037
19558,-0.1
19559,-0.125
19560,-0.029
19561,-0.012
19562,-0.049
19563,0.015
19564,-0.093
19565,-0.083
19566,0.081
19567,-0.032
19568,-0.107
19569,-0.066
19570,-0.037
19571,0.017
19572,-0.098
19573,-0.054
19574,-0.022
19575,0.0
19576,0.068
19577,0.027
19578,-0.068
19579,-0.071
19580,-0.066
19581,-0.002
19582,-0.002
19583,0.024
19584,0.015
19585,0.032
19586,0.027
19587,-0.073
19588,-0.095
19589,0.103
19590,0.044
19591,0.005
19592,0.09
19593,0.083
19594,0.117
19595,0.056
19596,0.127
19597,0.068
19598,0.059
19599,0.09
19600,0.12
19601,-0.037
19602,0.029
19603,-0.024
19604,-0.088
19605,0.051
19606,0.01
19607,-0.127
19608,0.103
19609,0.068
19610,0.125
19611,0.029
19612,-0.002
19613,0.156
19614,0.068
19615,0.105
19616,0.115
19617,-0.02
19618,0.132
19619,-0.017
19620,-0.005
19621,-0.024
19622,0.039
19623,0.125
19624,0.005
19625,-0.015
19626,0.115
19627,0.027
19628,-0.11
19629,0.005
19630,0.037
19631,-0.042
19632,0.024
19633,0.029
19634,0.09
19635,-0.007
19636,-0.056
19637,-0.017
19638,0.068
19639,-0.017
19640,0.01
19641,-0.12
19642,-0.056
19643,-0.051
19644,-0.09
19645,-0.095
19646,-0.137
19647,-0.017
19648,0.039
19649,-0.01
19650,-0.122
19651,-0.046
19652,-0.034
19653,0.044
19654,0.005
19655,-0.076
19656,0.039
19657,-0.024
19658,-0.049
19659,0.042
19660,-0.002
19661,-0.049
19662,0.017
19663,0.073
19664,0.015
19665,0.081
19666,0.037
19667,-0.029
19668,-0.061
19669,-0.059
19670,-0.09
19671,0.078
19672,-0.017
19673,-0.063
19674,0.051
19675,0.051
19676,-0.059
19677,0.081
19678,0.017
19679,0.024
19680,-0.02
19681,0.024
19682,0.007
19683,-0.054
19684,-0.042
19685,-0.002
19686,0.022
19687,-0.015
19688,0.063
19689,0.083
19690,0.017
19691,0.117
19692,-0.015
19693,0.005
19694,-0.042
19695,0.024
19696,0.103
19697,0.032
19698,-0.037
19699,0.022
19700,0.005
19701,-0.024
19702,-0.093
19703,-0.017
19704,0.125
19705,0.015
19706,-0.095
19707,0.032
19708,-0.076
19709,-0.063
19710,0.137
19711,-0.078
19712,0.054
19713,0.242
19714,0.051
19715,-0.042
19716,0.076
19717,0.129
19718,0.134
19719,-0.061
19720,-0.056
19721,-0.01
19722,0.022
19723,0.046
19724,0.059
19725,-0.173
19726,-0.154
19727,-0.037
19728,-0.105
19729,-0.09
19730,-0.059
19731,-0.059
19732,-0.063
19733,-0.154
19734,-0.032
19735,0.039
19736,-0.037
19737,-0.085
19738,-0.085
19739,0.051
19740,0.063
19741,-0.042
19742,-0.085
19743,-0.088
19744,0.012
19745,-0.01
19746,-0.151
19747,-0.176
19748,-0.125
19749,0.044
19750,-0.054
19751,-0.029
19752,0.068
19753,-0.005
19754,-0.024
19755,-0.005
19756,0.044
19757,-0.005
19758,-0.127
19759,0.127
19760,0.081
19761,-0.046
19762,0.168
19763,0.076
19764,-0.088
19765,-0.125
19766,-0.137
19767,0.071
19768,0.01
19769,-0.151
19770,-0.007
19771,-0.002
19772,-0.046
19773,-0.002
19774,-0.071
19775,0.068
19776,0.049
19777,0.112
19778,0.129
19779,-0.034
19780,-0.054
19781,0.002
19782,0.007
19783,-0.081
19784,0.022
19785,0.051
19786,0.129
19787,0.066
19788,-0.059
19789,0.005
19790,0.02
19791,0.046
19792,0.015
19793,0.068
19794,0.139
19795,0.122
19796,0.037
19797,0.022
19798,-0.015
19799,0.083
19800,0.024
19801,-0.032
19802,0.022
19803,-0.073
19804,-0.1
19805,-0.098
19806,0.007
19807,-0.056
19808,-0.146
19809,-0.049
19810,-0.051
19811,0.046
19812,-0.029
19813,-0.032
19814,-0.027
19815,-0.081
19816,-0.027
19817,-0.073
19818,-0.081
19819,0.054
19820,-0.09
19821,-0.073
19822,-0.029
19823,0.01
19824,0.039
19825,-0.12
19826,-0.027
19827,-0.098
19828,-0.083
19829,-0.078
19830,-0.12
19831,-0.132
19832,-0.059
19833,0.071
19834,0.12
19835,0.071
19836,-0.042
19837,0.017
19838,0.09
19839,-0.032
19840,-0.059
19841,0.005
19842,0.054
19843,0.024
19844,0.051
19845,-0.115
19846,-0.059
19847,-0.034
19848,-0.022
19849,-0.034
19850,-0.007
19851,-0.034
19852,0.085
19853,0.037
19854,0.039
19855,0.042
19856,-0.107
19857,0.076
19858,0.037
19859,0.068
19860,0.046
19861,-0.066
19862,-0.034
19863,0.054
19864,0.012
19865,-0.029
19866,-0.017
19867,-0.095
19868,-0.078
19869,-0.017
19870,-0.063
19871,0.01
19872,-0.095
19873,0.017
19874,0.151
19875,-0.083
19876,0.037
19877,0.022
19878,0.122
19879,0.056
19880,0.066
19881,0.098
19882,0.068
19883,-0.037
19884,0.037
19885,0.029
19886,-0.022
19887,-0.049
19888,-0.01
19889,0.066
19890,-0.059
19891,-0.107
19892,0.01
19893,0.066
19894,-0.024
19895,-0.007
19896,0.085
19897,-0.032
19898,-0.017
19899,0.02
19900,-0.078
19901,-0.117
19902,-0.071
19903,-0.01
19904,-0.046
19905,-0.117
19906,-0.085
19907,-0.105
19908,-0.164
19909,-0.054
19910,-0.083
19911,-0.098
19912,0.017
19913,0.098
19914,-0.024
19915,-0.029
19916,-0.034
19917,0.046
19918,-0.002
19919,-0.076
19920,-0.005
19921,0.068
19922,0.093
19923,0.034
19924,-0.056
19925,0.002
19926,-0.051
19927,0.039
19928,-0.085
19929,-0.146
19930,0.005
19931,0.017
19932,-0.037
19933,0.02
19934,-0.01
19935,0.073
19936,0.022
19937,0.037
19938,0.098
19939,-0.005
19940,-0.017
19941,0.027
19942,-0.017
19943,-0.044
19944,0.0
19945,0.029
19946,-0.032
19947,-0.01
19948,0.034
19949,0.017
19950,-0.037
19951,0.015
19952,-0.02
19953,0.066
19954,0.112
19955,0.0
19956,0.117
19957,0.056
19958,0.029
19959,0.029
19960,0.005
19961,0.068
19962,0.132
19963,0.027
19964,0.042
19965,0.017
19966,0.061
19967,0.059
19968,0.054
19969,0.015
19970,-0.054
19971,0.032
19972,0.049
19973,-0.088
19974,0.007
19975,-0.007
19976,0.081
19977,0.027
19978,0.09
19979,0.073
19980,0.068
19981,0.032
19982,-0.005
19983,-0.012
19984,0.005
19985,0.017
19986,-0.022
19987,-0.078
19988,-0.01
19989,-0.012
19990,0.002
19991,-0.09
19992,-0.068
19993,-0.068
19994,-0.073
19995,0.01
19996,0.002
19997,-0.039
19998,-0.034
19999,-0.029
20000,0.005
20001,-0.049
20002,-0.034
20003,-0.024
20004,-0.017
20005,-0.1
20006,-0.073
20007,-0.046
20008,-0.12
20009,-0.044
20010,-0.046
20011,-0.081
20012,-0.039
20013,0.073
20014,-0.034
20015,-0.063
20016,-0.034
20017,0.056
20018,-0.117
20019,-0.088
20020,0.022
20021,-0.054
20022,-0.056
20023,-0.029
20024,-0.081
20025,0.032
20026,0.022
20027,-0.042
20028,-0.037
20029,0.002
20030,0.037
20031,-0.068
20032,-0.09
20033,0.029
20034,0.039
20035,-0.005
20036,-0.002
20037,-0.027
20038,0.051
20039,0.159
20040,0.085
20041,0.02
20042,0.12
20043,0.11
20044,0.049
20045,0.027
20046,-0.046
20047,-0.056
20048,0.017
20049,-0.007
20050,-0.01
20051,-0.034
20052,0.071
20053,0.039
20054,-0.046
20055,0.034
20056,0.078
20057,-0.007
20058,0.066
20059,0.012
20060,0.161
20061,0.076
20062,0.007
20063,-0.005
20064,0.059
20065,0.024
20066,-0.002
20067,-0.029
20068,-0.002
20069,0.063
20070,-0.085
20071,0.032
20072,0.027
20073,-0.154
20074,-0.09
20075,-0.032
20076,0.029
20077,-0.044
20078,-0.024
20079,-0.029
20080,-0.056
20081,0.049
20082,0.01
20083,-0.073
20084,0.024
20085,0.042
20086,0.059
20087,0.024
20088,0.01
20089,-0.032
20090,-0.164
20091,-0.054
20092,-0.002
20093,-0.024
20094,-0.081
20095,-0.093
20096,-0.037
20097,-0.032
20098,-0.024
20099,-0.068
20100,0.044
20101,0.095
20102,0.012
20103,-0.024
20104,-0.005
20105,0.022
20106,-0.046
20107,0.088
20108,-0.056
20109,0.083
20110,0.083
20111,0.015
20112,0.022
20113,-0.037
20114,0.09
20115,0.095
20116,0.098
20117,0.027
20118,-0.032
20119,0.032
20120,-0.007
20121,0.024
20122,0.073
20123,0.046
20124,0.088
20125,0.054
20126,-0.034
20127,0.063
20128,-0.039
20129,0.056
20130,0.024
20131,0.022
20132,0.002
20133,0.029
20134,0.103
20135,0.073
20136,-0.105
20137,-0.066
20138,0.132
20139,-0.049
20140,-0.085
20141,0.029
20142,0.015
20143,0.005
20144,0.02
20145,0.044
20146,-0.005
20147,0.039
20148,0.107
20149,0.112
20150,-0.029
20151,-0.022
20152,0.122
20153,0.076
20154,-0.029
20155,-0.022
20156,0.063
20157,0.027
20158,0.039
20159,0.005
20160,0.034
20161,-0.022
20162,0.017
20163,0.071
20164,0.078
20165,0.044
20166,-0.024
20167,0.015
20168,-0.022
20169,-0.1
20170,0.0
20171,-0.002
20172,-0.061
20173,-0.076
20174,-0.049
20175,-0.002
20176,0.049
20177,-0.073
20178,-0.046
20179,-0.049
20180,0.051
20181,0.093
20182,-0.042
20183,0.01
20184,0.051
20185,-0.073
20186,0.0
20187,-0.01
20188,-0.022
20189,-0.015
20190,-0.137
20191,-0.083
20192,-0.066
20193,-0.002
20194,0.024
20195,-0.083
20196,0.017
20197,0.02
20198,0.005
20199,0.056
20200,0.01
20201,0.017
20202,0.078
20203,0.183
20204,-0.002
20205,-0.007
20206,0.093
20207,0.015
20208,0.144
20209,-0.024
20210,0.068
20211,0.083
20212,0.012
20213,0.024
20214,0.088
20215,0.017
20216,0.051
20217,-0.002
20218,0.093
20219,0.078
20220,0.081
20221,0.068
20222,0.027
20223,-0.015
20224,0.21
20225,-0.007
20226,-0.005
20227,-0.068
20228,0.034
20229,0.183
20230,0.0
20231,0.117
20232,0.017
20233,0.02
20234,0.149
20235,0.005
20236,-0.012
20237,0.032
20238,0.183
20239,0.044
20240,-0.017
20241,-0.015
20242,-0.125
20243,0.1
20244,0.056
20245,-0.112
20246,-0.051
20247,0.059
20248,0.034
20249,0.0
20250,-0.071
20251,0.029
20252,-0.085
20253,-0.046
20254,-0.098
20255,-0.139
20256,-0.032
20257,0.022
20258,-0.007
20259,-0.144
20260,-0.088
20261,0.029
20262,0.056
20263,0.029
20264,-0.02
20265,-0.027
20266,0.034
20267,0.039
20268,-0.081
20269,-0.024
20270,0.1
20271,-0.046
20272,-0.01
20273,-0.066
20274,0.0
20275,0.027
20276,-0.159
20277,0.02
20278,0.078
20279,-0.076
20280,0.066
20281,-0.034
20282,0.02
20283,0.117
20284,-0.054
20285,0.022
20286,0.032
20287,-0.071
20288,-0.046
20289,-0.132
20290,-0.093
20291,-0.029
20292,-0.034
20293,0.081
20294,-0.098
20295,-0.095
20296,-0.002
20297,-0.059
20298,-0.063
20299,-0.01
20300,0.1
20301,0.154
20302,-0.02
20303,0.059
20304,0.034
20305,-0.017
20306,0.107
20307,0.127
20308,-0.027
20309,0.088
20310,-0.01
20311,0.022
20312,0.073
20313,-0.029
20314,-0.039
20315,0.01
20316,0.051
20317,-0.017
20318,-0.054
20319,0.01
20320,0.0
20321,0.105
20322,0.127
20323,-0.129
20324,-0.037
20325,0.093
20326,-0.007
20327,-0.081
20328,-0.083
20329,0.032
20330,0.029
20331,-0.059
20332,-0.078
20333,-0.056
20334,-0.017
20335,-0.005
20336,-0.042
20337,-0.107
20338,-0.063
20339,-0.02
20340,-0.105
20341,0.007
20342,-0.01
20343,-0.076
20344,-0.01
20345,-0.005
20346,0.051
20347,0.037
20348,0.049
20349,0.11
20350,0.024
20351,0.012
20352,-0.029
20353,-0.012
20354,-0.095
20355,-0.063
20356,-0.027
20357,-0.044
20358,-0.029
20359,-0.061
20360,-0.1
20361,-0.005
20362,-0.029
20363,-0.024
20364,-0.107
20365,-0.083
20366,0.034
20367,0.068
20368,-0.01
20369,-0.117
20370,-0.029
20371,0.022
20372,-0.063
20373,-0.005
20374,-0.061
20375,-0.032
20376,-0.022
20377,0.059
20378,0.071
20379,0.024
20380,-0.085
20381,0.076
20382,0.076
20383,0.051
20384,0.024
20385,0.032
20386,0.105
20387,0.073
20388,0.012
20389,-0.127
20390,0.056
20391,0.012
20392,0.0
20393,0.083
20394,0.024
20395,0.042
20396,0.015
20397,0.081
20398,0.098
20399,-0.034
20400,0.146
20401,0.029
20402,0.061
20403,0.181
20404,0.034
20405,-0.017
20406,0.042
20407,0.151
20408,0.081
20409,-0.088
20410,-0.046
20411,0.0
20412,0.039
20413,-0.083
20414,-0.042
20415,-0.059
20416,0.015
20417,-0.007
20418,-0.117
20419,-0.056
20420,-0.066
20421,0.002
20422,-0.103
20423,-0.081
20424,0.024
20425,0.044
20426,-0.002
20427,0.034
20428,-0.081
20429,-0.017
20430,0.017
20431,-0.012
20432,0.032
20433,-0.095
20434,-0.029
20435,0.042
20436,-0.112
20437,-0.073
20438,-0.081
20439,-0.049
20440,-0.085
20441,0.022
20442,-0.078
20443,-0.034
20444,-0.073
20445,-0.1
20446,0.029
20447,0.032
20448,-0.049
20449,0.051
20450,0.044
20451,0.066
20452,0.088
20453,-0.071
20454,-0.044
20455,0.09
20456,0.034
20457,-0.066
20458,-0.027
20459,-0.029
20460,0.015
20461,-0.076
20462,-0.081
20463,-0.027
20464,0.027
20465,0.11
20466,0.015
20467,0.081
20468,0.156
20469,0.063
20470,0.132
20471,-0.12
20472,-0.073
20473,0.022
20474,-0.056
20475,-0.063
20476,0.063
20477,0.107
20478,0.11
