,0.027
0,-0.088
1,-0.112
2,-0.061
3,-0.161
4,-0.061
5,0.015
6,0.0
7,0.037
8,0.105
9,0.029
10,-0.017
11,0.005
12,-0.027
13,0.007
14,0.061
15,0.027
16,-0.063
17,0.01
18,-0.142
19,0.046
20,-0.032
21,-0.144
22,-0.061
23,0.061
24,0.02
25,0.042
26,0.034
27,-0.002
28,-0.002
29,-0.049
30,0.017
31,-0.046
32,0.0
33,0.1
34,-0.027
35,-0.029
36,0.02
37,-0.054
38,-0.173
39,-0.139
40,0.093
41,0.015
42,0.0
43,-0.017
44,0.125
45,0.029
46,0.112
47,0.125
48,0.1
49,0.061
50,0.071
51,0.054
52,0.09
53,0.093
54,0.027
55,0.054
56,0.056
57,0.032
58,0.073
59,0.012
60,0.042
61,-0.01
62,0.054
63,0.068
64,0.151
65,-0.054
66,-0.022
67,0.161
68,0.049
69,0.098
70,0.012
71,0.071
72,0.1
73,0.012
74,-0.01
75,-0.09
76,-0.059
77,-0.01
78,-0.012
79,0.061
80,-0.054
81,-0.19
82,-0.01
83,0.027
84,0.037
85,-0.005
86,-0.007
87,0.09
88,-0.068
89,-0.029
90,0.007
91,-0.02
92,0.039
93,0.02
94,-0.034
95,-0.181
96,-0.059
97,-0.073
98,-0.2
99,-0.105
100,-0.029
101,-0.083
102,-0.073
103,-0.117
104,0.01
105,-0.051
106,-0.044
107,0.073
108,0.002
109,-0.081
110,0.002
111,0.012
112,0.037
113,0.01
114,0.049
115,-0.034
116,-0.078
117,0.061
118,-0.081
119,-0.02
120,0.007
121,-0.051
122,-0.073
123,-0.007
124,-0.029
125,-0.027
126,0.007
127,-0.027
128,0.066
129,0.024
130,0.095
131,0.027
132,0.034
133,0.149
134,0.049
135,0.09
136,-0.005
137,-0.029
138,0.042
139,-0.02
140,-0.01
141,-0.042
142,0.024
143,0.146
144,-0.073
145,-0.081
146,0.132
147,0.117
148,0.156
149,0.056
150,0.125
151,0.11
152,0.039
153,0.105
154,-0.024
155,0.11
156,0.095
157,0.02
158,0.042
159,-0.015
160,0.022
161,-0.024
162,-0.005
163,-0.071
164,-0.027
165,-0.022
166,0.02
167,0.02
168,-0.002
169,0.093
170,0.137
171,0.002
172,-0.01
173,0.083
174,0.061
175,0.034
176,0.115
177,0.0
178,-0.054
179,0.076
180,0.049
181,0.002
182,-0.112
183,-0.034
184,0.01
185,-0.061
186,-0.007
187,0.034
188,-0.042
189,-0.022
190,0.01
191,0.015
192,-0.034
193,0.007
194,0.024
195,-0.125
196,-0.017
197,0.012
198,-0.061
199,-0.051
200,-0.098
201,-0.037
202,0.01
203,-0.149
204,-0.024
205,0.076
206,0.024
207,-0.083
208,-0.085
209,0.032
210,0.002
211,0.015
212,0.078
213,0.09
214,-0.081
215,-0.063
216,-0.012
217,0.017
218,-0.029
219,0.117
220,0.017
221,-0.081
222,0.054
223,0.056
224,0.107
225,0.017
226,0.088
227,0.027
228,0.049
229,0.024
230,0.039
231,0.093
232,-0.071
233,0.01
234,0.042
235,-0.056
236,-0.02
237,0.044
238,-0.09
239,0.005
240,0.027
241,-0.044
242,-0.024
243,-0.002
244,-0.027
245,0.007
246,0.01
247,-0.007
248,0.12
249,0.105
250,0.159
251,0.11
252,-0.056
253,0.0
254,0.046
255,-0.081
256,-0.029
257,0.066
258,-0.071
259,-0.056
260,0.134
261,-0.054
262,-0.134
263,-0.032
264,-0.117
265,-0.01
266,0.002
267,-0.071
268,-0.061
269,0.0
270,0.066
271,-0.012
272,-0.032
273,-0.022
274,0.027
275,-0.042
276,-0.037
277,0.024
278,-0.085
279,0.034
280,-0.056
281,-0.11
282,-0.01
283,-0.002
284,-0.044
285,0.073
286,0.049
287,-0.002
288,-0.015
289,0.029
290,0.024
291,0.071
292,0.02
293,0.002
294,0.02
295,-0.034
296,0.024
297,0.056
298,-0.076
299,0.049
300,0.049
301,-0.015
302,-0.146
303,-0.1
304,0.002
305,0.01
306,-0.181
307,-0.059
308,0.061
309,0.085
310,0.083
311,-0.005
312,0.095
313,0.146
314,0.081
315,0.032
316,-0.063
317,0.046
318,0.107
319,0.1
320,-0.042
321,0.012
322,-0.002
323,0.063
324,0.046
325,0.09
326,0.161
327,0.044
328,-0.081
329,0.024
330,0.049
331,0.046
332,-0.088
333,-0.098
334,0.005
335,-0.005
336,-0.063
337,0.085
338,-0.056
339,0.032
340,-0.037
341,-0.105
342,-0.125
343,-0.056
344,-0.022
345,-0.012
346,-0.015
347,-0.046
348,0.061
349,0.042
350,0.007
351,0.0
352,0.122
353,0.049
354,-0.017
355,0.098
356,-0.046
357,0.054
358,0.054
359,-0.046
360,-0.027
361,-0.071
362,-0.122
363,0.051
364,-0.107
365,-0.134
366,0.005
367,0.059
368,-0.071
369,-0.134
370,-0.039
371,-0.022
372,-0.127
373,-0.146
374,0.015
375,0.032
376,-0.039
377,-0.081
378,-0.063
379,-0.039
380,-0.132
381,0.015
382,-0.103
383,-0.017
384,-0.007
385,-0.029
386,0.046
387,-0.11
388,0.02
389,0.078
390,-0.051
391,0.081
392,0.073
393,0.066
394,0.21
395,0.11
396,0.127
397,0.127
398,-0.007
399,0.085
400,0.027
401,0.049
402,0.083
403,-0.078
404,0.015
405,-0.024
406,-0.125
407,-0.132
408,-0.068
409,-0.002
410,-0.093
411,-0.054
412,0.007
413,-0.027
414,0.032
415,0.098
416,0.046
417,-0.029
418,-0.071
419,-0.01
420,0.015
421,-0.027
422,0.051
423,0.098
424,-0.027
425,0.012
426,-0.002
427,-0.134
428,0.051
429,-0.02
430,-0.044
431,-0.046
432,0.007
433,0.027
434,-0.081
435,0.068
436,0.137
437,0.029
438,-0.059
439,-0.056
440,-0.11
441,-0.129
442,-0.059
443,-0.037
444,-0.149
445,-0.078
446,-0.115
447,-0.142
448,-0.085
449,-0.061
450,0.005
451,0.002
452,-0.083
453,-0.044
454,-0.012
455,0.017
456,0.017
457,-0.015
458,0.071
459,-0.01
460,0.017
461,-0.032
462,-0.081
463,-0.049
464,-0.012
465,0.0
466,0.061
467,-0.029
468,-0.134
469,-0.066
470,-0.012
471,-0.012
472,0.002
473,-0.01
474,-0.017
475,0.024
476,0.022
477,0.046
478,-0.007
479,0.066
480,-0.09
481,-0.127
482,-0.127
483,-0.107
484,-0.076
485,-0.063
486,0.012
487,0.029
488,-0.056
489,-0.002
490,0.017
491,0.0
492,-0.007
493,-0.073
494,-0.039
495,0.022
496,0.044
497,0.054
498,0.071
499,0.039
500,-0.029
501,-0.024
502,-0.061
503,-0.039
504,-0.078
505,-0.063
506,0.122
507,-0.042
508,-0.105
509,0.046
510,0.088
511,-0.024
512,-0.012
513,0.02
514,0.015
515,0.188
516,0.034
517,0.044
518,0.02
519,0.042
520,0.115
521,0.017
522,0.039
523,0.115
524,0.0
525,-0.073
526,-0.042
527,-0.225
528,-0.037
529,0.054
530,-0.066
531,0.032
532,0.01
533,0.005
534,-0.081
535,-0.012
536,0.044
537,-0.073
538,0.015
539,0.044
540,-0.173
541,-0.02
542,-0.051
543,-0.093
544,0.049
545,-0.042
546,0.01
547,-0.02
548,-0.083
549,-0.054
550,-0.063
551,-0.034
552,0.11
553,0.044
554,0.051
555,-0.01
556,-0.002
557,0.159
558,-0.037
559,0.068
560,-0.049
561,-0.022
562,-0.005
563,-0.063
564,-0.061
565,-0.017
566,-0.071
567,-0.039
568,-0.085
569,-0.066
570,-0.051
571,-0.068
572,-0.11
573,0.015
574,0.056
575,0.051
576,-0.046
577,0.061
578,0.105
579,0.063
580,0.059
581,0.049
582,0.002
583,0.066
584,0.0
585,-0.032
586,-0.037
587,-0.071
588,0.002
589,-0.071
590,-0.107
591,0.127
592,0.037
593,-0.015
594,0.046
595,-0.073
596,-0.066
597,-0.007
598,0.029
599,0.168
600,0.098
601,0.0
602,-0.032
603,-0.024
604,0.034
605,0.015
606,-0.134
607,-0.176
608,-0.076
609,-0.049
610,-0.107
611,-0.095
612,-0.017
613,0.01
614,-0.073
615,-0.032
616,0.005
617,-0.032
618,-0.066
619,0.017
620,0.103
621,0.039
622,0.051
623,-0.01
624,-0.042
625,-0.007
626,-0.051
627,0.022
628,-0.105
629,-0.015
630,-0.081
631,-0.144
632,-0.073
633,-0.002
634,-0.105
635,0.039
636,0.02
637,0.027
638,0.02
639,-0.007
640,0.017
641,0.015
642,0.09
643,0.066
644,-0.012
645,-0.068
646,0.073
647,0.032
648,0.081
649,0.037
650,0.002
651,0.056
652,0.059
653,0.039
654,-0.015
655,0.042
656,0.027
657,-0.049
658,-0.029
659,0.112
660,0.042
661,0.042
662,0.015
663,0.022
664,0.063
665,0.105
666,0.127
667,0.061
668,0.034
669,0.085
670,-0.005
671,-0.02
672,0.0
673,0.1
674,0.107
675,0.068
676,0.034
677,-0.005
678,-0.002
679,0.027
680,0.002
681,0.024
682,0.125
683,0.02
684,-0.017
685,0.066
686,0.073
687,0.068
688,-0.042
689,-0.078
690,-0.049
691,-0.039
692,0.063
693,-0.081
694,-0.144
695,0.015
696,-0.022
697,0.034
698,-0.168
699,-0.017
700,0.215
701,0.061
702,0.005
703,-0.068
704,0.005
705,0.056
706,-0.046
707,-0.09
708,-0.098
709,0.029
710,-0.027
711,-0.137
712,-0.007
713,0.059
714,-0.002
715,-0.007
716,0.049
717,0.105
718,0.071
719,-0.002
720,0.012
721,-0.046
722,0.054
723,0.042
724,0.002
725,0.027
726,-0.125
727,0.061
728,-0.071
729,-0.132
730,-0.012
731,-0.027
732,-0.012
733,-0.054
734,-0.076
735,0.039
736,0.039
737,0.017
738,0.01
739,0.081
740,0.02
741,-0.017
742,0.078
743,0.095
744,-0.005
745,0.005
746,0.063
747,0.007
748,-0.012
749,-0.034
750,0.02
751,0.017
752,-0.007
753,0.029
754,-0.005
755,0.066
756,0.039
757,0.0
758,0.002
759,-0.095
760,-0.02
761,0.002
762,0.073
763,0.166
764,0.054
765,0.11
766,-0.103
767,-0.007
768,0.012
769,-0.078
770,0.061
771,0.054
772,0.037
773,0.122
774,-0.042
775,0.015
776,-0.073
777,-0.061
778,0.044
779,-0.024
780,-0.034
781,-0.002
782,-0.054
783,-0.105
784,-0.012
785,-0.149
786,-0.134
787,-0.051
788,-0.044
789,0.032
790,-0.125
791,-0.129
792,0.034
793,-0.144
794,-0.01
795,0.002
796,-0.051
797,-0.037
798,0.015
799,-0.01
800,0.051
801,-0.042
802,0.112
803,-0.034
804,-0.037
805,0.032
806,-0.042
807,-0.029
808,-0.002
809,-0.015
810,-0.083
811,-0.098
812,0.017
813,0.01
814,-0.068
815,0.103
816,-0.022
817,0.022
818,-0.002
819,0.01
820,-0.022
821,0.066
822,-0.015
823,-0.034
824,0.068
825,0.129
826,0.061
827,0.049
828,0.042
829,0.027
830,-0.107
831,0.044
832,0.034
833,-0.037
834,0.02
835,0.0
836,0.076
837,0.127
838,-0.11
839,0.061
840,-0.01
841,0.088
842,0.164
843,0.029
844,-0.093
845,-0.054
846,0.005
847,0.002
848,-0.1
849,-0.054
850,0.0
851,-0.024
852,0.061
853,-0.027
854,-0.212
855,-0.081
856,0.022
857,-0.083
858,-0.11
859,-0.154
860,-0.002
861,0.01
862,0.076
863,0.051
864,-0.034
865,0.063
866,0.02
867,-0.066
868,-0.005
869,0.039
870,-0.01
871,-0.11
872,-0.103
873,-0.078
874,-0.117
875,-0.042
876,-0.056
877,-0.017
878,0.095
879,-0.054
880,-0.068
881,0.09
882,0.034
883,0.039
884,0.049
885,-0.027
886,-0.032
887,0.017
888,0.0
889,0.029
890,-0.063
891,-0.01
892,0.027
893,-0.015
894,-0.115
895,-0.049
896,-0.12
897,-0.042
898,-0.115
899,-0.034
900,-0.068
901,-0.051
902,0.071
903,-0.066
904,-0.005
905,-0.022
906,0.081
907,0.022
908,0.039
909,0.044
910,-0.09
911,0.012
912,-0.032
913,0.042
914,0.044
915,-0.015
916,-0.081
917,-0.024
918,0.103
919,0.11
920,0.066
921,0.012
922,0.056
923,-0.037
924,0.139
925,0.122
926,0.115
927,0.012
928,-0.039
929,0.051
930,0.029
931,0.051
932,-0.068
933,0.051
934,0.024
935,-0.007
936,0.02
937,0.029
938,0.063
939,0.044
940,0.085
941,0.205
942,0.11
943,0.027
944,0.093
945,0.034
946,0.034
947,-0.063
948,-0.081
949,-0.005
950,0.012
951,0.061
952,-0.042
953,0.098
954,0.007
955,-0.132
956,0.042
957,0.0
958,-0.015
959,0.039
960,0.073
961,-0.01
962,-0.066
963,0.032
964,0.129
965,-0.09
966,0.044
967,0.034
968,-0.034
969,-0.024
970,0.007
971,-0.061
972,-0.139
973,-0.059
974,-0.078
975,-0.005
976,-0.037
977,-0.127
978,0.054
979,-0.085
980,-0.027
981,0.078
982,0.02
983,0.151
984,0.056
985,-0.02
986,-0.032
987,0.029
988,0.09
989,0.017
990,0.0
991,0.015
992,0.029
993,0.01
994,0.095
995,-0.093
996,-0.063
997,0.085
998,-0.044
999,0.056
1000,0.12
1001,0.051
1002,0.022
1003,0.029
1004,0.146
1005,0.054
1006,0.125
1007,0.122
1008,0.037
1009,-0.005
1010,-0.017
1011,-0.034
1012,0.0
1013,0.059
1014,0.054
1015,-0.029
1016,0.078
1017,0.044
1018,-0.039
1019,-0.032
1020,0.032
1021,0.073
1022,0.049
1023,0.068
1024,0.024
1025,0.032
1026,0.01
1027,0.09
1028,0.051
1029,-0.022
1030,-0.049
1031,-0.024
1032,-0.085
1033,-0.029
1034,0.005
1035,-0.076
1036,0.015
1037,0.007
1038,-0.137
1039,-0.117
1040,0.11
1041,0.134
1042,0.032
1043,0.063
1044,-0.022
1045,0.063
1046,0.103
1047,0.073
1048,-0.027
1049,0.044
1050,-0.042
1051,-0.042
1052,-0.115
1053,-0.034
1054,0.125
1055,-0.022
1056,-0.022
1057,0.01
1058,-0.029
1059,-0.017
1060,0.005
1061,-0.044
1062,-0.059
1063,-0.015
1064,-0.005
1065,-0.059
1066,0.032
1067,0.081
1068,-0.024
1069,-0.017
1070,0.015
1071,-0.078
1072,-0.071
1073,0.005
1074,0.012
1075,-0.027
1076,-0.02
1077,0.0
1078,0.0
1079,0.0
1080,0.015
1081,0.029
1082,-0.042
1083,0.012
1084,0.11
1085,0.066
1086,0.088
1087,0.039
1088,0.022
1089,-0.112
1090,0.024
1091,-0.007
1092,-0.054
1093,0.122
1094,0.046
1095,-0.125
1096,-0.022
1097,0.059
1098,0.066
1099,0.071
1100,-0.068
1101,-0.007
1102,0.134
1103,0.122
1104,0.034
1105,0.117
1106,0.076
1107,0.095
1108,0.139
1109,0.083
1110,-0.02
1111,-0.02
1112,0.068
1113,0.015
1114,-0.015
1115,0.029
1116,0.054
1117,0.015
1118,-0.046
1119,-0.044
1120,-0.024
1121,0.032
1122,0.024
1123,0.032
1124,-0.037
1125,-0.088
1126,0.017
1127,0.037
1128,0.002
1129,-0.105
1130,-0.012
1131,0.044
1132,-0.022
1133,-0.059
1134,-0.007
1135,-0.042
1136,-0.112
1137,-0.059
1138,-0.027
1139,-0.056
1140,-0.146
1141,-0.027
1142,-0.081
1143,-0.171
1144,0.037
1145,-0.088
1146,-0.103
1147,-0.039
1148,-0.027
1149,-0.078
1150,0.066
1151,-0.198
1152,-0.027
1153,-0.044
1154,-0.083
1155,-0.059
1156,-0.059
1157,-0.063
1158,-0.066
1159,-0.056
1160,-0.032
1161,-0.115
1162,-0.01
1163,0.076
1164,-0.022
1165,0.076
1166,0.032
1167,0.024
1168,0.007
1169,-0.115
1170,0.093
1171,0.066
1172,0.032
1173,-0.024
1174,0.015
1175,-0.083
1176,-0.105
1177,-0.059
1178,-0.049
1179,-0.076
1180,-0.01
1181,-0.022
1182,-0.012
1183,0.024
1184,-0.049
1185,0.0
1186,0.046
1187,0.042
1188,0.098
1189,0.034
1190,0.029
1191,0.017
1192,0.083
1193,0.046
1194,0.022
1195,-0.034
1196,-0.039
1197,-0.044
1198,0.027
1199,-0.015
1200,-0.054
1201,-0.046
1202,0.098
1203,0.024
1204,0.007
1205,-0.01
1206,0.022
1207,0.081
1208,0.078
1209,0.051
1210,0.078
1211,-0.044
1212,0.024
1213,-0.078
1214,-0.037
1215,0.039
1216,-0.044
1217,0.032
1218,-0.117
1219,-0.068
1220,-0.027
1221,-0.125
1222,-0.103
1223,-0.037
1224,-0.037
1225,-0.066
1226,-0.024
1227,-0.054
1228,0.015
1229,-0.044
1230,-0.01
1231,-0.085
1232,-0.032
1233,-0.078
1234,-0.063
1235,0.002
1236,-0.154
1237,0.059
1238,0.063
1239,-0.115
1240,-0.076
1241,0.049
1242,0.032
1243,0.034
1244,-0.081
1245,-0.022
1246,-0.051
1247,0.0
1248,0.017
1249,-0.005
1250,0.039
1251,-0.039
1252,0.027
1253,-0.039
1254,0.024
1255,-0.012
1256,-0.073
1257,0.063
1258,0.017
1259,0.005
1260,-0.027
1261,-0.029
1262,-0.083
1263,-0.056
1264,-0.042
1265,0.098
1266,0.002
1267,-0.051
1268,-0.024
1269,0.017
1270,-0.022
1271,-0.059
1272,0.034
1273,-0.024
1274,-0.002
1275,0.005
1276,-0.032
1277,-0.134
1278,-0.085
1279,0.122
1280,-0.129
1281,-0.107
1282,0.039
1283,0.042
1284,-0.042
1285,-0.01
1286,0.085
1287,0.159
1288,0.002
1289,-0.059
1290,-0.002
1291,0.012
1292,0.002
1293,-0.012
1294,-0.032
1295,0.049
1296,-0.073
1297,-0.034
1298,-0.2
1299,-0.122
1300,-0.063
1301,-0.044
1302,-0.032
1303,-0.11
1304,-0.063
1305,-0.024
1306,-0.01
1307,-0.015
1308,0.034
1309,-0.002
1310,0.046
1311,-0.017
1312,-0.034
1313,0.046
1314,-0.034
1315,0.005
1316,-0.056
1317,-0.129
1318,-0.056
1319,0.024
1320,-0.042
1321,-0.066
1322,-0.063
1323,-0.076
1324,0.059
1325,-0.083
1326,-0.073
1327,-0.007
1328,0.073
1329,0.059
1330,-0.027
1331,-0.081
1332,-0.007
1333,0.049
1334,-0.054
1335,-0.024
1336,-0.012
1337,0.027
1338,0.044
1339,-0.061
1340,-0.107
1341,-0.081
1342,-0.017
1343,0.024
1344,0.002
1345,0.007
1346,0.078
1347,0.02
1348,0.042
1349,-0.037
1350,0.068
1351,0.029
1352,0.042
1353,0.024
1354,-0.01
1355,0.039
1356,-0.044
1357,0.02
1358,0.0
1359,-0.02
1360,0.032
1361,0.083
1362,0.005
1363,-0.024
1364,0.059
1365,0.095
1366,0.029
1367,-0.015
1368,0.061
1369,0.1
1370,0.078
1371,0.002
1372,0.088
1373,0.029
1374,-0.027
1375,-0.044
1376,-0.01
1377,0.068
1378,0.098
1379,-0.029
1380,-0.132
1381,0.056
1382,0.029
1383,0.027
1384,-0.051
1385,-0.037
1386,0.061
1387,0.02
1388,-0.034
1389,-0.054
1390,-0.051
1391,0.051
1392,-0.078
1393,-0.015
1394,-0.073
1395,-0.073
1396,0.007
1397,-0.088
1398,-0.027
1399,-0.093
1400,-0.063
1401,-0.022
1402,-0.081
1403,0.0
1404,0.044
1405,0.017
1406,0.061
1407,-0.034
1408,0.012
1409,-0.015
1410,0.054
1411,0.046
1412,-0.017
1413,-0.017
1414,-0.071
1415,-0.071
1416,-0.127
1417,-0.115
1418,-0.027
1419,-0.09
1420,-0.178
1421,-0.105
1422,-0.093
1423,-0.066
1424,-0.071
1425,-0.151
1426,-0.022
1427,0.032
1428,0.081
1429,0.039
1430,0.01
1431,0.042
1432,0.066
1433,0.088
1434,0.059
1435,0.032
1436,0.002
1437,0.01
1438,-0.027
1439,0.02
1440,-0.066
1441,-0.015
1442,0.02
1443,-0.049
1444,0.039
1445,0.017
1446,0.0
1447,0.012
1448,0.027
1449,-0.02
1450,0.007
1451,0.149
1452,0.117
1453,-0.032
1454,0.042
1455,0.068
1456,0.105
1457,0.122
1458,0.137
1459,0.12
1460,0.017
1461,0.068
1462,0.044
1463,0.022
1464,0.078
1465,0.029
1466,0.063
1467,0.059
1468,-0.046
1469,-0.039
1470,-0.042
1471,-0.049
1472,0.044
1473,0.024
1474,-0.02
1475,0.037
1476,0.122
1477,0.007
1478,0.007
1479,-0.042
1480,-0.085
1481,0.037
1482,-0.02
1483,0.068
1484,0.049
1485,0.129
1486,-0.007
1487,0.073
1488,0.09
1489,0.076
1490,0.054
1491,-0.027
1492,0.051
1493,-0.061
1494,-0.037
1495,0.051
1496,0.081
1497,-0.032
1498,-0.01
1499,-0.005
1500,-0.076
1501,-0.022
1502,0.056
1503,0.066
1504,0.059
1505,0.054
1506,0.112
1507,0.012
1508,0.039
1509,0.083
1510,0.044
1511,0.01
1512,-0.02
1513,-0.034
1514,-0.027
1515,-0.017
1516,-0.066
1517,-0.081
1518,-0.034
1519,0.095
1520,0.032
1521,0.012
1522,-0.002
1523,0.034
1524,0.149
1525,0.107
1526,0.029
1527,0.044
1528,0.166
1529,0.203
1530,0.007
1531,0.139
1532,0.154
1533,0.063
1534,-0.076
1535,-0.02
1536,-0.078
1537,-0.066
1538,-0.161
1539,-0.168
1540,-0.027
1541,-0.107
1542,-0.088
1543,-0.071
1544,-0.017
1545,-0.056
1546,0.002
1547,-0.024
1548,0.015
1549,0.01
1550,0.2
1551,0.076
1552,0.054
1553,0.071
1554,0.054
1555,-0.037
1556,-0.061
1557,0.02
1558,-0.015
1559,0.027
1560,-0.056
1561,-0.129
1562,-0.127
1563,-0.007
1564,0.029
1565,-0.21
1566,-0.112
1567,0.027
1568,-0.063
1569,-0.037
1570,-0.017
1571,-0.049
1572,-0.049
1573,-0.081
1574,0.007
1575,-0.093
1576,0.024
1577,-0.059
1578,-0.024
1579,0.022
1580,-0.056
1581,0.0
1582,0.037
1583,-0.007
1584,-0.044
1585,0.054
1586,0.112
1587,0.017
1588,0.066
1589,0.134
1590,0.1
1591,0.0
1592,0.022
1593,0.105
1594,0.027
1595,0.107
1596,0.107
1597,0.037
1598,0.093
1599,0.076
1600,0.166
1601,0.098
1602,0.02
1603,0.051
1604,0.059
1605,0.066
1606,0.037
1607,-0.007
1608,0.137
1609,0.085
1610,0.01
1611,0.037
1612,-0.049
1613,0.015
1614,-0.034
1615,-0.024
1616,0.0
1617,-0.076
1618,0.027
1619,0.073
1620,-0.061
1621,-0.007
1622,-0.012
1623,-0.049
1624,-0.071
1625,-0.068
1626,-0.051
1627,-0.017
1628,-0.049
1629,-0.081
1630,0.063
1631,-0.044
1632,-0.093
1633,-0.042
1634,-0.005
1635,-0.005
1636,-0.049
1637,-0.059
1638,-0.044
1639,-0.105
1640,-0.093
1641,-0.112
1642,0.024
1643,-0.078
1644,-0.098
1645,0.02
1646,-0.078
1647,-0.081
1648,-0.049
1649,-0.115
1650,-0.129
1651,0.007
1652,0.022
1653,-0.049
1654,-0.112
1655,0.005
1656,-0.078
1657,-0.073
1658,-0.107
1659,0.044
1660,-0.032
1661,-0.068
1662,-0.115
1663,-0.071
1664,-0.063
1665,-0.059
1666,0.085
1667,0.007
1668,0.0
1669,-0.022
1670,0.024
1671,0.037
1672,-0.032
1673,-0.002
1674,0.015
1675,0.032
1676,0.122
1677,-0.029
1678,-0.015
1679,0.044
1680,0.071
1681,-0.122
1682,-0.051
1683,-0.024
1684,-0.01
1685,-0.066
1686,0.056
1687,0.039
1688,-0.022
1689,0.061
1690,0.068
1691,0.073
1692,0.027
1693,0.183
1694,0.073
1695,-0.017
1696,0.1
1697,0.129
1698,0.078
1699,0.015
1700,-0.012
1701,-0.007
1702,0.032
1703,-0.061
1704,-0.027
1705,-0.105
1706,-0.09
1707,0.073
1708,-0.034
1709,-0.024
1710,0.051
1711,0.046
1712,-0.01
1713,-0.044
1714,0.005
1715,0.09
1716,0.061
1717,0.046
1718,0.146
1719,-0.12
1720,0.063
1721,0.098
1722,-0.093
1723,-0.044
1724,-0.017
1725,-0.105
1726,-0.027
1727,-0.063
1728,-0.066
1729,-0.022
1730,-0.139
1731,-0.034
1732,0.0
1733,-0.015
1734,-0.132
1735,-0.02
1736,0.02
1737,-0.073
1738,0.037
1739,0.012
1740,0.007
1741,0.022
1742,-0.061
1743,-0.083
1744,-0.042
1745,-0.027
1746,-0.037
1747,-0.032
1748,-0.034
1749,-0.085
1750,-0.142
1751,-0.146
1752,-0.1
1753,0.093
1754,0.0
1755,-0.022
1756,-0.054
1757,-0.068
1758,0.054
1759,-0.022
1760,-0.139
1761,-0.022
1762,0.02
1763,0.12
1764,-0.024
1765,-0.076
1766,0.081
1767,0.042
1768,0.024
1769,-0.02
1770,0.049
1771,0.042
1772,0.078
1773,-0.037
1774,0.071
1775,0.151
1776,0.159
1777,0.093
1778,0.061
1779,0.12
1780,0.056
1781,0.073
1782,-0.015
1783,-0.01
1784,0.071
1785,0.151
1786,0.0
1787,0.0
1788,0.049
1789,0.044
1790,0.02
1791,-0.032
1792,-0.024
1793,0.051
1794,0.159
1795,0.076
1796,0.095
1797,0.037
1798,-0.044
1799,0.105
1800,-0.015
1801,-0.088
1802,-0.034
1803,-0.022
1804,-0.049
1805,-0.063
1806,-0.051
1807,0.139
1808,0.093
1809,-0.085
1810,-0.024
1811,0.105
1812,0.078
1813,0.051
1814,0.0
1815,0.063
1816,0.103
1817,-0.015
1818,-0.017
1819,0.059
1820,0.073
1821,-0.005
1822,0.0
1823,-0.029
1824,-0.034
1825,-0.027
1826,-0.142
1827,-0.112
1828,-0.056
1829,-0.095
1830,-0.122
1831,-0.103
1832,-0.139
1833,-0.024
1834,-0.029
1835,-0.059
1836,-0.007
1837,0.049
1838,-0.02
1839,-0.071
1840,-0.11
1841,-0.037
1842,0.037
1843,-0.056
1844,-0.029
1845,-0.068
1846,-0.09
1847,-0.088
1848,-0.037
1849,0.024
1850,0.01
1851,-0.056
1852,-0.015
1853,-0.117
1854,-0.027
1855,0.068
1856,0.085
1857,0.173
1858,0.054
1859,0.063
1860,-0.024
1861,-0.054
1862,-0.017
1863,0.056
1864,0.02
1865,-0.046
1866,0.049
1867,0.076
1868,-0.002
1869,-0.037
1870,0.073
1871,0.051
1872,0.061
1873,0.142
1874,0.005
1875,-0.005
1876,0.049
1877,0.044
1878,0.12
1879,0.107
1880,0.159
1881,0.071
1882,0.042
1883,0.09
1884,-0.083
1885,0.017
1886,-0.032
1887,-0.024
1888,0.063
1889,0.029
1890,0.171
1891,0.073
1892,-0.007
1893,0.09
1894,0.076
1895,0.085
1896,0.034
1897,0.073
1898,0.01
1899,0.093
1900,-0.01
1901,0.022
1902,-0.002
1903,-0.103
1904,-0.059
1905,-0.054
1906,-0.088
1907,-0.066
1908,-0.024
1909,-0.042
1910,-0.061
1911,-0.017
1912,-0.034
1913,0.017
1914,0.0
1915,-0.022
1916,-0.071
1917,0.002
1918,-0.051
1919,-0.093
1920,-0.059
1921,-0.125
1922,-0.117
1923,-0.049
1924,-0.129
1925,-0.098
1926,-0.022
1927,-0.01
1928,0.088
1929,-0.042
1930,-0.068
1931,-0.022
1932,-0.015
1933,-0.073
1934,0.071
1935,0.015
1936,0.024
1937,0.093
1938,0.012
1939,-0.012
1940,0.039
1941,0.002
1942,-0.125
1943,-0.081
1944,-0.01
1945,-0.054
1946,-0.005
1947,-0.017
1948,-0.01
1949,-0.103
1950,-0.049
1951,0.037
1952,-0.107
1953,-0.017
1954,0.051
1955,0.044
1956,0.005
1957,-0.012
1958,0.039
1959,0.01
1960,-0.073
1961,-0.027
1962,-0.081
1963,-0.005
1964,0.007
1965,-0.095
1966,-0.095
1967,-0.051
1968,0.029
1969,-0.085
1970,-0.066
1971,-0.061
1972,-0.063
1973,0.032
1974,0.029
1975,0.037
1976,-0.015
1977,0.059
1978,-0.01
1979,0.049
1980,0.073
1981,0.034
1982,-0.037
1983,-0.068
1984,-0.034
1985,0.01
1986,-0.081
1987,-0.164
1988,-0.103
1989,-0.137
1990,-0.063
1991,-0.095
1992,-0.1
1993,0.007
1994,-0.022
1995,-0.029
1996,-0.105
1997,-0.076
1998,0.042
1999,0.012
2000,-0.039
2001,-0.105
2002,0.044
2003,0.049
2004,-0.012
2005,-0.083
2006,-0.112
2007,-0.059
2008,-0.161
2009,-0.117
2010,-0.083
2011,-0.085
2012,0.112
2013,0.098
2014,-0.046
2015,-0.105
2016,-0.073
2017,0.063
2018,-0.007
2019,-0.125
2020,-0.063
2021,-0.1
2022,0.005
2023,0.024
2024,-0.066
2025,-0.098
2026,-0.039
2027,-0.046
2028,-0.081
2029,-0.017
2030,0.017
2031,0.059
2032,-0.034
2033,-0.085
2034,-0.039
2035,0.022
2036,0.02
2037,0.137
2038,-0.01
2039,0.022
2040,-0.012
2041,-0.002
2042,0.005
2043,0.024
2044,-0.007
2045,0.01
2046,-0.012
2047,-0.012
2048,-0.034
2049,-0.073
2050,0.046
2051,0.042
2052,-0.012
2053,0.095
2054,0.076
2055,0.039
2056,0.103
2057,-0.024
2058,0.002
2059,0.083
2060,0.054
2061,0.002
2062,-0.225
2063,-0.071
2064,0.01
2065,-0.117
2066,-0.1
2067,-0.054
2068,-0.093
2069,-0.002
2070,-0.076
2071,-0.1
2072,-0.051
2073,0.049
2074,0.098
2075,-0.005
2076,-0.027
2077,-0.146
2078,0.029
2079,0.054
2080,-0.12
2081,-0.125
2082,-0.029
2083,-0.027
2084,-0.129
2085,-0.103
2086,-0.105
2087,-0.051
2088,0.012
2089,-0.164
2090,-0.19
2091,-0.059
2092,-0.029
2093,-0.007
2094,-0.044
2095,0.09
2096,0.056
2097,0.125
2098,-0.02
2099,0.005
2100,0.034
2101,-0.015
2102,0.027
2103,0.027
2104,0.029
2105,0.051
2106,-0.112
2107,-0.146
2108,-0.137
2109,-0.02
2110,-0.042
2111,-0.071
2112,-0.085
2113,-0.02
2114,-0.017
2115,-0.01
2116,0.002
2117,0.144
2118,0.146
2119,0.005
2120,0.049
2121,-0.051
2122,0.051
2123,-0.02
2124,0.071
2125,0.166
2126,0.029
2127,0.027
2128,-0.078
2129,-0.049
2130,0.046
2131,0.022
2132,0.0
2133,-0.083
2134,0.005
2135,0.046
2136,0.056
2137,0.09
2138,0.127
2139,0.117
2140,0.042
2141,0.046
2142,0.068
2143,0.051
2144,-0.01
2145,0.081
2146,-0.01
2147,-0.01
2148,-0.088
2149,-0.002
2150,-0.037
2151,-0.11
2152,-0.073
2153,-0.039
2154,-0.037
2155,0.034
2156,-0.012
2157,0.029
2158,0.01
2159,0.032
2160,0.054
2161,-0.054
2162,0.051
2163,-0.002
2164,0.017
2165,0.063
2166,0.02
2167,-0.037
2168,-0.146
2169,0.054
2170,0.049
2171,-0.081
2172,-0.029
2173,0.063
2174,0.061
2175,0.071
2176,0.1
2177,-0.059
2178,0.061
2179,0.049
2180,-0.015
2181,-0.007
2182,-0.012
2183,-0.01
2184,0.059
2185,0.012
2186,-0.024
2187,0.022
2188,0.059
2189,-0.046
2190,0.044
2191,-0.02
2192,-0.01
2193,0.032
2194,0.085
2195,0.071
2196,0.117
2197,-0.061
2198,0.042
2199,0.161
2200,0.017
2201,0.015
2202,0.098
2203,0.027
2204,-0.027
2205,-0.105
2206,-0.015
2207,-0.063
2208,-0.081
2209,0.105
2210,0.076
2211,0.005
2212,-0.037
2213,0.007
2214,0.002
2215,0.034
2216,0.083
2217,-0.022
2218,0.122
2219,0.129
2220,0.039
2221,0.122
2222,0.134
2223,0.007
2224,0.093
2225,0.168
2226,0.181
2227,-0.081
2228,-0.017
2229,-0.046
2230,0.012
2231,0.029
2232,0.015
2233,-0.09
2234,0.103
2235,0.068
2236,0.112
2237,0.037
2238,0.073
2239,0.122
2240,0.054
2241,-0.027
2242,0.024
2243,0.02
2244,0.032
2245,0.005
2246,-0.039
2247,-0.095
2248,-0.139
2249,-0.061
2250,0.0
2251,-0.122
2252,0.051
2253,0.034
2254,0.005
2255,-0.022
2256,-0.125
2257,0.015
2258,0.066
2259,0.068
2260,0.081
2261,0.002
2262,0.027
2263,0.083
2264,0.085
2265,-0.054
2266,-0.103
2267,0.122
2268,0.044
2269,-0.159
2270,-0.103
2271,0.0
2272,0.02
2273,-0.054
2274,-0.056
2275,-0.051
2276,-0.076
2277,-0.017
2278,0.032
2279,-0.012
2280,-0.012
2281,0.007
2282,0.137
2283,0.034
2284,0.022
2285,0.017
2286,0.005
2287,0.005
2288,0.027
2289,0.071
2290,0.127
2291,-0.012
2292,-0.046
2293,-0.042
2294,0.088
2295,0.063
2296,0.049
2297,0.115
2298,0.156
2299,0.049
2300,0.12
2301,0.125
2302,0.046
2303,0.042
2304,0.066
2305,0.029
2306,-0.005
2307,-0.063
2308,0.059
2309,0.12
2310,-0.107
2311,-0.007
2312,0.137
2313,0.078
2314,0.088
2315,0.039
2316,0.078
2317,0.042
2318,0.063
2319,0.063
2320,-0.049
2321,-0.046
2322,0.156
2323,0.137
2324,-0.02
2325,-0.054
2326,0.032
2327,0.042
2328,-0.034
2329,-0.063
2330,-0.022
2331,-0.002
2332,0.066
2333,-0.032
2334,0.012
2335,0.046
2336,-0.066
2337,-0.085
2338,0.093
2339,0.01
2340,-0.01
2341,0.039
2342,0.1
2343,-0.049
2344,-0.007
2345,0.063
2346,-0.034
2347,-0.002
2348,-0.034
2349,0.007
2350,-0.068
2351,-0.076
2352,-0.076
2353,0.071
2354,-0.034
2355,-0.044
2356,-0.039
2357,-0.042
2358,0.007
2359,0.015
2360,0.049
2361,0.071
2362,0.168
2363,0.017
2364,-0.117
2365,-0.017
2366,-0.002
2367,-0.081
2368,-0.083
2369,-0.049
2370,-0.032
2371,-0.085
2372,0.002
2373,-0.042
2374,-0.127
2375,-0.046
2376,-0.051
2377,-0.095
2378,-0.042
2379,-0.002
2380,0.09
2381,0.168
2382,0.115
2383,0.056
2384,0.071
2385,0.095
2386,0.071
2387,-0.01
2388,0.071
2389,0.046
2390,-0.012
2391,-0.068
2392,-0.056
2393,-0.034
2394,-0.046
2395,0.039
2396,0.068
2397,-0.068
2398,0.127
2399,0.103
2400,0.029
2401,0.046
2402,0.1
2403,-0.044
2404,-0.017
2405,0.112
2406,0.044
2407,0.085
2408,0.056
2409,-0.066
2410,0.042
2411,0.076
2412,-0.01
2413,-0.132
2414,-0.2
2415,-0.056
2416,-0.071
2417,-0.002
2418,0.093
2419,0.032
2420,0.027
2421,-0.051
2422,0.054
2423,0.11
2424,0.015
2425,0.044
2426,-0.032
2427,-0.005
2428,-0.117
2429,-0.212
2430,-0.024
2431,-0.056
2432,-0.061
2433,-0.054
2434,0.029
2435,0.024
2436,-0.146
2437,-0.042
2438,0.049
2439,-0.059
2440,0.034
2441,0.09
2442,-0.017
2443,-0.024
2444,0.139
2445,0.127
2446,-0.088
2447,0.007
2448,-0.066
2449,0.042
2450,0.063
2451,-0.095
2452,-0.037
2453,-0.012
2454,-0.056
2455,-0.112
2456,-0.015
2457,-0.093
2458,0.039
2459,0.076
2460,-0.01
2461,0.071
2462,0.095
2463,0.066
2464,0.007
2465,0.115
2466,0.066
2467,0.1
2468,-0.044
2469,-0.027
2470,0.017
2471,-0.083
2472,0.022
2473,-0.063
2474,-0.012
2475,0.02
2476,-0.046
2477,-0.007
2478,0.017
2479,0.1
2480,0.002
2481,0.024
2482,0.1
2483,0.039
2484,0.11
2485,0.029
2486,0.017
2487,0.02
2488,-0.132
2489,-0.024
2490,-0.049
2491,-0.049
2492,0.022
2493,-0.085
2494,-0.112
2495,-0.098
2496,-0.042
2497,-0.127
2498,-0.056
2499,-0.083
2500,-0.044
2501,0.034
2502,-0.01
2503,-0.046
2504,-0.029
2505,0.017
2506,0.029
2507,0.022
2508,0.002
2509,0.049
2510,-0.088
2511,-0.09
2512,0.029
2513,0.022
2514,-0.1
2515,-0.022
2516,-0.085
2517,-0.137
2518,-0.107
2519,-0.142
2520,0.002
2521,0.039
2522,-0.217
2523,-0.044
2524,0.01
2525,-0.042
2526,-0.09
2527,-0.061
2528,-0.12
2529,-0.12
2530,-0.2
2531,-0.144
2532,-0.042
2533,-0.225
2534,-0.029
2535,-0.127
2536,-0.132
2537,-0.056
2538,-0.107
2539,-0.044
2540,-0.024
2541,-0.017
2542,0.027
2543,0.007
2544,0.0
2545,0.046
2546,0.029
2547,-0.034
2548,-0.063
2549,-0.007
2550,-0.063
2551,-0.083
2552,-0.037
2553,0.037
2554,-0.039
2555,0.017
2556,-0.098
2557,-0.103
2558,0.007
2559,0.049
2560,0.017
2561,0.002
2562,-0.02
2563,0.188
2564,-0.032
2565,0.039
2566,0.061
2567,0.098
2568,0.051
2569,-0.034
2570,-0.034
2571,0.024
2572,-0.076
2573,-0.029
2574,-0.022
2575,-0.022
2576,-0.066
2577,-0.068
2578,0.054
2579,-0.017
2580,-0.056
2581,0.0
2582,0.044
2583,0.051
2584,-0.059
2585,0.007
2586,0.103
2587,0.063
2588,-0.012
2589,-0.007
2590,-0.02
2591,0.01
2592,-0.107
2593,-0.088
2594,-0.083
2595,-0.093
2596,-0.034
2597,-0.042
2598,-0.09
2599,-0.083
2600,-0.042
2601,-0.007
2602,-0.095
2603,-0.042
2604,0.015
2605,0.002
2606,-0.112
2607,-0.012
2608,0.051
2609,-0.215
2610,-0.054
2611,-0.032
2612,-0.063
2613,-0.173
2614,-0.078
2615,0.005
2616,-0.015
2617,-0.234
2618,-0.042
2619,-0.083
2620,-0.083
2621,0.049
2622,0.007
2623,-0.051
2624,-0.085
2625,0.063
2626,-0.049
2627,-0.051
2628,-0.059
2629,-0.029
2630,-0.017
2631,-0.005
2632,0.005
2633,-0.098
2634,-0.015
2635,-0.11
2636,-0.012
2637,-0.049
2638,-0.125
2639,-0.012
2640,-0.068
2641,0.059
2642,0.0
2643,-0.085
2644,0.117
2645,-0.007
2646,0.024
2647,0.027
2648,0.022
2649,0.178
2650,0.098
2651,-0.059
2652,-0.071
2653,-0.044
2654,0.002
2655,-0.005
2656,-0.012
2657,-0.017
2658,-0.083
2659,0.015
2660,0.029
2661,-0.083
2662,-0.076
2663,0.063
2664,0.137
2665,0.078
2666,-0.034
2667,0.112
2668,0.042
2669,0.007
2670,0.039
2671,0.061
2672,0.017
2673,-0.071
2674,-0.044
2675,-0.056
2676,-0.042
2677,0.007
2678,-0.081
2679,-0.117
2680,-0.044
2681,0.015
2682,-0.027
2683,-0.181
2684,-0.061
2685,0.09
2686,-0.061
2687,-0.1
2688,-0.007
2689,-0.051
2690,-0.017
2691,0.063
2692,-0.032
2693,0.01
2694,-0.093
2695,-0.173
2696,-0.181
2697,-0.164
2698,-0.205
2699,-0.073
2700,-0.049
2701,-0.02
2702,0.027
2703,0.046
2704,-0.017
2705,0.024
2706,0.022
2707,-0.027
2708,-0.02
2709,0.068
2710,0.051
2711,0.068
2712,0.032
2713,-0.022
2714,-0.012
2715,0.049
2716,0.112
2717,0.017
2718,0.029
2719,-0.09
2720,-0.132
2721,0.0
2722,0.176
2723,-0.007
2724,0.007
2725,0.012
2726,0.066
2727,0.0
2728,0.037
2729,0.073
2730,0.1
2731,-0.081
2732,0.032
2733,-0.039
2734,-0.012
2735,-0.042
2736,-0.063
2737,0.073
2738,-0.027
2739,-0.139
2740,0.015
2741,0.032
2742,-0.034
2743,0.046
2744,0.049
2745,0.127
2746,0.027
2747,0.093
2748,0.012
2749,0.029
2750,0.081
2751,0.042
2752,0.117
2753,0.007
2754,-0.015
2755,0.095
2756,0.017
2757,-0.054
2758,-0.078
2759,0.037
2760,0.002
2761,-0.056
2762,-0.051
2763,0.044
2764,0.029
2765,0.002
2766,-0.024
2767,0.007
2768,-0.037
2769,0.02
2770,-0.007
2771,-0.105
2772,-0.054
2773,0.012
2774,0.012
2775,-0.044
2776,-0.083
2777,-0.137
2778,-0.007
2779,0.044
2780,0.017
2781,0.081
2782,-0.024
2783,-0.012
2784,0.046
2785,0.093
2786,0.02
2787,0.005
2788,0.066
2789,0.012
2790,-0.039
2791,-0.002
2792,0.015
2793,0.007
2794,-0.112
2795,-0.049
2796,-0.107
2797,-0.061
2798,-0.012
2799,-0.032
2800,-0.107
2801,-0.022
2802,-0.005
2803,0.059
2804,-0.005
2805,0.0
2806,0.042
2807,0.039
2808,-0.063
2809,0.012
2810,0.112
2811,0.071
2812,0.0
2813,-0.059
2814,-0.093
2815,0.017
2816,-0.054
2817,0.015
2818,-0.063
2819,0.012
2820,0.037
2821,0.066
2822,0.112
2823,0.142
2824,0.007
2825,0.085
2826,0.11
2827,0.105
2828,0.071
2829,0.103
2830,0.161
2831,0.061
2832,0.093
2833,0.005
2834,-0.049
2835,-0.1
2836,0.073
2837,0.129
2838,0.059
2839,-0.02
2840,-0.115
2841,0.005
2842,0.044
2843,0.01
2844,-0.01
2845,0.066
2846,0.095
2847,0.078
2848,0.027
2849,0.076
2850,0.076
2851,-0.007
2852,0.039
2853,0.01
2854,0.039
2855,0.044
2856,0.0
2857,-0.044
2858,-0.186
2859,0.063
2860,0.071
2861,-0.156
2862,-0.151
2863,-0.056
2864,0.083
2865,-0.024
2866,0.051
2867,0.151
2868,0.068
2869,-0.042
2870,0.022
2871,0.042
2872,0.046
2873,-0.049
2874,-0.01
2875,-0.017
2876,-0.049
2877,-0.134
2878,-0.044
2879,-0.029
2880,-0.029
2881,0.095
2882,-0.017
2883,-0.068
2884,-0.105
2885,-0.017
2886,0.093
2887,0.061
2888,0.042
2889,-0.002
2890,0.061
2891,0.049
2892,0.068
2893,0.071
2894,0.044
2895,-0.042
2896,-0.059
2897,-0.037
2898,-0.024
2899,-0.076
2900,-0.029
2901,-0.01
2902,-0.046
2903,0.039
2904,-0.039
2905,0.046
2906,-0.015
2907,0.012
2908,0.105
2909,0.09
2910,0.142
2911,0.073
2912,0.051
2913,-0.034
2914,-0.007
2915,0.073
2916,-0.02
2917,0.007
2918,-0.005
2919,0.01
2920,-0.039
2921,-0.039
2922,0.017
2923,0.024
2924,0.073
2925,-0.088
2926,0.02
2927,0.076
2928,0.098
2929,0.0
2930,0.02
2931,0.085
2932,0.024
2933,0.071
2934,-0.068
2935,0.012
2936,0.007
2937,-0.002
2938,-0.059
2939,-0.054
2940,0.017
2941,-0.029
2942,-0.051
2943,0.034
2944,-0.085
2945,-0.056
2946,-0.061
2947,0.056
2948,0.093
2949,-0.183
2950,0.02
2951,0.085
2952,0.037
2953,0.142
2954,0.024
2955,-0.012
2956,-0.071
2957,-0.088
2958,-0.1
2959,-0.127
2960,-0.098
2961,-0.085
2962,-0.085
2963,-0.071
2964,0.027
2965,-0.005
2966,0.017
2967,-0.002
2968,0.063
2969,0.039
2970,0.0
2971,0.063
2972,0.042
2973,0.024
2974,0.11
2975,0.022
2976,0.042
2977,0.017
2978,0.059
2979,0.032
2980,-0.103
2981,-0.049
2982,0.039
2983,0.022
2984,-0.049
2985,0.01
2986,-0.024
2987,0.049
2988,0.051
2989,0.127
2990,0.068
2991,-0.017
2992,-0.037
2993,0.061
2994,-0.042
2995,0.049
2996,0.037
2997,-0.027
2998,-0.02
2999,-0.117
3000,0.015
3001,-0.002
3002,-0.042
3003,-0.005
3004,-0.022
3005,0.059
3006,0.046
3007,-0.081
3008,-0.007
3009,0.049
3010,0.063
3011,0.054
3012,0.0
3013,0.027
3014,0.076
3015,0.007
3016,0.09
3017,0.012
3018,0.039
3019,0.037
3020,0.0
3021,-0.034
3022,-0.044
3023,-0.088
3024,-0.122
3025,-0.09
3026,-0.12
3027,-0.1
3028,-0.029
3029,-0.088
3030,-0.056
3031,0.039
3032,-0.027
3033,0.002
3034,-0.056
3035,0.027
3036,0.093
3037,0.042
3038,-0.078
3039,0.061
3040,-0.044
3041,-0.095
3042,-0.051
3043,-0.149
3044,-0.049
3045,0.059
3046,0.015
3047,0.024
3048,-0.027
3049,0.007
3050,0.073
3051,0.068
3052,0.034
3053,0.103
3054,0.071
3055,-0.022
3056,-0.012
3057,-0.037
3058,-0.032
3059,-0.024
3060,0.007
3061,0.022
3062,0.061
3063,-0.027
3064,-0.022
3065,-0.027
3066,-0.1
3067,-0.042
3068,-0.015
3069,-0.027
3070,0.085
3071,0.085
3072,0.01
3073,0.061
3074,0.046
3075,0.11
3076,-0.022
3077,-0.156
3078,0.005
3079,0.042
3080,0.142
3081,0.066
3082,0.049
3083,-0.044
3084,0.002
3085,0.081
3086,0.027
3087,-0.078
3088,0.007
3089,-0.005
3090,0.039
3091,-0.054
3092,-0.098
3093,0.085
3094,-0.017
3095,-0.051
3096,0.081
3097,0.012
3098,-0.083
3099,-0.098
3100,0.017
3101,-0.056
3102,-0.024
3103,-0.066
3104,-0.032
3105,-0.012
3106,0.002
3107,0.073
3108,-0.112
3109,0.054
3110,0.103
3111,-0.034
3112,-0.051
3113,-0.029
3114,0.029
3115,0.022
3116,-0.007
3117,-0.044
3118,-0.015
3119,0.103
3120,-0.017
3121,-0.088
3122,0.022
3123,-0.071
3124,-0.125
3125,-0.056
3126,-0.117
3127,-0.088
3128,-0.034
3129,0.085
3130,-0.022
3131,-0.103
3132,-0.044
3133,0.112
3134,0.078
3135,0.01
3136,0.024
3137,0.007
3138,-0.027
3139,0.0
3140,-0.112
3141,-0.107
3142,-0.034
3143,0.112
3144,-0.081
3145,-0.127
3146,-0.105
3147,0.029
3148,0.007
3149,0.002
3150,0.103
3151,0.085
3152,0.125
3153,0.139
3154,-0.029
3155,-0.029
3156,0.085
3157,-0.032
3158,0.059
3159,-0.039
3160,0.015
3161,0.173
3162,0.068
3163,-0.095
3164,-0.1
3165,-0.081
3166,0.098
3167,-0.059
3168,-0.186
3169,0.054
3170,0.085
3171,0.144
3172,-0.007
3173,0.007
3174,0.125
3175,0.059
3176,0.054
3177,-0.083
3178,-0.076
3179,0.046
3180,-0.022
3181,-0.095
3182,-0.117
3183,0.051
3184,0.068
3185,-0.042
3186,-0.105
3187,-0.066
3188,0.095
3189,-0.024
3190,0.0
3191,0.107
3192,0.029
3193,0.054
3194,0.01
3195,-0.002
3196,0.0
3197,0.024
3198,-0.037
3199,-0.034
3200,-0.098
3201,-0.083
3202,0.02
3203,-0.063
3204,-0.051
3205,-0.059
3206,-0.117
3207,-0.088
3208,-0.01
3209,-0.154
3210,-0.039
3211,0.037
3212,-0.095
3213,-0.105
3214,-0.012
3215,-0.034
3216,0.0
3217,-0.117
3218,-0.115
3219,-0.044
3220,-0.117
3221,-0.11
3222,-0.012
3223,0.01
3224,-0.081
3225,0.017
3226,-0.09
3227,0.0
3228,-0.1
3229,-0.034
3230,0.044
3231,0.027
3232,0.083
3233,-0.017
3234,-0.027
3235,-0.071
3236,0.017
3237,0.039
3238,0.007
3239,0.012
3240,0.027
3241,-0.1
3242,-0.083
3243,-0.044
3244,-0.029
3245,0.022
3246,-0.076
3247,-0.095
3248,-0.063
3249,0.015
3250,0.002
3251,-0.029
3252,0.02
3253,-0.051
3254,-0.022
3255,-0.024
3256,-0.09
3257,0.034
3258,-0.146
3259,-0.12
3260,-0.02
3261,-0.007
3262,-0.046
3263,-0.088
3264,0.01
3265,0.085
3266,-0.017
3267,-0.027
3268,-0.039
3269,-0.007
3270,0.098
3271,0.159
3272,0.098
3273,-0.049
3274,0.039
3275,0.066
3276,0.066
3277,0.044
3278,-0.037
3279,-0.054
3280,0.029
3281,0.076
3282,0.088
3283,-0.088
3284,-0.132
3285,-0.083
3286,0.027
3287,-0.015
3288,-0.076
3289,-0.037
3290,0.037
3291,0.0
3292,-0.007
3293,-0.002
3294,0.085
3295,0.073
3296,-0.002
3297,-0.002
3298,0.01
3299,0.149
3300,0.0
3301,-0.022
3302,-0.029
3303,-0.037
3304,-0.034
3305,-0.095
3306,-0.032
3307,0.017
3308,-0.032
3309,0.007
3310,0.046
3311,-0.024
3312,0.044
3313,-0.032
3314,0.164
3315,-0.049
3316,-0.007
3317,0.037
3318,0.015
3319,0.107
3320,0.071
3321,-0.039
3322,-0.027
3323,-0.012
3324,0.071
3325,-0.051
3326,-0.193
3327,-0.056
3328,-0.095
3329,-0.049
3330,0.049
3331,0.042
3332,0.063
3333,-0.061
3334,0.046
3335,0.042
3336,0.073
3337,0.049
3338,0.054
3339,0.02
3340,0.039
3341,-0.024
3342,-0.046
3343,-0.066
3344,-0.068
3345,0.007
3346,0.005
3347,-0.044
3348,0.042
3349,-0.022
3350,0.105
3351,0.029
3352,-0.103
3353,0.042
3354,0.11
3355,0.125
3356,-0.056
3357,-0.02
3358,0.017
3359,0.103
3360,0.015
3361,-0.103
3362,-0.063
3363,-0.002
3364,-0.046
3365,-0.01
3366,-0.105
3367,-0.151
3368,0.005
3369,-0.007
3370,-0.046
3371,-0.071
3372,0.066
3373,0.066
3374,0.083
3375,0.002
3376,-0.039
3377,0.071
3378,0.012
3379,0.005
3380,0.015
3381,-0.032
3382,0.007
3383,-0.12
3384,0.005
3385,-0.073
3386,-0.039
3387,0.037
3388,-0.156
3389,-0.09
3390,0.02
3391,0.015
3392,-0.049
3393,-0.046
3394,0.029
3395,0.042
3396,0.137
3397,0.083
3398,0.054
3399,0.027
3400,0.037
3401,0.017
3402,0.027
3403,0.029
3404,0.007
3405,0.029
3406,0.024
3407,-0.054
3408,-0.073
3409,-0.046
3410,0.046
3411,0.015
3412,-0.037
3413,0.022
3414,0.027
3415,-0.032
3416,-0.071
3417,0.063
3418,0.056
3419,-0.015
3420,0.022
3421,0.022
3422,0.034
3423,0.01
3424,-0.037
3425,-0.056
3426,-0.12
3427,-0.017
3428,0.0
3429,0.005
3430,0.037
3431,-0.059
3432,-0.046
3433,-0.054
3434,-0.012
3435,0.051
3436,0.049
3437,0.032
3438,0.073
3439,0.129
3440,0.146
3441,0.037
3442,0.007
3443,0.039
3444,0.02
3445,-0.005
3446,0.02
3447,-0.059
3448,-0.066
3449,0.066
3450,0.066
3451,0.103
3452,-0.024
3453,0.012
3454,0.073
3455,-0.012
3456,0.005
3457,-0.005
3458,-0.024
3459,-0.095
3460,-0.032
3461,0.105
3462,0.054
3463,0.105
3464,0.066
3465,-0.066
3466,0.093
3467,-0.088
3468,-0.061
3469,-0.081
3470,-0.061
3471,-0.061
3472,-0.039
3473,-0.142
3474,-0.095
3475,0.063
3476,0.085
3477,-0.127
3478,0.007
3479,0.107
3480,0.107
3481,-0.093
3482,-0.134
3483,0.103
3484,0.188
3485,-0.034
3486,-0.037
3487,0.061
3488,0.027
3489,0.024
3490,-0.024
3491,-0.051
3492,-0.027
3493,-0.002
3494,0.024
3495,-0.029
3496,0.034
3497,0.063
3498,0.134
3499,0.093
3500,0.063
3501,0.044
3502,0.022
3503,0.049
3504,0.054
3505,0.12
3506,0.017
3507,-0.046
3508,-0.022
3509,-0.012
3510,-0.042
3511,-0.002
3512,0.115
3513,0.015
3514,0.103
3515,0.073
3516,0.134
3517,0.149
3518,0.156
3519,0.059
3520,0.039
3521,0.222
3522,0.029
3523,0.01
3524,0.063
3525,-0.054
3526,-0.012
3527,0.11
3528,-0.063
3529,-0.029
3530,0.027
3531,0.017
3532,-0.051
3533,-0.034
3534,0.054
3535,-0.037
3536,-0.029
3537,0.012
3538,-0.005
3539,-0.056
3540,-0.042
3541,0.054
3542,0.076
3543,0.024
3544,-0.098
3545,-0.073
3546,-0.171
3547,0.105
3548,0.066
3549,0.054
3550,0.024
3551,-0.022
3552,0.02
3553,0.029
3554,-0.005
3555,-0.098
3556,0.024
3557,0.11
3558,0.081
3559,-0.027
3560,0.01
3561,0.046
3562,0.078
3563,-0.02
3564,0.01
3565,-0.042
3566,-0.085
3567,0.095
3568,-0.061
3569,-0.115
3570,-0.146
3571,0.059
3572,-0.063
3573,-0.081
3574,-0.022
3575,-0.005
3576,0.161
3577,-0.088
3578,0.007
3579,0.093
3580,0.11
3581,0.066
3582,-0.032
3583,-0.042
3584,0.049
3585,0.007
3586,-0.02
3587,0.02
3588,-0.044
3589,-0.063
3590,-0.063
3591,-0.034
3592,-0.027
3593,0.042
3594,0.039
3595,-0.044
3596,0.024
3597,0.073
3598,0.078
3599,0.027
3600,0.103
3601,0.024
3602,0.039
3603,-0.042
3604,-0.046
3605,0.022
3606,-0.1
3607,-0.161
3608,-0.056
3609,-0.083
3610,-0.063
3611,-0.078
3612,0.034
3613,-0.051
3614,-0.063
3615,0.037
3616,0.1
3617,0.039
3618,0.076
3619,0.017
3620,0.09
3621,0.146
3622,0.073
3623,0.117
3624,0.061
3625,0.02
3626,0.063
3627,-0.059
3628,-0.059
3629,-0.046
3630,-0.002
3631,0.017
3632,-0.037
3633,-0.061
3634,0.005
3635,0.002
3636,0.01
3637,-0.032
3638,0.051
3639,-0.002
3640,0.056
3641,0.056
3642,0.01
3643,0.107
3644,0.005
3645,0.029
3646,-0.037
3647,-0.056
3648,0.007
3649,-0.059
3650,-0.122
3651,-0.059
3652,-0.081
3653,-0.212
3654,-0.139
3655,0.01
3656,-0.149
3657,-0.073
3658,0.012
3659,0.071
3660,0.027
3661,-0.024
3662,0.034
3663,0.134
3664,0.027
3665,0.054
3666,0.042
3667,0.085
3668,-0.02
3669,0.0
3670,0.012
3671,-0.093
3672,-0.066
3673,-0.002
3674,-0.083
3675,-0.068
3676,-0.078
3677,-0.024
3678,0.071
3679,-0.022
3680,0.034
3681,-0.088
3682,-0.005
3683,0.168
3684,-0.002
3685,0.049
3686,0.034
3687,0.022
3688,0.056
3689,-0.054
3690,0.0
3691,0.044
3692,0.046
3693,-0.017
3694,-0.015
3695,0.02
3696,0.044
3697,0.027
3698,-0.034
3699,-0.034
3700,0.083
3701,0.002
3702,0.059
3703,0.02
3704,0.044
3705,0.193
3706,0.01
3707,-0.005
3708,0.002
3709,0.054
3710,0.049
3711,-0.059
3712,-0.09
3713,0.105
3714,0.151
3715,-0.078
3716,-0.046
3717,0.017
3718,-0.046
3719,-0.022
3720,-0.059
3721,-0.056
3722,0.078
3723,0.007
3724,0.017
3725,0.015
3726,-0.007
3727,0.039
3728,-0.125
3729,-0.002
3730,0.044
3731,0.002
3732,0.071
3733,-0.081
3734,-0.054
3735,0.01
3736,0.059
3737,0.0
3738,-0.046
3739,-0.012
3740,0.1
3741,-0.071
3742,-0.007
3743,0.049
3744,-0.027
3745,-0.015
3746,0.017
3747,-0.061
3748,-0.083
3749,-0.017
3750,-0.017
3751,-0.027
3752,-0.037
3753,-0.01
3754,0.042
3755,-0.042
3756,-0.017
3757,-0.01
3758,-0.005
3759,0.09
3760,0.12
3761,-0.063
3762,0.063
3763,0.029
3764,-0.024
3765,0.059
3766,-0.09
3767,-0.085
3768,-0.029
3769,-0.034
3770,0.01
3771,-0.09
3772,-0.051
3773,-0.029
3774,-0.073
3775,-0.054
3776,-0.12
3777,-0.081
3778,-0.02
3779,-0.076
3780,-0.076
3781,-0.142
3782,0.024
3783,0.105
3784,-0.02
3785,0.081
3786,0.127
3787,-0.059
3788,0.0
3789,0.068
3790,0.012
3791,0.0
3792,0.005
3793,-0.002
3794,-0.024
3795,-0.005
3796,0.105
3797,-0.005
3798,-0.063
3799,0.002
3800,0.073
3801,0.029
3802,0.105
3803,0.037
3804,0.024
3805,0.127
3806,0.088
3807,0.044
3808,-0.024
3809,0.063
3810,0.027
3811,-0.093
3812,-0.024
3813,-0.034
3814,0.005
3815,-0.098
3816,-0.081
3817,0.024
3818,-0.029
3819,-0.017
3820,0.012
3821,0.051
3822,0.088
3823,-0.022
3824,-0.073
3825,0.044
3826,-0.017
3827,0.076
3828,0.012
3829,-0.005
3830,0.022
3831,0.063
3832,0.068
3833,-0.083
3834,-0.061
3835,-0.024
3836,-0.017
3837,-0.007
3838,0.032
3839,0.083
3840,0.049
3841,0.007
3842,-0.034
3843,0.049
3844,0.095
3845,0.042
3846,0.005
3847,-0.083
3848,0.054
3849,0.063
3850,-0.034
3851,0.007
3852,0.027
3853,-0.007
3854,0.054
3855,-0.01
3856,-0.049
3857,0.046
3858,-0.005
3859,-0.017
3860,0.034
3861,0.02
3862,0.063
3863,0.032
3864,0.002
3865,0.083
3866,0.02
3867,0.044
3868,-0.034
3869,0.054
3870,0.017
3871,0.005
3872,-0.029
3873,0.012
3874,0.02
3875,-0.012
3876,0.078
3877,0.024
3878,-0.042
3879,0.017
3880,0.059
3881,0.059
3882,0.088
3883,0.12
3884,0.049
3885,-0.061
3886,-0.044
3887,0.054
3888,-0.046
3889,0.005
3890,0.015
3891,-0.125
3892,-0.076
3893,-0.046
3894,-0.022
3895,-0.059
3896,-0.078
3897,0.066
3898,0.029
3899,0.015
3900,0.081
3901,-0.049
3902,-0.054
3903,0.005
3904,-0.051
3905,0.078
3906,0.081
3907,-0.11
3908,-0.034
3909,0.02
3910,0.051
3911,0.012
3912,-0.11
3913,-0.061
3914,-0.081
3915,-0.168
3916,-0.007
3917,-0.137
3918,0.029
3919,0.015
3920,-0.137
3921,-0.112
3922,-0.068
3923,-0.034
3924,-0.042
3925,0.007
3926,0.161
3927,-0.044
3928,-0.005
3929,0.071
3930,-0.012
3931,-0.068
3932,-0.007
3933,0.073
3934,-0.005
3935,-0.117
3936,-0.1
3937,0.032
3938,-0.061
3939,-0.083
3940,0.12
3941,-0.022
3942,-0.186
3943,0.042
3944,0.122
3945,-0.105
3946,-0.039
3947,0.007
3948,0.098
3949,-0.066
3950,-0.083
3951,0.017
3952,-0.042
3953,-0.042
3954,-0.081
3955,-0.063
3956,-0.122
3957,-0.046
3958,0.049
3959,0.051
3960,0.022
3961,-0.012
3962,0.049
3963,0.061
3964,-0.134
3965,-0.046
3966,-0.01
3967,0.107
3968,-0.093
3969,-0.125
3970,0.049
3971,0.078
3972,0.037
3973,-0.02
3974,-0.09
3975,-0.01
3976,-0.012
3977,-0.103
3978,0.02
3979,0.029
3980,-0.005
3981,-0.024
3982,0.059
3983,-0.059
3984,-0.125
3985,0.029
3986,-0.046
3987,0.002
3988,0.081
3989,0.046
3990,0.068
3991,-0.071
3992,-0.139
3993,-0.002
3994,-0.007
3995,-0.01
3996,-0.022
3997,-0.034
3998,0.066
3999,-0.007
4000,-0.005
4001,-0.139
4002,-0.034
4003,-0.076
4004,0.139
4005,0.181
4006,0.017
4007,-0.076
4008,0.037
4009,0.088
4010,0.02
4011,-0.046
4012,-0.066
4013,-0.027
4014,-0.049
4015,-0.071
4016,-0.083
4017,-0.022
4018,-0.015
4019,-0.039
4020,-0.015
4021,-0.112
4022,-0.01
4023,0.073
4024,0.02
4025,-0.024
4026,0.0
4027,0.085
4028,0.068
4029,-0.088
4030,0.0
4031,0.039
4032,-0.068
4033,-0.017
4034,0.088
4035,-0.09
4036,-0.068
4037,-0.027
4038,-0.059
4039,-0.017
4040,-0.066
4041,-0.083
4042,0.059
4043,0.085
4044,-0.112
4045,-0.178
4046,-0.061
4047,0.103
4048,0.107
4049,0.024
4050,0.012
4051,0.054
4052,0.0
4053,0.063
4054,0.046
4055,-0.029
4056,-0.007
4057,0.095
4058,-0.012
4059,-0.073
4060,-0.054
4061,0.039
4062,0.01
4063,-0.085
4064,-0.115
4065,0.071
4066,-0.059
4067,-0.066
4068,0.083
4069,0.032
4070,0.044
4071,-0.063
4072,0.0
4073,0.098
4074,-0.054
4075,-0.073
4076,-0.042
4077,-0.11
4078,0.005
4079,-0.049
4080,-0.042
4081,-0.027
4082,0.076
4083,0.083
4084,-0.056
4085,-0.078
4086,0.061
4087,0.012
4088,-0.054
4089,-0.032
4090,0.046
4091,0.078
4092,-0.037
4093,-0.059
4094,-0.01
4095,-0.02
4096,0.063
4097,-0.029
4098,-0.161
4099,0.105
4100,0.029
4101,-0.059
4102,0.037
4103,0.134
4104,0.029
4105,-0.129
4106,-0.015
4107,0.125
4108,0.032
4109,-0.076
4110,-0.01
4111,-0.032
4112,-0.024
4113,0.022
4114,0.032
4115,-0.125
4116,-0.054
4117,-0.032
4118,-0.095
4119,0.037
4120,-0.017
4121,-0.022
4122,0.032
4123,0.129
4124,0.112
4125,0.01
4126,0.049
4127,-0.002
4128,0.012
4129,0.142
4130,0.056
4131,0.029
4132,0.044
4133,-0.012
4134,0.012
4135,0.02
4136,0.024
4137,-0.068
4138,-0.12
4139,-0.085
4140,-0.01
4141,0.002
4142,-0.117
4143,-0.02
4144,0.017
4145,-0.046
4146,0.017
4147,0.073
4148,0.132
4149,0.039
4150,0.017
4151,0.02
4152,0.012
4153,0.088
4154,0.017
4155,-0.085
4156,-0.037
4157,0.042
4158,-0.032
4159,-0.081
4160,-0.046
4161,-0.081
4162,-0.063
4163,0.042
4164,-0.142
4165,-0.024
4166,-0.012
4167,0.02
4168,0.09
4169,-0.002
4170,0.059
4171,0.027
4172,0.063
4173,0.081
4174,0.029
4175,-0.012
4176,0.066
4177,-0.01
4178,-0.073
4179,-0.024
4180,-0.068
4181,-0.005
4182,-0.044
4183,0.071
4184,0.156
4185,0.051
4186,0.112
4187,0.054
4188,0.049
4189,0.049
4190,0.046
4191,0.095
4192,0.068
4193,0.007
4194,0.029
4195,-0.012
4196,-0.012
4197,-0.032
4198,-0.042
4199,-0.063
4200,-0.076
4201,-0.02
4202,-0.063
4203,-0.022
4204,-0.078
4205,-0.068
4206,0.046
4207,0.09
4208,0.046
4209,-0.027
4210,0.015
4211,0.11
4212,0.056
4213,-0.063
4214,-0.046
4215,0.024
4216,-0.039
4217,0.007
4218,0.012
4219,-0.073
4220,-0.061
4221,0.029
4222,-0.095
4223,-0.112
4224,-0.005
4225,0.063
4226,-0.034
4227,-0.002
4228,0.032
4229,0.105
4230,0.063
4231,0.103
4232,0.039
4233,0.02
4234,0.081
4235,0.034
4236,0.032
4237,-0.007
4238,-0.02
4239,-0.063
4240,-0.078
4241,-0.103
4242,-0.083
4243,-0.071
4244,-0.029
4245,0.032
4246,-0.024
4247,-0.095
4248,0.032
4249,0.132
4250,0.061
4251,-0.095
4252,-0.002
4253,-0.022
4254,0.005
4255,-0.068
4256,0.088
4257,0.059
4258,-0.051
4259,0.027
4260,-0.042
4261,-0.027
4262,0.005
4263,-0.029
4264,0.027
4265,-0.007
4266,-0.071
4267,-0.01
4268,-0.017
4269,-0.032
4270,0.034
4271,0.015
4272,0.107
4273,0.022
4274,0.071
4275,0.107
4276,0.117
4277,0.051
4278,-0.054
4279,-0.039
4280,0.002
4281,0.046
4282,-0.005
4283,0.054
4284,-0.081
4285,-0.066
4286,0.081
4287,0.129
4288,0.117
4289,-0.007
4290,-0.015
4291,0.081
4292,0.063
4293,0.037
4294,0.144
4295,0.103
4296,0.015
4297,0.076
4298,0.056
4299,-0.029
4300,0.103
4301,0.117
4302,0.012
4303,-0.024
4304,0.007
4305,0.044
4306,-0.059
4307,-0.044
4308,0.046
4309,-0.017
4310,-0.015
4311,-0.017
4312,0.078
4313,0.059
4314,-0.01
4315,-0.029
4316,0.034
4317,0.085
4318,0.034
4319,0.029
4320,0.034
4321,0.071
4322,0.042
4323,0.039
4324,0.042
4325,-0.056
4326,-0.01
4327,0.056
4328,0.024
4329,0.039
4330,0.027
4331,0.068
4332,-0.059
4333,-0.09
4334,0.015
4335,-0.068
4336,0.005
4337,0.059
4338,0.029
4339,-0.073
4340,-0.176
4341,0.024
4342,-0.186
4343,-0.095
4344,-0.007
4345,-0.083
4346,-0.068
4347,-0.002
4348,-0.054
4349,-0.073
4350,0.049
4351,0.103
4352,-0.078
4353,0.044
4354,0.034
4355,0.039
4356,0.054
4357,0.068
4358,-0.007
4359,0.066
4360,0.007
4361,0.007
4362,0.044
4363,0.071
4364,-0.027
4365,0.068
4366,0.022
4367,0.002
4368,-0.012
4369,-0.063
4370,-0.044
4371,-0.056
4372,-0.037
4373,-0.029
4374,-0.071
4375,-0.132
4376,0.037
4377,0.024
4378,-0.076
4379,0.081
4380,0.076
4381,-0.022
4382,-0.088
4383,-0.027
4384,0.105
4385,0.049
4386,-0.085
4387,-0.029
4388,0.071
4389,0.1
4390,0.039
4391,0.076
4392,0.105
4393,0.1
4394,0.088
4395,-0.022
4396,-0.007
4397,-0.007
4398,0.056
4399,-0.037
4400,-0.022
4401,0.005
4402,-0.012
4403,0.085
4404,-0.034
4405,0.017
4406,0.081
4407,-0.022
4408,-0.032
4409,-0.044
4410,-0.005
4411,0.068
4412,0.063
4413,-0.032
4414,-0.032
4415,0.024
4416,0.061
4417,-0.11
4418,-0.132
4419,-0.049
4420,0.0
4421,0.027
4422,-0.049
4423,-0.059
4424,-0.105
4425,-0.005
4426,0.071
4427,-0.037
4428,-0.056
4429,0.032
4430,0.049
4431,0.088
4432,-0.071
4433,-0.042
4434,0.046
4435,-0.078
4436,-0.073
4437,-0.103
4438,-0.01
4439,-0.142
4440,-0.103
4441,-0.12
4442,-0.066
4443,-0.146
4444,-0.039
4445,-0.037
4446,-0.093
4447,-0.007
4448,-0.156
4449,-0.061
4450,0.037
4451,-0.054
4452,0.061
4453,-0.01
4454,-0.046
4455,-0.044
4456,-0.144
4457,0.144
4458,0.083
4459,-0.059
4460,0.073
4461,-0.044
4462,0.017
4463,0.005
4464,-0.071
4465,0.0
4466,-0.034
4467,0.0
4468,0.159
4469,0.098
4470,0.127
4471,0.188
4472,0.024
4473,-0.01
4474,-0.029
4475,0.037
4476,0.059
4477,0.022
4478,-0.049
4479,-0.017
4480,-0.085
4481,-0.027
4482,-0.188
4483,-0.103
4484,0.032
4485,0.02
4486,0.09
4487,-0.081
4488,0.046
4489,0.149
4490,0.007
4491,-0.02
4492,0.017
4493,0.02
4494,0.085
4495,0.02
4496,0.066
4497,0.122
4498,-0.032
4499,0.02
4500,-0.007
4501,-0.068
4502,-0.005
4503,0.056
4504,-0.059
4505,-0.017
4506,0.049
4507,-0.022
4508,-0.049
4509,-0.122
4510,-0.098
4511,0.042
4512,0.046
4513,0.049
4514,-0.005
4515,0.095
4516,-0.007
4517,-0.176
4518,-0.02
4519,-0.066
4520,0.068
4521,0.034
4522,-0.105
4523,-0.027
4524,-0.1
4525,-0.066
4526,0.029
4527,-0.134
4528,-0.032
4529,-0.005
4530,-0.005
4531,0.146
4532,-0.137
4533,0.024
4534,-0.022
4535,-0.017
4536,0.066
4537,0.056
4538,0.01
4539,0.042
4540,-0.005
4541,0.059
4542,-0.024
4543,-0.085
4544,0.007
4545,0.002
4546,-0.073
4547,0.007
4548,-0.01
4549,0.125
4550,0.09
4551,-0.032
4552,-0.024
4553,-0.085
4554,-0.002
4555,0.056
4556,-0.088
4557,0.027
4558,-0.015
4559,0.054
4560,0.112
4561,0.112
4562,0.059
4563,0.117
4564,-0.071
4565,-0.01
4566,-0.012
4567,-0.027
4568,0.059
4569,0.017
4570,0.093
4571,0.01
4572,0.002
4573,0.154
4574,0.095
4575,0.022
4576,0.144
4577,0.037
4578,0.027
4579,0.076
4580,0.02
4581,-0.024
4582,-0.002
4583,0.059
4584,-0.042
4585,-0.002
4586,-0.061
4587,-0.015
4588,-0.11
4589,-0.044
4590,0.01
4591,0.002
4592,-0.039
4593,-0.071
4594,-0.044
4595,-0.017
4596,-0.015
4597,-0.063
4598,-0.017
4599,0.002
4600,-0.002
4601,-0.027
4602,-0.054
4603,-0.088
4604,0.027
4605,-0.088
4606,-0.068
4607,0.022
4608,-0.029
4609,0.073
4610,-0.029
4611,-0.044
4612,-0.029
4613,0.078
4614,-0.081
4615,-0.063
4616,-0.012
4617,0.103
4618,0.044
4619,0.022
4620,0.105
4621,-0.061
4622,-0.02
4623,0.042
4624,-0.088
4625,-0.071
4626,-0.017
4627,0.029
4628,-0.042
4629,-0.063
4630,-0.029
4631,-0.042
4632,0.042
4633,-0.007
4634,-0.007
4635,0.037
4636,-0.017
4637,-0.051
4638,0.066
4639,0.076
4640,-0.027
4641,0.059
4642,0.0
4643,-0.125
4644,0.027
4645,-0.049
4646,-0.027
4647,0.171
4648,0.073
4649,0.061
4650,-0.056
4651,-0.081
4652,0.125
4653,-0.027
4654,-0.056
4655,0.142
4656,0.122
4657,0.02
4658,0.073
4659,-0.049
4660,0.029
4661,0.007
4662,-0.095
4663,-0.161
4664,-0.083
4665,0.002
4666,0.024
4667,0.01
4668,0.046
4669,0.022
4670,0.032
4671,-0.034
4672,-0.002
4673,0.115
4674,0.115
4675,0.059
4676,-0.034
4677,-0.044
4678,0.032
4679,0.002
4680,-0.059
4681,-0.029
4682,0.024
4683,-0.105
4684,0.005
4685,-0.037
4686,-0.012
4687,0.032
4688,0.051
4689,0.059
4690,0.027
4691,0.068
4692,0.093
4693,0.081
4694,0.051
4695,0.056
4696,0.2
4697,0.115
4698,0.042
4699,-0.01
4700,0.02
4701,0.103
4702,-0.022
4703,-0.083
4704,-0.112
4705,0.012
4706,0.051
4707,-0.024
4708,0.007
4709,0.01
4710,0.027
4711,0.017
4712,0.024
4713,0.054
4714,0.046
4715,-0.032
4716,-0.027
4717,0.081
4718,-0.1
4719,-0.022
4720,0.012
4721,-0.083
4722,-0.144
4723,-0.005
4724,0.02
4725,-0.098
4726,-0.027
4727,-0.085
4728,-0.076
4729,-0.051
4730,0.049
4731,0.01
4732,-0.022
4733,-0.063
4734,0.09
4735,0.103
4736,-0.024
4737,-0.022
4738,-0.017
4739,0.049
4740,-0.071
4741,0.017
4742,0.024
4743,0.051
4744,-0.029
4745,-0.093
4746,-0.046
4747,0.007
4748,0.073
4749,0.042
4750,0.049
4751,0.144
4752,-0.046
4753,-0.088
4754,-0.071
4755,0.071
4756,0.046
4757,0.032
4758,0.002
4759,-0.061
4760,-0.024
4761,0.0
4762,-0.125
4763,-0.09
4764,-0.1
4765,-0.076
4766,-0.037
4767,-0.012
4768,-0.046
4769,-0.029
4770,0.034
4771,-0.039
4772,-0.01
4773,0.002
4774,0.085
4775,-0.034
4776,-0.083
4777,0.029
4778,-0.044
4779,-0.015
4780,-0.02
4781,-0.078
4782,-0.168
4783,-0.134
4784,-0.037
4785,-0.154
4786,-0.098
4787,-0.076
4788,-0.032
4789,-0.107
4790,-0.076
4791,0.005
4792,0.015
4793,-0.034
4794,-0.005
4795,-0.039
4796,-0.012
4797,-0.054
4798,-0.049
4799,-0.063
4800,-0.09
4801,-0.042
4802,-0.02
4803,0.081
4804,-0.054
4805,0.01
4806,-0.081
4807,0.029
4808,0.132
4809,-0.073
4810,-0.093
4811,0.076
4812,0.09
4813,0.063
4814,-0.02
4815,-0.037
4816,0.095
4817,-0.029
4818,-0.042
4819,0.024
4820,-0.005
4821,0.095
4822,-0.027
4823,-0.1
4824,-0.066
4825,-0.054
4826,0.032
4827,-0.132
4828,-0.054
4829,-0.012
4830,-0.005
4831,-0.037
4832,-0.022
4833,-0.024
4834,0.12
4835,0.1
4836,0.034
4837,-0.005
4838,0.007
4839,0.037
4840,0.066
4841,-0.027
4842,0.0
4843,-0.024
4844,-0.024
4845,-0.066
4846,-0.151
4847,-0.164
4848,0.049
4849,0.046
4850,-0.005
4851,-0.073
4852,-0.103
4853,0.061
4854,-0.022
4855,0.024
4856,0.088
4857,0.129
4858,-0.012
4859,-0.01
4860,-0.01
4861,0.059
4862,-0.063
4863,0.024
4864,0.02
4865,-0.042
4866,-0.059
4867,-0.042
4868,-0.081
4869,-0.034
4870,0.017
4871,-0.032
4872,-0.015
4873,-0.042
4874,0.066
4875,-0.017
4876,-0.044
4877,0.088
4878,0.012
4879,0.061
4880,-0.012
4881,-0.061
4882,-0.066
4883,-0.02
4884,0.042
4885,-0.078
4886,-0.015
4887,0.027
4888,-0.095
4889,-0.083
4890,-0.063
4891,-0.11
4892,-0.071
4893,0.042
4894,0.029
4895,0.073
4896,-0.01
4897,0.0
4898,0.061
4899,-0.005
4900,0.02
4901,0.078
4902,0.029
4903,0.005
4904,-0.005
4905,0.007
4906,-0.073
4907,-0.081
4908,-0.044
4909,-0.046
4910,-0.078
4911,-0.068
4912,-0.032
4913,-0.046
4914,-0.083
4915,-0.059
4916,0.042
4917,0.059
4918,-0.1
4919,0.044
4920,0.056
4921,0.024
4922,0.049
4923,-0.029
4924,0.012
4925,0.01
4926,-0.032
4927,0.042
4928,-0.044
4929,0.032
4930,0.042
4931,-0.005
4932,0.117
4933,0.039
4934,0.015
4935,0.029
4936,0.132
4937,0.129
4938,0.017
4939,0.11
4940,0.117
4941,-0.046
4942,0.112
4943,-0.115
4944,-0.127
4945,0.105
4946,0.12
4947,-0.012
4948,-0.073
4949,-0.063
4950,0.049
4951,-0.039
4952,0.0
4953,0.012
4954,0.054
4955,0.012
4956,0.044
4957,0.007
4958,-0.039
4959,0.022
4960,0.015
4961,-0.002
4962,-0.01
4963,0.032
4964,0.01
4965,-0.081
4966,0.051
4967,-0.002
4968,0.007
4969,0.022
4970,0.054
4971,-0.029
4972,-0.022
4973,0.042
4974,0.012
4975,-0.098
4976,0.0
4977,0.042
4978,0.027
4979,0.071
4980,0.071
4981,-0.015
4982,-0.002
4983,0.049
4984,-0.073
4985,-0.098
4986,-0.024
4987,0.085
4988,-0.076
4989,-0.063
4990,0.076
4991,0.02
4992,0.02
4993,0.044
4994,0.044
4995,0.093
4996,0.098
4997,0.076
4998,0.056
4999,0.027
5000,0.02
5001,0.005
5002,-0.017
5003,0.002
5004,0.029
5005,0.076
5006,0.042
5007,0.046
5008,0.015
5009,0.037
5010,0.0
5011,0.098
5012,0.012
5013,0.0
5014,0.046
5015,0.046
5016,-0.024
5017,0.054
5018,-0.032
5019,-0.032
5020,0.032
5021,-0.09
5022,-0.112
5023,-0.005
5024,0.024
5025,-0.059
5026,-0.149
5027,-0.056
5028,0.046
5029,-0.081
5030,-0.063
5031,0.037
5032,0.085
5033,0.02
5034,-0.02
5035,0.051
5036,-0.032
5037,0.154
5038,-0.039
5039,-0.098
5040,0.046
5041,0.063
5042,0.076
5043,-0.005
5044,-0.032
5045,0.054
5046,0.029
5047,-0.076
5048,-0.083
5049,-0.039
5050,0.063
5051,0.071
5052,-0.098
5053,0.027
5054,0.063
5055,0.015
5056,0.081
5057,0.005
5058,-0.015
5059,-0.129
5060,-0.112
5061,0.142
5062,0.095
5063,-0.024
5064,-0.027
5065,-0.125
5066,-0.002
5067,-0.056
5068,-0.088
5069,0.059
5070,-0.017
5071,-0.049
5072,-0.049
5073,-0.017
5074,-0.088
5075,-0.032
5076,0.024
5077,0.034
5078,0.024
5079,0.149
5080,0.037
5081,0.002
5082,0.093
5083,0.054
5084,-0.051
5085,0.002
5086,0.034
5087,-0.01
5088,-0.029
5089,-0.049
5090,-0.039
5091,0.076
5092,-0.034
5093,-0.093
5094,0.063
5095,0.088
5096,0.071
5097,-0.051
5098,0.037
5099,0.156
5100,0.046
5101,0.012
5102,0.039
5103,0.046
5104,0.049
5105,0.029
5106,0.002
5107,0.063
5108,0.068
5109,0.095
5110,-0.054
5111,0.068
5112,0.02
5113,-0.002
5114,-0.085
5115,-0.039
5116,-0.049
5117,-0.029
5118,0.103
5119,-0.039
5120,-0.168
5121,0.029
5122,-0.029
5123,-0.093
5124,-0.037
5125,0.022
5126,-0.066
5127,-0.183
5128,0.09
5129,-0.01
5130,-0.146
5131,-0.046
5132,-0.034
5133,-0.042
5134,-0.01
5135,-0.007
5136,0.068
5137,-0.002
5138,0.054
5139,-0.034
5140,-0.1
5141,0.112
5142,-0.112
5143,-0.042
5144,0.068
5145,-0.022
5146,-0.015
5147,-0.081
5148,-0.005
5149,0.039
5150,0.002
5151,0.051
5152,0.085
5153,0.022
5154,0.083
5155,0.039
5156,0.007
5157,0.051
5158,0.027
5159,-0.027
5160,0.12
5161,0.142
5162,-0.032
5163,0.125
5164,-0.022
5165,-0.029
5166,-0.002
5167,0.02
5168,0.005
5169,-0.059
5170,-0.029
5171,-0.029
5172,-0.01
5173,0.029
5174,-0.027
5175,0.007
5176,-0.032
5177,-0.046
5178,0.127
5179,-0.054
5180,-0.01
5181,0.076
5182,0.002
5183,0.081
5184,-0.02
5185,0.039
5186,-0.017
5187,-0.127
5188,-0.042
5189,0.01
5190,-0.037
5191,-0.144
5192,-0.029
5193,0.005
5194,-0.017
5195,-0.024
5196,-0.002
5197,-0.054
5198,0.02
5199,0.11
5200,0.032
5201,-0.044
5202,-0.083
5203,0.103
5204,0.078
5205,-0.032
5206,-0.107
5207,-0.01
5208,0.039
5209,-0.144
5210,-0.09
5211,0.034
5212,-0.073
5213,-0.09
5214,-0.078
5215,-0.093
5216,0.063
5217,0.039
5218,-0.012
5219,0.01
5220,0.144
5221,0.186
5222,0.066
5223,0.061
5224,0.002
5225,0.081
5226,0.11
5227,0.051
5228,-0.024
5229,-0.02
5230,0.034
5231,-0.063
5232,-0.176
5233,-0.095
5234,-0.039
5235,-0.032
5236,-0.151
5237,-0.034
5238,0.042
5239,-0.005
5240,-0.044
5241,-0.044
5242,0.034
5243,0.09
5244,0.054
5245,0.005
5246,0.056
5247,-0.066
5248,0.024
5249,0.022
5250,-0.024
5251,-0.051
5252,0.002
5253,-0.027
5254,-0.024
5255,-0.015
5256,0.0
5257,0.017
5258,-0.039
5259,-0.056
5260,0.01
5261,0.117
5262,0.073
5263,0.012
5264,0.032
5265,0.125
5266,0.071
5267,-0.002
5268,0.024
5269,-0.042
5270,-0.005
5271,-0.051
5272,0.02
5273,-0.037
5274,-0.059
5275,-0.039
5276,0.071
5277,0.098
5278,0.071
5279,0.037
5280,0.144
5281,0.051
5282,-0.012
5283,-0.02
5284,-0.093
5285,0.029
5286,0.054
5287,0.085
5288,-0.042
5289,-0.09
5290,0.032
5291,-0.056
5292,0.02
5293,-0.122
5294,-0.105
5295,0.032
5296,-0.066
5297,-0.105
5298,-0.022
5299,-0.017
5300,-0.032
5301,-0.005
5302,0.078
5303,0.044
5304,0.0
5305,0.005
5306,-0.063
5307,-0.12
5308,-0.137
5309,-0.071
5310,-0.137
5311,-0.034
5312,-0.095
5313,-0.066
5314,-0.159
5315,-0.127
5316,0.054
5317,0.042
5318,-0.068
5319,0.005
5320,0.027
5321,0.024
5322,-0.049
5323,0.007
5324,0.056
5325,0.037
5326,-0.051
5327,-0.09
5328,-0.049
5329,-0.095
5330,-0.054
5331,-0.066
5332,-0.137
5333,-0.054
5334,-0.103
5335,-0.105
5336,-0.039
5337,-0.054
5338,0.017
5339,-0.012
5340,-0.049
5341,-0.02
5342,0.024
5343,0.034
5344,0.054
5345,0.103
5346,0.112
5347,0.002
5348,0.017
5349,-0.049
5350,-0.051
5351,-0.005
5352,-0.076
5353,0.002
5354,-0.11
5355,-0.078
5356,0.015
5357,-0.068
5358,-0.024
5359,0.02
5360,-0.002
5361,0.059
5362,0.007
5363,0.085
5364,0.093
5365,0.022
5366,-0.039
5367,-0.054
5368,0.024
5369,-0.024
5370,-0.034
5371,-0.176
5372,-0.139
5373,-0.051
5374,-0.005
5375,-0.107
5376,-0.122
5377,-0.027
5378,0.071
5379,-0.034
5380,0.024
5381,0.02
5382,0.012
5383,0.078
5384,0.015
5385,0.029
5386,0.09
5387,0.071
5388,0.02
5389,-0.105
5390,-0.037
5391,0.002
5392,-0.132
5393,-0.11
5394,-0.076
5395,-0.068
5396,-0.032
5397,-0.002
5398,-0.068
5399,-0.022
5400,-0.103
5401,-0.049
5402,-0.015
5403,-0.071
5404,-0.037
5405,-0.012
5406,-0.024
5407,0.002
5408,0.01
5409,-0.125
5410,-0.056
5411,-0.054
5412,-0.046
5413,-0.015
5414,-0.015
5415,-0.039
5416,-0.112
5417,-0.066
5418,0.093
5419,-0.044
5420,-0.076
5421,-0.032
5422,0.049
5423,0.098
5424,0.029
5425,-0.024
5426,0.076
5427,0.051
5428,0.005
5429,-0.032
5430,0.002
5431,-0.032
5432,-0.039
5433,-0.049
5434,-0.007
5435,-0.005
5436,-0.005
5437,0.046
5438,-0.071
5439,-0.11
5440,-0.071
5441,-0.024
5442,-0.027
5443,-0.049
5444,-0.012
5445,0.063
5446,-0.02
5447,-0.022
5448,0.027
5449,-0.017
5450,-0.042
5451,-0.051
5452,0.015
5453,0.098
5454,-0.01
5455,-0.071
5456,-0.11
5457,-0.144
5458,-0.085
5459,-0.002
5460,0.005
5461,-0.002
5462,-0.076
5463,0.105
5464,0.066
5465,0.029
5466,0.12
5467,0.107
5468,0.005
5469,-0.063
5470,0.02
5471,0.002
5472,-0.088
5473,-0.051
5474,-0.107
5475,-0.12
5476,-0.085
5477,-0.007
5478,-0.095
5479,-0.149
5480,0.125
5481,-0.022
5482,-0.039
5483,0.022
5484,-0.024
5485,0.098
5486,-0.007
5487,0.024
5488,0.032
5489,-0.071
5490,-0.11
5491,-0.046
5492,-0.042
5493,-0.061
5494,-0.083
5495,-0.085
5496,-0.063
5497,-0.112
5498,-0.046
5499,-0.056
5500,-0.056
5501,-0.056
5502,-0.022
5503,0.078
5504,0.037
5505,0.1
5506,0.037
5507,0.046
5508,0.066
5509,0.134
5510,-0.044
5511,0.02
5512,0.151
5513,0.09
5514,0.063
5515,-0.107
5516,-0.032
5517,-0.044
5518,0.02
5519,0.037
5520,-0.105
5521,-0.022
5522,0.012
5523,0.027
5524,0.054
5525,0.012
5526,-0.027
5527,0.063
5528,-0.012
5529,0.029
5530,0.029
5531,0.044
5532,-0.015
5533,0.059
5534,0.056
5535,-0.059
5536,-0.081
5537,0.054
5538,0.01
5539,-0.078
5540,0.012
5541,0.066
5542,0.01
5543,-0.029
5544,0.007
5545,0.103
5546,0.054
5547,0.103
5548,-0.002
5549,0.029
5550,-0.01
5551,0.007
5552,-0.02
5553,-0.002
5554,-0.024
5555,-0.054
5556,-0.007
5557,-0.012
5558,-0.081
5559,-0.037
5560,-0.056
5561,0.046
5562,-0.032
5563,-0.134
5564,-0.061
5565,0.066
5566,0.081
5567,0.061
5568,0.002
5569,-0.02
5570,0.09
5571,-0.012
5572,-0.012
5573,0.046
5574,0.015
5575,-0.024
5576,-0.002
5577,-0.137
5578,-0.029
5579,-0.012
5580,-0.049
5581,-0.051
5582,-0.088
5583,0.071
5584,0.02
5585,-0.061
5586,-0.093
5587,0.007
5588,0.049
5589,0.056
5590,-0.015
5591,0.037
5592,-0.007
5593,0.088
5594,-0.02
5595,-0.059
5596,-0.083
5597,-0.012
5598,-0.032
5599,-0.081
5600,0.046
5601,0.107
5602,0.024
5603,0.042
5604,0.044
5605,0.083
5606,0.078
5607,0.042
5608,0.071
5609,0.129
5610,0.105
5611,-0.039
5612,0.01
5613,-0.01
5614,-0.068
5615,-0.127
5616,-0.02
5617,-0.032
5618,0.146
5619,0.083
5620,-0.076
5621,-0.068
5622,0.073
5623,0.105
5624,0.071
5625,0.054
5626,0.024
5627,0.0
5628,0.027
5629,0.083
5630,0.063
5631,0.024
5632,-0.012
5633,-0.005
5634,0.017
5635,0.012
5636,0.017
5637,0.056
5638,0.022
5639,0.024
5640,0.029
5641,0.022
5642,0.007
5643,-0.017
5644,0.071
5645,0.066
5646,0.027
5647,0.083
5648,0.044
5649,0.078
5650,0.063
5651,0.037
5652,0.046
5653,0.022
5654,0.042
5655,0.002
5656,-0.022
5657,-0.059
5658,-0.022
5659,-0.002
5660,-0.203
5661,-0.066
5662,0.015
5663,0.017
5664,0.01
5665,0.0
5666,0.056
5667,0.015
5668,-0.034
5669,-0.012
5670,-0.049
5671,-0.015
5672,-0.032
5673,-0.066
5674,-0.005
5675,0.015
5676,0.029
5677,-0.024
5678,-0.049
5679,-0.042
5680,0.073
5681,-0.015
5682,-0.056
5683,-0.002
5684,0.029
5685,-0.012
5686,-0.02
5687,0.078
5688,-0.032
5689,-0.071
5690,-0.024
5691,0.056
5692,0.061
5693,0.081
5694,0.093
5695,-0.039
5696,-0.039
5697,0.083
5698,-0.005
5699,0.034
5700,0.144
5701,0.129
5702,0.068
5703,0.098
5704,0.02
5705,0.095
5706,0.032
5707,-0.059
5708,0.125
5709,0.1
5710,0.076
5711,0.063
5712,-0.166
5713,0.01
5714,-0.056
5715,-0.049
5716,-0.117
5717,-0.083
5718,0.073
5719,-0.042
5720,-0.039
5721,-0.098
5722,-0.01
5723,-0.007
5724,-0.015
5725,0.037
5726,0.054
5727,0.098
5728,0.049
5729,0.022
5730,0.078
5731,0.129
5732,-0.093
5733,-0.037
5734,0.071
5735,-0.049
5736,-0.042
5737,0.044
5738,0.063
5739,-0.034
5740,-0.061
5741,0.154
5742,0.02
5743,-0.012
5744,0.024
5745,0.107
5746,0.085
5747,-0.059
5748,-0.017
5749,0.042
5750,0.063
5751,-0.071
5752,-0.005
5753,-0.032
5754,-0.144
5755,-0.125
5756,0.046
5757,-0.054
5758,-0.073
5759,-0.061
5760,0.007
5761,-0.063
5762,-0.134
5763,-0.034
5764,-0.068
5765,0.049
5766,0.032
5767,0.022
5768,0.063
5769,-0.01
5770,-0.078
5771,-0.032
5772,-0.02
5773,-0.076
5774,-0.083
5775,-0.081
5776,-0.037
5777,-0.054
5778,0.0
5779,-0.066
5780,-0.176
5781,-0.095
5782,0.015
5783,0.002
5784,-0.132
5785,-0.11
5786,0.056
5787,0.012
5788,-0.061
5789,0.066
5790,0.059
5791,0.071
5792,-0.037
5793,-0.015
5794,0.012
5795,-0.007
5796,-0.017
5797,-0.049
5798,-0.093
5799,-0.1
5800,0.01
5801,-0.037
5802,-0.051
5803,0.005
5804,-0.027
5805,0.081
5806,0.073
5807,-0.056
5808,-0.046
5809,0.015
5810,0.134
5811,0.068
5812,0.029
5813,0.088
5814,0.061
5815,0.022
5816,0.034
5817,0.054
5818,0.034
5819,0.007
5820,0.029
5821,-0.01
5822,-0.083
5823,0.027
5824,-0.081
5825,-0.029
5826,0.01
5827,0.01
5828,0.002
5829,-0.1
5830,-0.032
5831,0.098
5832,0.129
5833,-0.027
5834,-0.1
5835,-0.029
5836,0.071
5837,-0.051
5838,-0.039
5839,-0.063
5840,-0.005
5841,-0.046
5842,-0.098
5843,-0.042
5844,-0.012
5845,-0.059
5846,-0.007
5847,-0.081
5848,-0.042
5849,0.088
5850,0.049
5851,-0.059
5852,-0.083
5853,0.029
5854,0.107
5855,-0.002
5856,-0.044
5857,-0.007
5858,-0.042
5859,-0.039
5860,-0.022
5861,0.02
5862,-0.024
5863,-0.085
5864,-0.007
5865,-0.105
5866,-0.078
5867,0.044
5868,0.049
5869,0.154
5870,-0.005
5871,0.056
5872,0.056
5873,-0.034
5874,0.059
5875,0.051
5876,0.054
5877,-0.015
5878,0.017
5879,0.083
5880,0.132
5881,0.017
5882,-0.098
5883,0.024
5884,0.002
5885,0.044
5886,0.063
5887,0.044
5888,0.022
5889,0.12
5890,0.0
5891,0.044
5892,0.0
5893,-0.005
5894,-0.144
5895,-0.161
5896,-0.078
5897,-0.002
5898,0.068
5899,-0.081
5900,-0.059
5901,0.051
5902,0.005
5903,-0.063
5904,-0.129
5905,0.029
5906,0.098
5907,-0.054
5908,-0.056
5909,0.046
5910,-0.01
5911,0.054
5912,0.024
5913,0.073
5914,0.024
5915,-0.02
5916,-0.037
5917,-0.156
5918,-0.137
5919,-0.01
5920,0.012
5921,-0.061
5922,-0.112
5923,-0.039
5924,-0.195
5925,-0.1
5926,0.024
5927,0.024
5928,0.042
5929,-0.02
5930,-0.027
5931,-0.012
5932,0.042
5933,0.073
5934,-0.015
5935,-0.017
5936,0.002
5937,-0.032
5938,-0.061
5939,-0.178
5940,-0.173
5941,-0.059
5942,-0.059
5943,-0.027
5944,-0.12
5945,-0.032
5946,0.051
5947,-0.037
5948,-0.105
5949,0.02
5950,0.061
5951,0.071
5952,0.024
5953,0.027
5954,0.005
5955,-0.09
5956,-0.01
5957,0.002
5958,-0.007
5959,0.044
5960,-0.002
5961,0.024
5962,-0.127
5963,-0.039
5964,0.017
5965,-0.022
5966,-0.061
5967,0.029
5968,-0.024
5969,0.007
5970,0.005
5971,0.056
5972,-0.017
5973,0.02
5974,0.01
5975,-0.034
5976,-0.088
5977,-0.085
5978,0.022
5979,-0.071
5980,-0.01
5981,0.032
5982,-0.083
5983,-0.044
5984,-0.044
5985,-0.066
5986,-0.012
5987,0.115
5988,0.142
5989,0.01
5990,0.085
5991,0.115
5992,-0.017
5993,0.1
5994,0.034
5995,0.042
5996,0.002
5997,-0.115
5998,0.049
5999,-0.061
6000,-0.005
6001,-0.022
6002,-0.093
6003,-0.071
6004,-0.051
6005,-0.093
6006,-0.017
6007,0.095
6008,0.027
6009,-0.039
6010,0.032
6011,0.007
6012,-0.044
6013,0.051
6014,-0.017
6015,-0.012
6016,-0.022
6017,-0.173
6018,-0.066
6019,-0.049
6020,0.017
6021,-0.032
6022,-0.122
6023,0.015
6024,-0.046
6025,-0.12
6026,-0.042
6027,-0.071
6028,0.044
6029,0.037
6030,0.024
6031,-0.01
6032,0.081
6033,0.054
6034,0.02
6035,0.137
6036,0.095
6037,-0.09
6038,-0.049
6039,-0.061
6040,-0.076
6041,-0.115
6042,-0.044
6043,0.012
6044,-0.151
6045,-0.171
6046,-0.105
6047,0.117
6048,-0.012
6049,0.068
6050,0.088
6051,-0.002
6052,-0.01
6053,0.063
6054,-0.01
6055,0.083
6056,0.029
6057,0.002
6058,-0.034
6059,0.015
6060,-0.039
6061,0.01
6062,-0.046
6063,-0.083
6064,0.022
6065,0.027
6066,-0.044
6067,-0.042
6068,0.015
6069,0.022
6070,0.007
6071,0.056
6072,0.071
6073,0.02
6074,0.059
6075,0.051
6076,0.022
6077,0.027
6078,0.02
6079,0.076
6080,-0.02
6081,0.049
6082,-0.051
6083,-0.034
6084,-0.083
6085,-0.105
6086,-0.073
6087,-0.122
6088,-0.139
6089,-0.125
6090,-0.002
6091,-0.017
6092,-0.024
6093,-0.056
6094,-0.09
6095,0.059
6096,0.0
6097,-0.044
6098,0.007
6099,0.02
6100,-0.027
6101,-0.12
6102,-0.225
6103,-0.159
6104,0.066
6105,-0.1
6106,-0.059
6107,0.042
6108,-0.01
6109,-0.027
6110,-0.032
6111,-0.012
6112,0.029
6113,0.0
6114,0.024
6115,0.0
6116,0.015
6117,0.054
6118,0.049
6119,-0.027
6120,0.02
6121,0.039
6122,-0.085
6123,-0.039
6124,0.007
6125,0.063
6126,0.029
6127,0.007
6128,0.017
6129,0.022
6130,0.076
6131,0.073
6132,-0.02
6133,0.098
6134,0.068
6135,0.032
6136,0.029
6137,0.117
6138,0.037
6139,0.01
6140,0.02
6141,-0.027
6142,0.056
6143,0.071
6144,0.0
6145,-0.093
6146,0.037
6147,0.076
6148,-0.039
6149,0.042
6150,0.068
6151,0.049
6152,0.015
6153,0.098
6154,0.095
6155,-0.029
6156,-0.02
6157,0.039
6158,-0.095
6159,-0.076
6160,-0.02
6161,-0.002
6162,0.0
6163,-0.061
6164,-0.1
6165,-0.085
6166,-0.1
6167,-0.186
6168,-0.054
6169,-0.032
6170,-0.083
6171,-0.034
6172,0.007
6173,0.059
6174,-0.037
6175,-0.01
6176,0.037
6177,-0.002
6178,-0.103
6179,-0.115
6180,-0.088
6181,-0.061
6182,-0.037
6183,-0.093
6184,-0.11
6185,-0.056
6186,-0.154
6187,-0.112
6188,-0.12
6189,-0.117
6190,-0.088
6191,-0.078
6192,-0.01
6193,0.063
6194,0.049
6195,0.095
6196,-0.049
6197,0.0
6198,0.037
6199,0.093
6200,-0.032
6201,-0.066
6202,-0.066
6203,-0.044
6204,-0.012
6205,-0.044
6206,0.012
6207,0.01
6208,0.029
6209,0.01
6210,-0.1
6211,-0.063
6212,0.032
6213,0.132
6214,0.027
6215,0.0
6216,0.061
6217,0.129
6218,0.161
6219,0.002
6220,-0.046
6221,0.171
6222,0.183
6223,0.061
6224,-0.029
6225,0.105
6226,-0.042
6227,0.027
6228,0.085
6229,-0.039
6230,0.039
6231,0.061
6232,-0.01
6233,-0.034
6234,0.039
6235,0.183
6236,-0.012
6237,-0.049
6238,0.051
6239,0.066
6240,-0.029
6241,0.103
6242,0.061
6243,0.081
6244,0.078
6245,0.056
6246,0.032
6247,-0.088
6248,0.032
6249,-0.015
6250,-0.01
6251,0.037
6252,-0.129
6253,0.032
6254,0.076
6255,-0.037
6256,0.02
6257,0.024
6258,0.005
6259,0.002
6260,0.005
6261,-0.027
6262,-0.017
6263,0.017
6264,0.063
6265,-0.076
6266,-0.029
6267,0.034
6268,0.01
6269,-0.117
6270,-0.159
6271,-0.071
6272,0.071
6273,-0.007
6274,-0.017
6275,-0.032
6276,-0.083
6277,-0.005
6278,-0.005
6279,0.068
6280,0.007
6281,0.032
6282,-0.054
6283,-0.032
6284,-0.046
6285,-0.01
6286,0.01
6287,0.007
6288,-0.049
6289,-0.127
6290,-0.007
6291,-0.046
6292,0.002
6293,-0.076
6294,0.024
6295,0.117
6296,0.078
6297,0.037
6298,-0.137
6299,0.081
6300,0.081
6301,0.002
6302,0.083
6303,-0.012
6304,0.024
6305,0.015
6306,-0.093
6307,-0.093
6308,0.122
6309,0.11
6310,0.081
6311,-0.012
6312,0.115
6313,0.132
6314,0.154
6315,0.088
6316,0.044
6317,0.129
6318,0.11
6319,0.103
6320,0.081
6321,-0.005
6322,0.125
6323,0.142
6324,-0.022
6325,0.039
6326,0.11
6327,-0.007
6328,0.071
6329,-0.017
6330,0.081
6331,0.137
6332,0.024
6333,0.032
6334,0.049
6335,-0.02
6336,0.107
6337,-0.02
6338,-0.042
6339,-0.002
6340,-0.056
6341,0.0
6342,-0.042
6343,-0.098
6344,-0.066
6345,-0.078
6346,-0.066
6347,-0.066
6348,0.042
6349,-0.059
6350,-0.044
6351,-0.005
6352,-0.017
6353,0.056
6354,-0.059
6355,-0.095
6356,0.051
6357,-0.093
6358,-0.012
6359,-0.032
6360,-0.012
6361,0.088
6362,-0.046
6363,-0.127
6364,-0.068
6365,-0.02
6366,0.051
6367,-0.051
6368,-0.002
6369,0.085
6370,-0.117
6371,-0.22
6372,0.002
6373,0.017
6374,0.042
6375,-0.061
6376,0.0
6377,-0.007
6378,0.049
6379,0.02
6380,-0.012
6381,-0.007
6382,-0.039
6383,-0.051
6384,-0.061
6385,-0.022
6386,0.037
6387,-0.103
6388,0.015
6389,-0.044
6390,-0.049
6391,0.032
6392,0.081
6393,-0.056
6394,0.088
6395,0.166
6396,-0.024
6397,-0.02
6398,0.139
6399,-0.005
6400,-0.059
6401,-0.071
6402,0.029
6403,0.046
6404,-0.085
6405,-0.005
6406,-0.095
6407,-0.122
6408,0.005
6409,-0.078
6410,-0.144
6411,0.002
6412,0.027
6413,-0.098
6414,-0.005
6415,0.022
6416,0.063
6417,0.054
6418,0.046
6419,0.127
6420,0.051
6421,0.056
6422,0.083
6423,-0.081
6424,-0.029
6425,0.005
6426,0.083
6427,-0.066
6428,-0.1
6429,-0.046
6430,0.027
6431,-0.103
6432,-0.164
6433,-0.093
6434,0.049
6435,0.044
6436,0.029
6437,-0.042
6438,0.032
6439,0.049
6440,-0.059
6441,-0.02
6442,0.002
6443,0.029
6444,-0.054
6445,0.01
6446,0.017
6447,-0.051
6448,-0.073
6449,-0.051
6450,-0.103
6451,0.073
6452,-0.007
6453,-0.024
6454,-0.012
6455,0.061
6456,0.024
6457,-0.103
6458,-0.081
6459,0.029
6460,0.01
6461,-0.061
6462,-0.012
6463,0.01
6464,-0.029
6465,-0.134
6466,-0.032
6467,-0.027
6468,0.027
6469,0.015
6470,-0.012
6471,-0.059
6472,-0.005
6473,0.01
6474,0.046
6475,-0.056
6476,-0.042
6477,0.054
6478,0.044
6479,0.034
6480,-0.022
6481,0.015
6482,0.12
6483,0.027
6484,-0.049
6485,0.044
6486,-0.012
6487,0.044
6488,0.068
6489,-0.12
6490,-0.125
6491,-0.088
6492,0.054
6493,-0.024
6494,-0.063
6495,0.007
6496,0.007
6497,0.034
6498,-0.105
6499,0.1
6500,0.073
6501,0.007
6502,0.061
6503,-0.015
6504,0.068
6505,0.073
6506,0.022
6507,-0.007
6508,-0.112
6509,0.061
6510,0.015
6511,-0.054
6512,0.0
6513,-0.056
6514,-0.1
6515,0.005
6516,0.044
6517,-0.037
6518,0.044
6519,0.005
6520,-0.012
6521,-0.071
6522,-0.107
6523,0.129
6524,-0.01
6525,-0.046
6526,0.071
6527,0.027
6528,-0.103
6529,-0.095
6530,-0.046
6531,-0.027
6532,0.01
6533,-0.083
6534,0.051
6535,-0.063
6536,-0.095
6537,0.015
6538,0.081
6539,0.059
6540,0.046
6541,-0.027
6542,0.063
6543,0.0
6544,-0.029
6545,0.032
6546,0.039
6547,0.056
6548,0.049
6549,0.093
6550,-0.039
6551,-0.068
6552,0.039
6553,-0.132
6554,-0.159
6555,0.029
6556,0.09
6557,0.129
6558,0.0
6559,0.017
6560,0.154
6561,0.029
6562,0.02
6563,0.042
6564,0.054
6565,0.056
6566,0.073
6567,0.037
6568,-0.002
6569,0.002
6570,-0.051
6571,-0.181
6572,-0.056
6573,0.0
6574,-0.017
6575,-0.059
6576,-0.051
6577,0.015
6578,0.068
6579,0.042
6580,-0.049
6581,-0.002
6582,-0.02
6583,0.024
6584,0.151
6585,-0.049
6586,0.054
6587,0.049
6588,0.042
6589,0.01
6590,0.02
6591,-0.029
6592,0.002
6593,0.071
6594,0.1
6595,-0.046
6596,-0.061
6597,0.09
6598,0.005
6599,-0.015
6600,0.056
6601,0.107
6602,-0.012
6603,-0.034
6604,0.098
6605,0.039
6606,0.037
6607,-0.02
6608,0.107
6609,0.042
6610,-0.015
6611,-0.059
6612,-0.01
6613,-0.027
6614,-0.061
6615,-0.027
6616,-0.037
6617,0.005
6618,-0.005
6619,-0.054
6620,0.017
6621,0.029
6622,-0.056
6623,0.085
6624,-0.046
6625,0.034
6626,0.01
6627,-0.029
6628,-0.029
6629,-0.098
6630,-0.093
6631,0.012
6632,-0.039
6633,-0.051
6634,0.012
6635,-0.095
6636,-0.044
6637,0.029
6638,0.01
6639,0.029
6640,0.051
6641,0.015
6642,0.015
6643,0.066
6644,0.017
6645,0.007
6646,0.002
6647,-0.046
6648,0.005
6649,0.022
6650,-0.088
6651,-0.088
6652,-0.034
6653,0.022
6654,-0.022
6655,-0.037
6656,-0.017
6657,-0.059
6658,-0.039
6659,-0.073
6660,-0.02
6661,-0.029
6662,0.044
6663,0.0
6664,-0.044
6665,0.01
6666,0.107
6667,0.02
6668,0.061
6669,0.081
6670,-0.042
6671,-0.029
6672,-0.029
6673,0.027
6674,0.032
6675,0.002
6676,0.061
6677,0.005
6678,0.046
6679,0.125
6680,0.049
6681,0.042
6682,0.061
6683,0.098
6684,0.039
6685,-0.059
6686,-0.024
6687,0.012
6688,-0.063
6689,-0.09
6690,-0.093
6691,-0.039
6692,-0.066
6693,-0.051
6694,0.022
6695,-0.005
6696,-0.139
6697,-0.115
6698,-0.034
6699,0.073
6700,-0.11
6701,-0.039
6702,0.0
6703,0.029
6704,0.002
6705,0.093
6706,0.049
6707,0.081
6708,0.107
6709,0.078
6710,-0.002
6711,-0.037
6712,0.034
6713,-0.032
6714,0.037
6715,-0.017
6716,-0.056
6717,-0.029
6718,-0.005
6719,0.078
6720,0.02
6721,-0.007
6722,-0.034
6723,-0.034
6724,0.002
6725,0.027
6726,-0.012
6727,-0.01
6728,-0.042
6729,0.002
6730,-0.012
6731,0.015
6732,-0.063
6733,0.039
6734,-0.034
6735,-0.137
6736,0.066
6737,-0.029
6738,-0.073
6739,-0.034
6740,0.059
6741,0.012
6742,-0.002
6743,0.151
6744,0.005
6745,-0.037
6746,0.049
6747,0.127
6748,-0.005
6749,-0.027
6750,-0.115
6751,0.034
6752,-0.085
6753,-0.037
6754,0.073
6755,-0.129
6756,-0.139
6757,-0.046
6758,0.015
6759,0.0
6760,0.051
6761,-0.012
6762,-0.054
6763,0.002
6764,0.017
6765,-0.02
6766,-0.051
6767,-0.024
6768,0.149
6769,0.015
6770,-0.042
6771,-0.11
6772,-0.032
6773,-0.142
6774,-0.095
6775,-0.024
6776,-0.173
6777,-0.054
6778,-0.117
6779,-0.161
6780,-0.032
6781,0.037
6782,-0.044
6783,-0.032
6784,0.02
6785,0.007
6786,-0.027
6787,0.017
6788,-0.032
6789,-0.042
6790,-0.034
6791,-0.044
6792,-0.017
6793,-0.098
6794,-0.044
6795,-0.137
6796,-0.071
6797,-0.005
6798,0.044
6799,-0.078
6800,-0.01
6801,0.095
6802,-0.051
6803,0.029
6804,0.002
6805,0.007
6806,0.107
6807,-0.002
6808,-0.042
6809,-0.012
6810,-0.049
6811,-0.012
6812,-0.01
6813,-0.059
6814,-0.103
6815,-0.044
6816,0.02
6817,-0.1
6818,-0.098
6819,-0.01
6820,0.012
6821,-0.051
6822,-0.024
6823,-0.068
6824,-0.093
6825,0.032
6826,0.049
6827,-0.044
6828,0.049
6829,0.173
6830,0.127
6831,-0.076
6832,-0.051
6833,-0.022
6834,0.01
6835,-0.049
6836,0.007
6837,0.02
6838,0.032
6839,-0.022
6840,0.015
6841,0.034
6842,0.054
6843,0.125
6844,0.005
6845,-0.01
6846,0.046
6847,0.156
6848,0.093
6849,0.037
6850,0.02
6851,-0.01
6852,0.015
6853,-0.059
6854,0.005
6855,0.054
6856,0.01
6857,0.042
6858,-0.012
6859,-0.098
6860,-0.017
6861,-0.029
6862,-0.017
6863,0.071
6864,-0.049
6865,-0.007
6866,0.046
6867,0.017
6868,0.071
6869,-0.015
6870,0.015
6871,0.022
6872,-0.061
6873,-0.037
6874,-0.059
6875,-0.073
6876,-0.032
6877,-0.078
6878,-0.105
6879,-0.007
6880,-0.105
6881,-0.117
6882,-0.066
6883,0.093
6884,-0.115
6885,-0.085
6886,0.01
6887,0.046
6888,-0.056
6889,0.024
6890,0.005
6891,-0.029
6892,-0.059
6893,-0.039
6894,-0.017
6895,-0.049
6896,-0.083
6897,-0.027
6898,-0.059
6899,-0.137
6900,-0.078
6901,0.012
6902,-0.012
6903,-0.042
6904,-0.059
6905,0.081
6906,-0.007
6907,-0.046
6908,0.044
6909,0.049
6910,0.049
6911,0.037
6912,-0.017
6913,-0.027
6914,-0.056
6915,0.095
6916,0.051
6917,-0.071
6918,-0.01
6919,0.059
6920,0.083
6921,0.027
6922,-0.034
6923,0.007
6924,0.054
6925,0.007
6926,-0.049
6927,0.027
6928,0.1
6929,0.088
6930,0.081
6931,0.083
6932,0.073
6933,0.054
6934,0.034
6935,0.056
6936,0.012
6937,-0.066
6938,-0.037
6939,0.1
6940,0.059
6941,-0.007
6942,0.034
6943,0.061
6944,0.083
6945,-0.015
6946,-0.095
6947,0.049
6948,0.125
6949,-0.032
6950,-0.037
6951,0.088
6952,-0.024
6953,-0.02
6954,0.083
6955,0.034
6956,-0.002
6957,-0.056
6958,-0.017
6959,-0.032
6960,-0.09
6961,0.049
6962,0.078
6963,0.012
6964,0.068
6965,0.01
6966,-0.034
6967,0.09
6968,-0.056
6969,0.032
6970,0.01
6971,-0.002
6972,0.044
6973,0.037
6974,-0.02
6975,-0.02
6976,-0.095
6977,-0.037
6978,-0.066
6979,-0.005
6980,0.083
6981,0.034
6982,0.054
6983,-0.02
6984,-0.081
6985,0.032
6986,0.005
6987,0.029
6988,0.044
6989,-0.015
6990,-0.034
6991,-0.09
6992,-0.039
6993,-0.081
6994,-0.005
6995,-0.024
6996,-0.125
6997,-0.159
6998,0.076
6999,-0.166
7000,0.029
7001,-0.037
7002,-0.024
7003,0.02
7004,0.01
7005,-0.01
7006,0.098
7007,-0.027
7008,0.049
7009,0.063
7010,0.066
7011,-0.039
7012,-0.02
7013,0.044
7014,0.051
7015,-0.046
7016,-0.017
7017,-0.076
7018,-0.076
7019,0.0
7020,-0.015
7021,-0.032
7022,-0.029
7023,0.071
7024,-0.098
7025,-0.044
7026,0.022
7027,0.083
7028,0.032
7029,0.09
7030,-0.007
7031,-0.01
7032,0.039
7033,0.068
7034,0.039
7035,0.134
7036,-0.027
7037,0.012
7038,0.051
7039,-0.081
7040,-0.073
7041,0.034
7042,-0.002
7043,-0.11
7044,-0.068
7045,0.017
7046,0.044
7047,-0.061
7048,0.01
7049,0.085
7050,0.015
7051,0.044
7052,-0.015
7053,-0.049
7054,0.071
7055,-0.049
7056,0.012
7057,-0.02
7058,-0.005
7059,-0.02
7060,-0.037
7061,-0.059
7062,0.017
7063,-0.049
7064,-0.032
7065,-0.022
7066,-0.063
7067,-0.012
7068,0.073
7069,0.032
7070,-0.007
7071,0.024
7072,0.012
7073,0.024
7074,-0.015
7075,0.063
7076,0.046
7077,0.027
7078,-0.015
7079,-0.017
7080,0.056
7081,0.044
7082,-0.002
7083,-0.007
7084,0.154
7085,0.103
7086,0.007
7087,-0.002
7088,0.125
7089,0.093
7090,0.037
7091,-0.11
7092,0.103
7093,0.01
7094,0.027
7095,0.073
7096,0.01
7097,-0.042
7098,0.02
7099,0.005
7100,-0.044
7101,0.037
7102,0.051
7103,0.068
7104,0.015
7105,0.032
7106,0.029
7107,-0.024
7108,0.056
7109,0.083
7110,0.078
7111,0.078
7112,0.098
7113,0.149
7114,0.068
7115,-0.017
7116,0.12
7117,0.01
7118,0.024
7119,0.066
7120,0.046
7121,-0.024
7122,0.005
7123,0.107
7124,0.103
7125,0.017
7126,0.002
7127,0.071
7128,0.144
7129,0.073
7130,0.024
7131,0.122
7132,0.049
7133,-0.122
7134,-0.01
7135,-0.02
7136,-0.081
7137,-0.063
7138,-0.154
7139,-0.132
7140,-0.056
7141,-0.071
7142,-0.046
7143,-0.037
7144,-0.073
7145,0.0
7146,-0.037
7147,0.012
7148,-0.017
7149,0.02
7150,0.083
7151,-0.046
7152,-0.049
7153,0.129
7154,0.0
7155,-0.015
7156,0.005
7157,-0.032
7158,0.02
7159,-0.076
7160,-0.063
7161,-0.076
7162,-0.071
7163,0.059
7164,-0.115
7165,0.061
7166,0.127
7167,-0.063
7168,-0.007
7169,0.059
7170,0.039
7171,0.076
7172,-0.022
7173,-0.039
7174,-0.042
7175,0.044
7176,0.085
7177,0.042
7178,-0.039
7179,0.012
7180,-0.151
7181,-0.085
7182,0.127
7183,0.078
7184,-0.044
7185,0.044
7186,0.083
7187,0.107
7188,0.098
7189,0.046
7190,0.039
7191,0.095
7192,0.142
7193,0.005
7194,0.046
7195,0.049
7196,0.054
7197,0.029
7198,-0.105
7199,-0.073
7200,0.032
7201,-0.022
7202,-0.085
7203,-0.083
7204,-0.078
7205,-0.007
7206,0.046
7207,0.017
7208,-0.024
7209,0.032
7210,0.032
7211,0.012
7212,-0.015
7213,-0.042
7214,0.029
7215,0.125
7216,-0.022
7217,-0.078
7218,-0.012
7219,-0.063
7220,-0.068
7221,0.056
7222,0.068
7223,0.051
7224,-0.015
7225,-0.007
7226,-0.049
7227,0.056
7228,-0.032
7229,-0.078
7230,0.012
7231,-0.068
7232,-0.02
7233,0.061
7234,-0.002
7235,-0.056
7236,-0.088
7237,-0.137
7238,-0.137
7239,-0.11
7240,-0.125
7241,-0.007
7242,0.02
7243,-0.061
7244,0.01
7245,-0.088
7246,-0.054
7247,-0.02
7248,-0.083
7249,-0.039
7250,-0.022
7251,-0.027
7252,-0.083
7253,-0.107
7254,0.029
7255,-0.046
7256,-0.066
7257,-0.115
7258,-0.061
7259,0.015
7260,0.11
7261,0.042
7262,0.012
7263,0.012
7264,0.034
7265,0.076
7266,-0.017
7267,-0.015
7268,0.146
7269,0.054
7270,0.007
7271,-0.039
7272,0.132
7273,0.022
7274,-0.054
7275,0.046
7276,0.068
7277,0.044
7278,-0.042
7279,0.073
7280,-0.015
7281,-0.066
7282,-0.044
7283,-0.032
7284,0.083
7285,-0.024
7286,-0.061
7287,-0.007
7288,-0.007
7289,0.054
7290,0.073
7291,0.034
7292,0.046
7293,-0.002
7294,0.19
7295,0.154
7296,-0.002
7297,0.022
7298,0.039
7299,0.024
7300,-0.024
7301,0.051
7302,0.056
7303,-0.073
7304,-0.088
7305,-0.127
7306,-0.005
7307,0.071
7308,-0.017
7309,-0.122
7310,-0.022
7311,0.012
7312,0.0
7313,-0.095
7314,0.054
7315,0.01
7316,-0.071
7317,0.005
7318,-0.056
7319,-0.02
7320,-0.093
7321,-0.049
7322,-0.039
7323,-0.046
7324,0.022
7325,-0.183
7326,-0.105
7327,-0.005
7328,-0.076
7329,-0.095
7330,-0.054
7331,0.051
7332,-0.046
7333,-0.093
7334,-0.01
7335,-0.007
7336,0.015
7337,0.034
7338,-0.034
7339,0.063
7340,0.178
7341,0.105
7342,-0.103
7343,-0.022
7344,0.02
7345,0.051
7346,-0.029
7347,-0.117
7348,0.022
7349,0.0
7350,0.085
7351,-0.032
7352,-0.022
7353,-0.024
7354,0.081
7355,0.059
7356,-0.056
7357,-0.01
7358,0.088
7359,-0.027
7360,0.027
7361,-0.02
7362,0.015
7363,-0.01
7364,0.037
7365,0.051
7366,0.007
7367,0.02
7368,-0.051
7369,0.017
7370,0.005
7371,-0.02
7372,0.0
7373,0.005
7374,0.068
7375,-0.017
7376,0.042
7377,0.015
7378,-0.024
7379,0.005
7380,-0.027
7381,-0.005
7382,-0.02
7383,0.061
7384,0.005
7385,0.076
7386,0.017
7387,-0.017
7388,0.002
7389,-0.01
7390,0.042
7391,-0.005
7392,0.015
7393,0.039
7394,0.098
7395,0.081
7396,0.02
7397,-0.02
7398,-0.02
7399,-0.098
7400,-0.073
7401,0.054
7402,-0.076
7403,-0.059
7404,-0.054
7405,0.005
7406,-0.049
7407,-0.122
7408,-0.078
7409,-0.022
7410,0.066
7411,0.012
7412,-0.063
7413,-0.066
7414,0.017
7415,-0.078
7416,-0.12
7417,-0.088
7418,-0.042
7419,-0.024
7420,0.051
7421,-0.134
7422,-0.117
7423,-0.024
7424,-0.054
7425,-0.012
7426,-0.1
7427,0.005
7428,0.042
7429,0.09
7430,-0.032
7431,-0.122
7432,0.11
7433,0.166
7434,0.061
7435,-0.142
7436,0.02
7437,0.042
7438,-0.051
7439,-0.034
7440,-0.029
7441,0.027
7442,0.034
7443,-0.081
7444,-0.093
7445,-0.061
7446,0.039
7447,0.049
7448,-0.081
7449,0.034
7450,0.186
7451,0.144
7452,0.059
7453,-0.078
7454,0.054
7455,0.112
7456,0.078
7457,0.142
7458,0.027
7459,0.093
7460,-0.022
7461,0.088
7462,0.073
7463,0.0
7464,-0.083
7465,0.027
7466,0.061
7467,-0.037
7468,0.007
7469,0.02
7470,-0.01
7471,-0.085
7472,0.0
7473,0.01
7474,0.061
7475,0.042
7476,0.015
7477,-0.027
7478,-0.007
7479,0.11
7480,-0.044
7481,0.054
7482,0.012
7483,-0.066
7484,-0.083
7485,0.017
7486,-0.078
7487,0.0
7488,-0.032
7489,-0.027
7490,-0.002
7491,0.017
7492,0.103
7493,-0.01
7494,0.039
7495,-0.015
7496,-0.005
7497,-0.007
7498,0.042
7499,-0.02
7500,-0.049
7501,-0.01
7502,-0.022
7503,-0.051
7504,0.027
7505,-0.032
7506,-0.137
7507,-0.085
7508,0.056
7509,-0.037
7510,0.061
7511,0.073
7512,-0.002
7513,0.046
7514,0.063
7515,-0.049
7516,-0.061
7517,-0.056
7518,0.017
7519,0.027
7520,0.002
7521,0.005
7522,-0.081
7523,-0.049
7524,-0.017
7525,-0.002
7526,-0.012
7527,0.01
7528,0.083
7529,0.066
7530,0.017
7531,-0.012
7532,0.11
7533,0.044
7534,0.005
7535,0.051
7536,0.027
7537,0.1
7538,-0.012
7539,-0.015
7540,0.056
7541,-0.039
7542,-0.1
7543,0.042
7544,0.107
7545,0.0
7546,0.0
7547,-0.002
7548,0.022
7549,0.078
7550,0.049
7551,-0.012
7552,0.017
7553,0.061
7554,0.071
7555,0.024
7556,0.042
7557,-0.005
7558,-0.02
7559,-0.117
7560,-0.085
7561,0.056
7562,-0.1
7563,-0.012
7564,0.073
7565,0.034
7566,-0.007
7567,-0.051
7568,-0.039
7569,-0.042
7570,-0.037
7571,-0.066
7572,0.059
7573,-0.022
7574,-0.042
7575,0.005
7576,-0.056
7577,-0.061
7578,-0.049
7579,-0.042
7580,-0.085
7581,-0.083
7582,-0.071
7583,-0.078
7584,-0.076
7585,-0.061
7586,-0.029
7587,-0.039
7588,0.061
7589,0.029
7590,-0.056
7591,-0.034
7592,-0.024
7593,0.034
7594,0.134
7595,0.188
7596,-0.107
7597,-0.027
7598,0.107
7599,0.042
7600,-0.063
7601,-0.066
7602,0.022
7603,-0.02
7604,-0.232
7605,-0.032
7606,0.017
7607,0.029
7608,-0.029
7609,0.051
7610,-0.017
7611,0.007
7612,0.215
7613,0.076
7614,-0.081
7615,0.078
7616,-0.02
7617,0.012
7618,-0.007
7619,-0.039
7620,0.059
7621,-0.034
7622,-0.081
7623,0.051
7624,-0.071
7625,0.017
7626,0.122
7627,0.022
7628,-0.049
7629,-0.024
7630,-0.054
7631,0.042
7632,0.071
7633,-0.015
7634,-0.098
7635,0.015
7636,0.01
7637,0.007
7638,0.115
7639,0.073
7640,0.117
7641,0.068
7642,0.088
7643,0.029
7644,-0.088
7645,-0.044
7646,-0.168
7647,-0.017
7648,0.015
7649,0.007
7650,-0.051
7651,0.022
7652,-0.017
7653,-0.063
7654,-0.007
7655,0.059
7656,0.105
7657,-0.056
7658,-0.063
7659,0.029
7660,-0.071
7661,-0.012
7662,-0.088
7663,-0.144
7664,-0.022
7665,-0.171
7666,-0.115
7667,-0.1
7668,-0.122
7669,-0.044
7670,-0.168
7671,-0.073
7672,0.005
7673,-0.046
7674,-0.039
7675,0.02
7676,-0.11
7677,-0.103
7678,-0.042
7679,0.039
7680,0.066
7681,-0.063
7682,0.01
7683,0.051
7684,-0.01
7685,-0.066
7686,-0.024
7687,-0.081
7688,-0.107
7689,-0.007
7690,0.034
7691,-0.137
7692,0.02
7693,0.046
7694,-0.032
7695,0.081
7696,-0.042
7697,0.034
7698,0.117
7699,0.061
7700,0.042
7701,0.078
7702,-0.039
7703,-0.139
7704,-0.076
7705,-0.027
7706,0.09
7707,-0.037
7708,0.0
7709,-0.027
7710,-0.142
7711,-0.056
7712,0.024
7713,0.015
7714,-0.032
7715,0.029
7716,-0.024
7717,0.037
7718,0.059
7719,-0.022
7720,-0.081
7721,0.095
7722,0.076
7723,-0.029
7724,-0.005
7725,-0.083
7726,0.0
7727,-0.002
7728,-0.061
7729,-0.068
7730,-0.01
7731,-0.005
7732,0.005
7733,0.059
7734,0.02
7735,-0.002
7736,0.12
7737,0.115
7738,0.066
7739,0.073
7740,-0.032
7741,-0.127
7742,-0.073
7743,-0.042
7744,0.002
7745,-0.103
7746,-0.122
7747,-0.034
7748,-0.037
7749,-0.061
7750,-0.046
7751,0.007
7752,0.007
7753,0.027
7754,-0.007
7755,-0.012
7756,0.068
7757,-0.01
7758,-0.037
7759,0.027
7760,0.095
7761,0.017
7762,0.034
7763,0.081
7764,0.034
7765,-0.044
7766,-0.027
7767,-0.007
7768,-0.083
7769,-0.029
7770,-0.005
7771,-0.068
7772,0.017
7773,-0.042
7774,-0.012
7775,0.178
7776,0.044
7777,0.049
7778,0.078
7779,0.012
7780,-0.049
7781,0.046
7782,0.005
7783,-0.037
7784,-0.063
7785,-0.076
7786,-0.09
7787,-0.112
7788,-0.012
7789,-0.02
7790,-0.007
7791,-0.054
7792,0.0
7793,0.029
7794,0.01
7795,0.09
7796,0.105
7797,0.022
7798,-0.024
7799,0.203
7800,0.217
7801,0.166
7802,0.068
7803,0.027
7804,0.042
7805,0.078
7806,0.032
7807,0.042
7808,0.059
7809,0.051
7810,0.037
7811,-0.012
7812,0.034
7813,0.103
7814,0.112
7815,0.095
7816,0.039
7817,0.063
7818,0.046
7819,-0.024
7820,-0.039
7821,0.027
7822,-0.002
7823,0.029
7824,0.066
7825,-0.005
7826,-0.164
7827,-0.081
7828,-0.015
7829,-0.061
7830,-0.103
7831,-0.005
7832,-0.061
7833,0.032
7834,-0.046
7835,0.027
7836,-0.103
7837,-0.044
7838,-0.01
7839,-0.042
7840,-0.129
7841,-0.049
7842,-0.054
7843,0.005
7844,-0.125
7845,-0.056
7846,-0.142
7847,-0.193
7848,0.09
7849,-0.09
7850,-0.024
7851,0.022
7852,0.059
7853,0.01
7854,-0.066
7855,0.059
7856,-0.015
7857,-0.039
7858,0.149
7859,0.063
7860,0.122
7861,0.061
7862,0.151
7863,0.046
7864,-0.139
7865,-0.073
7866,0.054
7867,-0.012
7868,-0.122
7869,-0.088
7870,-0.042
7871,0.066
7872,-0.029
7873,0.007
7874,0.129
7875,0.137
7876,0.039
7877,0.093
7878,0.078
7879,0.076
7880,0.042
7881,0.112
7882,-0.002
7883,-0.046
7884,0.01
7885,0.0
7886,-0.117
7887,-0.054
7888,0.061
7889,-0.007
7890,0.073
7891,-0.032
7892,-0.022
7893,-0.039
7894,0.02
7895,-0.054
7896,-0.017
7897,0.068
7898,-0.017
7899,0.029
7900,0.078
7901,0.107
7902,-0.027
7903,-0.156
7904,0.0
7905,0.107
7906,-0.117
7907,-0.115
7908,-0.029
7909,-0.034
7910,-0.083
7911,-0.142
7912,-0.054
7913,-0.078
7914,0.027
7915,0.034
7916,0.0
7917,0.137
7918,0.054
7919,-0.002
7920,0.017
7921,-0.005
7922,-0.081
7923,0.02
7924,-0.032
7925,0.056
7926,0.007
7927,0.017
7928,-0.044
7929,-0.056
7930,-0.081
7931,-0.144
7932,0.037
7933,-0.042
7934,-0.002
7935,-0.1
7936,0.007
7937,0.071
7938,0.078
7939,0.112
7940,-0.078
7941,0.034
7942,-0.015
7943,0.037
7944,0.037
7945,0.061
7946,-0.029
7947,-0.059
7948,0.029
7949,0.042
7950,-0.022
7951,-0.098
7952,0.042
7953,0.081
7954,-0.073
7955,0.0
7956,0.076
7957,0.046
7958,0.059
7959,0.093
7960,0.039
7961,0.027
7962,0.044
7963,0.083
7964,0.029
7965,0.002
7966,0.078
7967,0.063
7968,-0.049
7969,0.0
7970,-0.024
7971,-0.024
7972,-0.017
7973,-0.01
7974,-0.09
7975,-0.115
7976,0.029
7977,0.015
7978,0.056
7979,0.032
7980,0.046
7981,0.039
7982,0.029
7983,0.159
7984,0.046
7985,-0.012
7986,0.154
7987,-0.042
7988,-0.11
7989,0.093
7990,-0.105
7991,-0.032
7992,-0.056
7993,-0.037
7994,-0.071
7995,-0.105
7996,0.034
7997,0.063
7998,-0.063
7999,-0.078
8000,-0.015
8001,-0.027
8002,-0.002
8003,-0.117
8004,-0.042
8005,-0.049
8006,-0.029
8007,-0.073
8008,-0.1
8009,-0.088
8010,-0.071
8011,-0.134
8012,-0.076
8013,-0.037
8014,-0.005
8015,0.068
8016,-0.017
8017,0.002
8018,-0.061
8019,0.066
8020,0.12
8021,0.063
8022,0.007
8023,0.054
8024,0.164
8025,0.024
8026,0.071
8027,0.034
8028,-0.085
8029,-0.046
8030,-0.085
8031,0.0
8032,0.002
8033,-0.083
8034,-0.024
8035,-0.078
8036,-0.078
8037,0.024
8038,0.088
8039,0.027
8040,-0.103
8041,-0.022
8042,0.085
8043,0.054
8044,0.049
8045,0.076
8046,0.063
8047,-0.012
8048,0.105
8049,0.042
8050,0.007
8051,0.02
8052,0.085
8053,0.054
8054,-0.01
8055,0.083
8056,0.034
8057,-0.027
8058,0.024
8059,0.059
8060,-0.002
8061,-0.088
8062,0.042
8063,0.078
8064,0.085
8065,-0.002
8066,-0.022
8067,0.054
8068,-0.076
8069,-0.002
8070,-0.054
8071,-0.01
8072,-0.066
8073,-0.042
8074,-0.027
8075,0.017
8076,-0.049
8077,-0.161
8078,-0.117
8079,0.088
8080,0.078
8081,-0.132
8082,0.056
8083,0.015
8084,-0.02
8085,-0.042
8086,0.034
8087,0.068
8088,-0.042
8089,0.002
8090,0.034
8091,-0.024
8092,-0.098
8093,0.063
8094,-0.164
8095,-0.122
8096,-0.095
8097,-0.022
8098,0.01
8099,-0.103
8100,0.007
8101,0.049
8102,-0.022
8103,-0.142
8104,0.049
8105,0.039
8106,-0.034
8107,-0.151
8108,-0.027
8109,0.076
8110,-0.085
8111,-0.115
8112,-0.107
8113,-0.02
8114,-0.02
8115,-0.117
8116,-0.005
8117,-0.032
8118,-0.056
8119,-0.005
8120,0.037
8121,-0.054
8122,0.068
8123,0.039
8124,-0.005
8125,0.046
8126,-0.054
8127,-0.027
8128,-0.078
8129,0.02
8130,0.022
8131,-0.154
8132,-0.1
8133,-0.044
8134,-0.154
8135,-0.029
8136,0.037
8137,0.078
8138,0.024
8139,0.088
8140,0.017
8141,0.056
8142,0.046
8143,0.125
8144,0.049
8145,-0.088
8146,0.056
8147,0.073
8148,0.063
8149,0.0
8150,-0.007
8151,0.007
8152,-0.071
8153,0.012
8154,-0.005
8155,-0.054
8156,0.024
8157,-0.068
8158,-0.005
8159,0.002
8160,0.049
8161,0.002
8162,0.034
8163,-0.027
8164,0.02
8165,-0.044
8166,0.078
8167,0.02
8168,-0.027
8169,-0.107
8170,-0.112
8171,-0.056
8172,-0.115
8173,-0.051
8174,-0.122
8175,0.027
8176,0.046
8177,-0.059
8178,-0.156
8179,-0.005
8180,0.044
8181,0.022
8182,-0.056
8183,0.088
8184,0.044
8185,0.0
8186,-0.068
8187,-0.01
8188,-0.007
8189,0.073
8190,-0.063
8191,-0.183
8192,-0.066
8193,-0.039
8194,-0.144
8195,-0.137
8196,-0.198
8197,-0.09
8198,-0.076
8199,-0.051
8200,-0.022
8201,0.039
8202,0.034
8203,0.005
8204,-0.061
8205,-0.044
8206,-0.002
8207,0.024
8208,-0.046
8209,-0.068
8210,-0.081
8211,-0.02
8212,0.007
8213,-0.125
8214,-0.144
8215,-0.002
8216,0.059
8217,-0.005
8218,-0.071
8219,-0.073
8220,0.056
8221,0.1
8222,0.088
8223,0.022
8224,0.02
8225,0.063
8226,0.0
8227,-0.007
8228,0.09
8229,-0.042
8230,-0.044
8231,-0.005
8232,-0.002
8233,0.088
8234,-0.088
8235,-0.034
8236,-0.034
8237,-0.122
8238,-0.054
8239,0.037
8240,0.015
8241,0.054
8242,0.005
8243,-0.051
8244,0.042
8245,-0.071
8246,-0.005
8247,-0.007
8248,-0.081
8249,0.0
8250,-0.039
8251,-0.098
8252,-0.11
8253,-0.066
8254,-0.112
8255,-0.042
8256,-0.093
8257,-0.056
8258,-0.024
8259,-0.002
8260,-0.051
8261,0.032
8262,-0.029
8263,-0.012
8264,0.061
8265,0.081
8266,0.098
8267,-0.027
8268,-0.063
8269,-0.029
8270,0.012
8271,-0.046
8272,-0.076
8273,-0.1
8274,-0.093
8275,-0.088
8276,-0.044
8277,-0.022
8278,-0.059
8279,0.01
8280,0.027
8281,-0.034
8282,-0.027
8283,0.11
8284,0.042
8285,0.046
8286,0.105
8287,0.007
8288,0.027
8289,0.068
8290,-0.024
8291,-0.054
8292,-0.081
8293,-0.044
8294,-0.01
8295,-0.076
8296,-0.098
8297,-0.142
8298,-0.11
8299,-0.01
8300,0.024
8301,0.085
8302,0.085
8303,0.024
8304,0.068
8305,0.073
8306,0.129
8307,0.132
8308,0.049
8309,0.039
8310,0.037
8311,-0.029
8312,-0.085
8313,0.098
8314,-0.024
8315,-0.063
8316,-0.049
8317,-0.134
8318,-0.027
8319,-0.09
8320,-0.044
8321,-0.125
8322,-0.042
8323,0.066
8324,0.095
8325,0.0
8326,0.037
8327,0.061
8328,0.037
8329,0.002
8330,0.066
8331,0.039
8332,0.024
8333,0.049
8334,-0.01
8335,-0.049
8336,0.024
8337,0.039
8338,-0.068
8339,-0.046
8340,-0.078
8341,-0.142
8342,0.034
8343,-0.061
8344,-0.017
8345,-0.039
8346,-0.049
8347,-0.015
8348,-0.061
8349,0.029
8350,0.068
8351,0.032
8352,0.034
8353,0.024
8354,-0.085
8355,-0.02
8356,0.049
8357,0.12
8358,-0.034
8359,-0.107
8360,-0.088
8361,0.02
8362,-0.049
8363,0.034
8364,0.088
8365,0.034
8366,0.051
8367,0.085
8368,-0.029
8369,-0.039
8370,0.01
8371,0.154
8372,0.146
8373,-0.083
8374,-0.022
8375,0.1
8376,0.022
8377,-0.051
8378,-0.007
8379,0.051
8380,-0.095
8381,0.032
8382,0.088
8383,0.061
8384,-0.005
8385,0.049
8386,0.11
8387,0.015
8388,-0.01
8389,0.09
8390,0.059
8391,0.01
8392,0.071
8393,0.098
8394,-0.002
8395,0.002
8396,0.022
8397,0.078
8398,-0.017
8399,-0.09
8400,0.051
8401,0.112
8402,-0.01
8403,0.015
8404,-0.02
8405,0.049
8406,0.166
8407,0.066
8408,0.042
8409,0.005
8410,0.022
8411,-0.007
8412,-0.029
8413,0.029
8414,0.032
8415,-0.017
8416,0.073
8417,-0.066
8418,-0.005
8419,0.044
8420,0.073
8421,0.017
8422,0.037
8423,0.12
8424,0.056
8425,0.017
8426,0.044
8427,-0.029
8428,0.039
8429,0.051
8430,0.056
8431,0.051
8432,0.0
8433,0.044
8434,0.037
8435,0.005
8436,-0.049
8437,0.002
8438,0.049
8439,-0.015
8440,-0.015
8441,0.056
8442,-0.042
8443,-0.029
8444,0.098
8445,-0.015
8446,-0.034
8447,0.049
8448,0.046
8449,-0.002
8450,0.073
8451,0.059
8452,-0.022
8453,-0.007
8454,-0.037
8455,0.073
8456,-0.049
8457,-0.044
8458,0.071
8459,0.081
8460,0.0
8461,0.181
8462,0.095
8463,0.054
8464,-0.037
8465,0.063
8466,0.093
8467,0.056
8468,0.09
8469,0.09
8470,-0.005
8471,0.09
8472,0.007
8473,-0.029
8474,-0.078
8475,-0.068
8476,0.039
8477,-0.015
8478,-0.085
8479,0.085
8480,-0.042
8481,-0.037
8482,0.034
8483,-0.037
8484,0.024
8485,0.061
8486,0.066
8487,0.144
8488,0.168
8489,0.164
8490,0.103
8491,-0.093
8492,0.083
8493,0.005
8494,-0.002
8495,-0.034
8496,-0.071
8497,-0.115
8498,-0.049
8499,0.015
8500,0.029
8501,-0.11
8502,0.037
8503,-0.01
8504,-0.017
8505,-0.007
8506,0.066
8507,0.076
8508,0.005
8509,0.002
8510,0.054
8511,0.051
8512,-0.012
8513,0.105
8514,-0.051
8515,-0.083
8516,-0.034
8517,-0.076
8518,-0.171
8519,-0.151
8520,-0.093
8521,-0.02
8522,-0.01
8523,-0.015
8524,-0.022
8525,-0.012
8526,-0.071
8527,0.002
8528,0.056
8529,-0.037
8530,0.022
8531,-0.073
8532,0.051
8533,0.022
8534,-0.061
8535,-0.002
8536,0.027
8537,-0.012
8538,0.024
8539,-0.066
8540,0.022
8541,-0.024
8542,0.02
8543,0.103
8544,0.015
8545,0.059
8546,0.095
8547,0.088
8548,0.127
8549,0.027
8550,0.029
8551,0.022
8552,0.032
8553,-0.054
8554,0.056
8555,0.02
8556,-0.061
8557,-0.042
8558,-0.007
8559,-0.005
8560,-0.105
8561,0.027
8562,0.015
8563,0.09
8564,0.054
8565,0.005
8566,-0.061
8567,-0.059
8568,0.061
8569,0.095
8570,0.093
8571,0.11
8572,0.039
8573,0.046
8574,-0.134
8575,-0.105
8576,-0.071
8577,-0.015
8578,0.127
8579,-0.068
8580,-0.068
8581,-0.046
8582,-0.078
8583,0.02
8584,0.034
8585,0.027
8586,-0.032
8587,-0.105
8588,0.083
8589,-0.063
8590,0.012
8591,0.032
8592,-0.049
8593,-0.11
8594,-0.066
8595,-0.034
8596,0.012
8597,-0.042
8598,-0.046
8599,-0.024
8600,0.002
8601,0.081
8602,-0.066
8603,-0.081
8604,0.054
8605,0.059
8606,0.002
8607,0.022
8608,0.034
8609,-0.1
8610,-0.093
8611,-0.051
8612,-0.107
8613,-0.085
8614,-0.063
8615,-0.054
8616,-0.029
8617,-0.095
8618,-0.09
8619,-0.029
8620,-0.059
8621,-0.085
8622,-0.11
8623,-0.083
8624,-0.02
8625,-0.029
8626,0.027
8627,-0.032
8628,-0.017
8629,-0.022
8630,0.027
8631,-0.042
8632,-0.029
8633,0.007
8634,0.063
8635,0.027
8636,0.015
8637,0.017
8638,0.071
8639,0.061
8640,-0.112
8641,-0.046
8642,-0.093
8643,0.061
8644,0.051
8645,-0.015
8646,0.125
8647,0.005
8648,0.059
8649,-0.022
8650,-0.051
8651,0.024
8652,0.132
8653,0.012
8654,-0.11
8655,0.017
8656,0.154
8657,-0.015
8658,-0.151
8659,0.103
8660,-0.005
8661,0.005
8662,0.007
8663,-0.046
8664,0.095
8665,0.144
8666,-0.032
8667,0.0
8668,0.042
8669,-0.029
8670,0.105
8671,-0.022
8672,-0.007
8673,0.002
8674,-0.054
8675,0.017
8676,-0.093
8677,-0.015
8678,-0.015
8679,-0.178
8680,-0.156
8681,0.02
8682,0.01
8683,-0.046
8684,-0.178
8685,0.015
8686,0.1
8687,-0.007
8688,0.039
8689,0.051
8690,0.005
8691,0.029
8692,-0.051
8693,-0.149
8694,-0.005
8695,0.044
8696,0.015
8697,-0.056
8698,-0.134
8699,0.146
8700,-0.022
8701,-0.107
8702,0.032
8703,-0.017
8704,-0.054
8705,0.034
8706,0.044
8707,-0.022
8708,-0.002
8709,-0.017
8710,-0.032
8711,-0.029
8712,0.01
8713,-0.002
8714,-0.051
8715,-0.125
8716,-0.037
8717,0.027
8718,-0.061
8719,0.024
8720,-0.12
8721,-0.015
8722,-0.056
8723,-0.076
8724,-0.034
8725,-0.007
8726,0.01
8727,-0.015
8728,-0.027
8729,0.098
8730,0.063
8731,-0.071
8732,0.017
8733,0.093
8734,0.083
8735,0.037
8736,0.005
8737,0.02
8738,0.042
8739,0.059
8740,-0.042
8741,-0.042
8742,-0.046
8743,0.076
8744,0.049
8745,0.054
8746,0.007
8747,-0.125
8748,0.061
8749,0.063
8750,-0.044
8751,-0.046
8752,0.134
8753,0.002
8754,-0.042
8755,-0.063
8756,-0.039
8757,-0.012
8758,-0.032
8759,-0.054
8760,-0.076
8761,0.005
8762,0.037
8763,0.056
8764,-0.01
8765,-0.015
8766,0.039
8767,0.002
8768,-0.09
8769,-0.063
8770,-0.037
8771,-0.015
8772,0.005
8773,0.0
8774,-0.046
8775,-0.103
8776,-0.103
8777,-0.015
8778,-0.146
8779,-0.032
8780,-0.146
8781,-0.1
8782,0.005
8783,-0.115
8784,-0.129
8785,-0.029
8786,0.022
8787,0.037
8788,0.066
8789,-0.029
8790,-0.02
8791,-0.012
8792,0.11
8793,0.054
8794,-0.056
8795,-0.017
8796,0.059
8797,0.022
8798,-0.1
8799,-0.127
8800,-0.085
8801,0.012
8802,-0.017
8803,0.0
8804,-0.066
8805,0.039
8806,0.107
8807,-0.1
8808,0.039
8809,-0.017
8810,-0.017
8811,0.034
8812,0.044
8813,0.051
8814,0.034
8815,0.022
8816,0.081
8817,-0.042
8818,0.076
8819,0.059
8820,-0.125
8821,-0.171
8822,0.024
8823,0.022
8824,-0.059
8825,-0.098
8826,0.007
8827,-0.007
8828,0.0
8829,0.076
8830,0.129
8831,0.078
8832,0.034
8833,0.088
8834,-0.024
8835,0.054
8836,0.022
8837,-0.01
8838,0.0
8839,-0.012
8840,-0.042
8841,0.0
8842,-0.154
8843,-0.081
8844,0.005
8845,-0.007
8846,-0.117
8847,-0.037
8848,0.027
8849,0.002
8850,0.005
8851,0.002
8852,-0.1
8853,-0.012
8854,0.002
8855,-0.032
8856,-0.068
8857,-0.046
8858,-0.059
8859,-0.056
8860,-0.085
8861,0.022
8862,-0.002
8863,-0.107
8864,-0.088
8865,-0.034
8866,0.073
8867,0.022
8868,0.005
8869,0.0
8870,0.054
8871,0.0
8872,-0.078
8873,0.005
8874,0.044
8875,0.005
8876,-0.068
8877,-0.083
8878,0.002
8879,0.017
8880,-0.032
8881,-0.042
8882,-0.068
8883,-0.073
8884,-0.029
8885,-0.029
8886,-0.085
8887,-0.068
8888,-0.01
8889,-0.098
8890,-0.061
8891,0.034
8892,0.037
8893,-0.032
8894,0.007
8895,0.017
8896,-0.056
8897,0.044
8898,0.032
8899,0.015
8900,-0.063
8901,-0.034
8902,-0.095
8903,-0.129
8904,0.024
8905,0.078
8906,0.012
8907,0.024
8908,0.015
8909,0.032
8910,-0.012
8911,-0.007
8912,0.083
8913,0.09
8914,0.127
8915,0.061
8916,0.042
8917,0.007
8918,0.056
8919,0.161
8920,0.01
8921,-0.034
8922,0.127
8923,-0.081
8924,-0.032
8925,0.027
8926,0.024
8927,0.063
8928,0.027
8929,0.007
8930,0.024
8931,0.022
8932,-0.02
8933,0.015
8934,0.051
8935,0.059
8936,0.039
8937,-0.007
8938,-0.056
8939,-0.039
8940,-0.039
8941,-0.015
8942,-0.024
8943,-0.095
8944,-0.09
8945,0.0
8946,-0.022
8947,-0.105
8948,-0.115
8949,-0.085
8950,0.049
8951,-0.076
8952,-0.032
8953,-0.007
8954,0.02
8955,0.039
8956,0.015
8957,-0.007
8958,-0.107
8959,0.015
8960,-0.02
8961,-0.117
8962,-0.173
8963,-0.085
8964,-0.125
8965,-0.029
8966,-0.012
8967,-0.044
8968,0.029
8969,-0.12
8970,-0.071
8971,0.049
8972,0.083
8973,0.017
8974,0.132
8975,0.093
8976,0.029
8977,0.09
8978,0.032
8979,-0.022
8980,-0.051
8981,-0.063
8982,0.049
8983,0.007
8984,-0.034
8985,0.066
8986,-0.059
8987,-0.164
8988,-0.056
8989,0.056
8990,0.051
8991,0.012
8992,0.144
8993,-0.042
8994,0.0
8995,0.09
8996,0.024
8997,0.154
8998,0.1
8999,0.11
9000,0.078
9001,0.061
9002,0.042
9003,0.005
9004,-0.105
9005,-0.007
9006,0.0
9007,-0.022
9008,-0.049
9009,0.085
9010,0.1
9011,-0.1
9012,0.034
9013,0.09
9014,0.015
9015,-0.073
9016,0.046
9017,-0.054
9018,0.039
9019,0.046
9020,-0.022
9021,0.044
9022,-0.044
9023,0.037
9024,0.039
9025,-0.083
9026,-0.076
9027,-0.044
9028,0.088
9029,-0.012
9030,-0.103
9031,-0.032
9032,-0.088
9033,-0.027
9034,-0.029
9035,0.051
9036,0.088
9037,-0.002
9038,0.024
9039,-0.037
9040,-0.024
9041,0.032
9042,-0.005
9043,0.046
9044,-0.137
9045,0.002
9046,-0.046
9047,-0.098
9048,-0.059
9049,-0.071
9050,0.061
9051,-0.154
9052,0.024
9053,0.056
9054,-0.034
9055,0.027
9056,0.034
9057,0.073
9058,0.066
9059,-0.007
9060,0.063
9061,0.09
9062,0.051
9063,0.066
9064,-0.015
9065,0.002
9066,0.017
9067,0.007
9068,0.151
9069,0.139
9070,0.129
9071,-0.068
9072,0.066
9073,0.061
9074,0.098
9075,0.117
9076,0.061
9077,0.051
9078,0.015
9079,0.059
9080,0.122
9081,0.005
9082,0.01
9083,0.0
9084,0.0
9085,-0.002
9086,0.044
9087,-0.029
9088,0.002
9089,0.056
9090,0.063
9091,0.059
9092,0.144
9093,0.012
9094,0.061
9095,0.085
9096,0.073
9097,0.081
9098,0.034
9099,0.032
9100,0.044
9101,-0.137
9102,-0.044
9103,0.046
9104,0.056
9105,0.054
9106,-0.078
9107,-0.042
9108,0.0
9109,-0.039
9110,0.0
9111,-0.042
9112,0.027
9113,0.056
9114,0.051
9115,0.022
9116,-0.022
9117,-0.017
9118,0.056
9119,-0.027
9120,-0.051
9121,0.073
9122,-0.007
9123,-0.093
9124,-0.056
9125,-0.127
9126,-0.093
9127,-0.012
9128,-0.032
9129,0.01
9130,-0.115
9131,-0.1
9132,0.134
9133,0.007
9134,0.002
9135,0.059
9136,0.073
9137,0.063
9138,-0.071
9139,0.002
9140,-0.02
9141,-0.007
9142,-0.022
9143,-0.107
9144,-0.039
9145,-0.103
9146,-0.007
9147,-0.005
9148,-0.105
9149,-0.066
9150,0.024
9151,0.034
9152,-0.063
9153,-0.073
9154,0.098
9155,0.095
9156,-0.054
9157,0.039
9158,0.149
9159,0.056
9160,0.007
9161,0.046
9162,-0.056
9163,0.071
9164,0.09
9165,-0.034
9166,-0.2
9167,0.017
9168,-0.01
9169,-0.01
9170,0.02
9171,-0.024
9172,-0.01
9173,-0.042
9174,0.029
9175,0.029
9176,-0.051
9177,0.046
9178,0.0
9179,-0.01
9180,0.051
9181,0.002
9182,-0.076
9183,0.1
9184,0.029
9185,-0.005
9186,-0.005
9187,-0.061
9188,0.005
9189,-0.149
9190,0.039
9191,0.042
9192,0.034
9193,0.068
9194,0.078
9195,-0.022
9196,-0.029
9197,0.02
9198,-0.115
9199,-0.088
9200,0.007
9201,0.034
9202,-0.015
9203,-0.115
9204,-0.098
9205,-0.063
9206,-0.095
9207,-0.081
9208,0.02
9209,0.005
9210,0.088
9211,-0.039
9212,-0.063
9213,0.044
9214,0.112
9215,-0.022
9216,-0.032
9217,-0.115
9218,-0.056
9219,0.02
9220,0.022
9221,-0.01
9222,-0.144
9223,-0.005
9224,-0.034
9225,-0.012
9226,-0.105
9227,-0.098
9228,-0.081
9229,-0.042
9230,0.085
9231,-0.085
9232,-0.139
9233,-0.002
9234,-0.02
9235,0.046
9236,0.071
9237,-0.015
9238,-0.09
9239,0.032
9240,-0.066
9241,-0.059
9242,-0.037
9243,-0.029
9244,-0.054
9245,0.0
9246,0.002
9247,-0.034
9248,-0.032
9249,-0.129
9250,-0.046
9251,-0.063
9252,-0.037
9253,-0.09
9254,0.049
9255,0.024
9256,0.054
9257,0.088
9258,0.093
9259,0.095
9260,-0.005
9261,0.061
9262,0.059
9263,-0.034
9264,0.02
9265,0.093
9266,-0.017
9267,-0.02
9268,-0.01
9269,-0.01
9270,0.034
9271,-0.137
9272,0.007
9273,0.093
9274,0.015
9275,0.037
9276,0.078
9277,-0.085
9278,0.005
9279,0.078
9280,-0.024
9281,0.054
9282,0.044
9283,0.027
9284,-0.012
9285,-0.024
9286,0.093
9287,-0.01
9288,-0.049
9289,-0.049
9290,-0.039
9291,-0.061
9292,-0.024
9293,-0.054
9294,0.039
9295,-0.054
9296,-0.137
9297,-0.046
9298,-0.059
9299,-0.002
9300,-0.107
9301,0.0
9302,-0.056
9303,-0.066
9304,-0.012
9305,-0.027
9306,-0.02
9307,0.032
9308,0.012
9309,-0.066
9310,-0.005
9311,-0.066
9312,-0.015
9313,-0.105
9314,-0.068
9315,0.007
9316,-0.01
9317,-0.068
9318,0.054
9319,0.049
9320,-0.076
9321,-0.007
9322,0.071
9323,0.095
9324,0.002
9325,-0.112
9326,0.076
9327,-0.051
9328,-0.071
9329,0.027
9330,-0.032
9331,-0.029
9332,0.061
9333,-0.049
9334,-0.044
9335,-0.017
9336,0.076
9337,0.034
9338,-0.017
9339,0.015
9340,0.017
9341,0.09
9342,0.024
9343,0.11
9344,0.112
9345,-0.022
9346,0.015
9347,0.046
9348,0.017
9349,0.029
9350,0.024
9351,-0.088
9352,-0.09
9353,0.039
9354,-0.007
9355,-0.01
9356,-0.01
9357,0.049
9358,-0.017
9359,-0.034
9360,-0.073
9361,0.044
9362,0.034
9363,-0.007
9364,-0.044
9365,0.029
9366,0.002
9367,-0.037
9368,-0.007
9369,-0.129
9370,-0.059
9371,-0.01
9372,-0.034
9373,-0.034
9374,0.103
9375,-0.078
9376,0.015
9377,0.017
9378,-0.022
9379,-0.042
9380,0.068
9381,0.081
9382,-0.073
9383,-0.051
9384,0.039
9385,0.049
9386,-0.002
9387,-0.081
9388,-0.125
9389,0.012
9390,0.095
9391,-0.017
9392,-0.034
9393,-0.061
9394,0.015
9395,-0.012
9396,-0.032
9397,-0.01
9398,-0.049
9399,0.09
9400,0.01
9401,0.027
9402,-0.024
9403,0.137
9404,0.159
9405,0.059
9406,-0.017
9407,-0.029
9408,0.051
9409,0.078
9410,0.002
9411,-0.098
9412,-0.098
9413,0.007
9414,-0.007
9415,-0.034
9416,-0.012
9417,-0.068
9418,-0.015
9419,0.122
9420,0.037
9421,0.037
9422,-0.02
9423,0.154
9424,0.027
9425,-0.054
9426,-0.032
9427,0.071
9428,0.032
9429,-0.051
9430,-0.056
9431,-0.015
9432,-0.022
9433,-0.071
9434,0.078
9435,-0.042
9436,-0.01
9437,0.112
9438,0.037
9439,0.076
9440,-0.051
9441,0.085
9442,0.107
9443,0.056
9444,-0.1
9445,0.005
9446,0.049
9447,-0.039
9448,0.01
9449,0.068
9450,-0.076
9451,-0.061
9452,0.088
9453,-0.039
9454,0.005
9455,0.029
9456,-0.044
9457,-0.1
9458,-0.063
9459,0.09
9460,-0.046
9461,0.02
9462,-0.034
9463,0.049
9464,-0.103
9465,-0.107
9466,-0.134
9467,0.056
9468,0.054
9469,-0.071
9470,0.051
9471,-0.01
9472,0.044
9473,-0.11
9474,0.015
9475,-0.093
9476,-0.037
9477,0.105
9478,0.029
9479,-0.129
9480,-0.066
9481,-0.022
9482,0.034
9483,0.002
9484,-0.134
9485,-0.076
9486,0.039
9487,0.02
9488,-0.105
9489,-0.054
9490,0.059
9491,-0.032
9492,-0.051
9493,-0.002
9494,0.002
9495,0.005
9496,0.037
9497,0.002
9498,-0.063
9499,0.059
9500,0.078
9501,0.076
9502,0.02
9503,0.105
9504,0.107
9505,0.032
9506,-0.066
9507,0.061
9508,-0.039
9509,-0.022
9510,0.007
9511,-0.015
9512,-0.029
9513,-0.081
9514,-0.007
9515,-0.022
9516,0.098
9517,0.039
9518,-0.02
9519,0.068
9520,0.071
9521,0.115
9522,0.081
9523,0.1
9524,0.088
9525,0.164
9526,0.032
9527,0.073
9528,-0.054
9529,0.122
9530,0.017
9531,-0.054
9532,0.0
9533,-0.105
9534,0.061
9535,-0.103
9536,-0.166
9537,-0.122
9538,0.0
9539,-0.039
9540,-0.083
9541,-0.095
9542,-0.127
9543,0.054
9544,0.051
9545,-0.032
9546,-0.081
9547,-0.078
9548,0.012
9549,-0.056
9550,-0.112
9551,-0.066
9552,-0.137
9553,-0.11
9554,-0.049
9555,-0.195
9556,-0.09
9557,-0.161
9558,-0.176
9559,0.076
9560,-0.059
9561,-0.063
9562,0.017
9563,-0.022
9564,0.076
9565,0.046
9566,0.039
9567,0.061
9568,0.056
9569,-0.027
9570,-0.044
9571,-0.002
9572,0.039
9573,-0.12
9574,-0.081
9575,-0.068
9576,-0.051
9577,-0.098
9578,-0.049
9579,-0.01
9580,-0.049
9581,-0.037
9582,-0.005
9583,0.039
9584,-0.051
9585,0.002
9586,-0.063
9587,-0.034
9588,-0.007
9589,0.027
9590,0.044
9591,0.002
9592,-0.002
9593,-0.024
9594,0.005
9595,-0.103
9596,-0.01
9597,0.02
9598,-0.078
9599,-0.032
9600,0.054
9601,0.034
9602,0.02
9603,0.073
9604,0.095
9605,0.078
9606,0.034
9607,0.178
9608,0.042
9609,0.049
9610,-0.044
9611,-0.027
9612,0.032
9613,0.007
9614,-0.022
9615,-0.085
9616,0.007
9617,-0.11
9618,0.054
9619,0.042
9620,0.051
9621,-0.015
9622,0.066
9623,0.115
9624,0.01
9625,0.027
9626,0.002
9627,0.049
9628,-0.039
9629,-0.005
9630,-0.02
9631,0.029
9632,0.066
9633,-0.107
9634,-0.059
9635,-0.073
9636,-0.007
9637,-0.139
9638,-0.146
9639,0.022
9640,0.02
9641,0.007
9642,-0.098
9643,0.005
9644,0.0
9645,0.015
9646,-0.01
9647,-0.034
9648,-0.027
9649,-0.1
9650,-0.015
9651,-0.071
9652,-0.12
9653,-0.027
9654,-0.11
9655,-0.112
9656,-0.073
9657,-0.081
9658,-0.024
9659,-0.037
9660,0.034
9661,-0.005
9662,-0.054
9663,0.051
9664,0.09
9665,0.049
9666,0.005
9667,0.024
9668,0.081
9669,-0.088
9670,0.039
9671,0.029
9672,-0.01
9673,-0.105
9674,-0.02
9675,-0.071
9676,0.037
9677,-0.012
9678,-0.024
9679,-0.12
9680,-0.146
9681,-0.044
9682,0.051
9683,0.012
9684,0.029
9685,0.125
9686,0.078
9687,0.076
9688,0.11
9689,0.083
9690,0.1
9691,0.037
9692,0.02
9693,0.073
9694,-0.017
9695,-0.015
9696,0.017
9697,-0.027
9698,-0.032
9699,-0.051
9700,0.007
9701,0.044
9702,-0.01
9703,0.161
9704,0.027
9705,0.01
9706,0.027
9707,0.037
9708,0.066
9709,0.085
9710,0.056
9711,0.037
9712,-0.054
9713,-0.017
9714,0.01
9715,0.005
9716,0.0
9717,-0.11
9718,-0.11
9719,-0.059
9720,0.034
9721,-0.017
9722,-0.093
9723,0.093
9724,0.027
9725,0.02
9726,0.007
9727,0.046
9728,0.037
9729,-0.066
9730,0.024
9731,0.029
9732,-0.076
9733,-0.078
9734,0.0
9735,-0.063
9736,-0.012
9737,0.037
9738,0.068
9739,-0.112
9740,-0.066
9741,0.02
9742,0.029
9743,-0.044
9744,-0.029
9745,0.081
9746,0.088
9747,0.002
9748,-0.039
9749,0.134
9750,0.039
9751,0.063
9752,-0.02
9753,-0.044
9754,0.037
9755,-0.076
9756,0.146
9757,-0.107
9758,-0.164
9759,-0.02
9760,0.02
9761,0.073
9762,-0.012
9763,0.01
9764,0.034
9765,-0.063
9766,-0.034
9767,0.029
9768,0.054
9769,0.093
9770,0.024
9771,-0.044
9772,-0.002
9773,0.044
9774,0.037
9775,-0.066
9776,0.007
9777,0.049
9778,0.061
9779,-0.002
9780,0.029
9781,0.083
9782,0.107
9783,0.056
9784,-0.005
9785,0.095
9786,0.044
9787,0.044
9788,0.081
9789,0.076
9790,0.037
9791,-0.046
9792,-0.039
9793,0.112
9794,0.017
9795,-0.1
9796,-0.027
9797,-0.132
9798,-0.056
9799,0.002
9800,0.005
9801,0.095
9802,0.015
9803,0.071
9804,-0.007
9805,0.02
9806,0.125
9807,0.093
9808,0.046
9809,0.005
9810,0.073
9811,0.083
9812,0.024
9813,-0.037
9814,0.002
9815,-0.076
9816,-0.051
9817,-0.142
9818,-0.156
9819,-0.071
9820,0.005
9821,-0.01
9822,-0.02
9823,-0.037
9824,-0.09
9825,-0.129
9826,-0.093
9827,0.024
9828,-0.022
9829,0.029
9830,0.029
9831,0.022
9832,-0.039
9833,-0.056
9834,-0.015
9835,-0.046
9836,0.029
9837,0.01
9838,-0.1
9839,-0.022
9840,-0.034
9841,-0.015
9842,-0.037
9843,-0.105
9844,-0.117
9845,0.037
9846,-0.007
9847,0.054
9848,-0.059
9849,0.01
9850,0.037
9851,-0.051
9852,0.034
9853,0.015
9854,-0.01
9855,-0.017
9856,-0.049
9857,0.0
9858,0.039
9859,-0.046
9860,0.051
9861,0.027
9862,0.017
9863,0.02
9864,-0.073
9865,0.029
9866,0.039
9867,0.081
9868,0.081
9869,0.1
9870,0.063
9871,0.12
9872,0.205
9873,0.039
9874,0.129
9875,0.112
9876,0.154
9877,0.107
9878,0.098
9879,0.051
9880,0.139
9881,0.012
9882,0.076
9883,0.095
9884,0.083
9885,0.098
9886,-0.02
9887,0.105
9888,0.02
9889,0.046
9890,0.132
9891,-0.032
9892,-0.012
9893,0.01
9894,-0.054
9895,-0.024
9896,-0.059
9897,0.02
9898,0.042
9899,-0.154
9900,-0.095
9901,0.022
9902,-0.049
9903,-0.005
9904,-0.015
9905,0.034
9906,0.049
9907,0.01
9908,0.005
9909,0.081
9910,-0.024
9911,-0.076
9912,0.007
9913,-0.071
9914,-0.01
9915,-0.112
9916,0.02
9917,-0.081
9918,-0.066
9919,-0.017
9920,-0.051
9921,-0.178
9922,0.039
9923,-0.012
9924,-0.01
9925,-0.037
9926,-0.105
9927,0.078
9928,-0.032
9929,-0.032
9930,0.122
9931,-0.034
9932,-0.017
9933,-0.046
9934,-0.103
9935,-0.085
9936,-0.054
9937,0.061
9938,0.042
9939,-0.09
9940,-0.09
9941,0.012
9942,-0.027
9943,0.095
9944,-0.054
9945,0.056
9946,0.012
9947,0.122
9948,0.066
9949,0.066
9950,0.149
9951,0.061
9952,0.007
9953,0.015
9954,-0.002
9955,0.007
9956,0.054
9957,-0.012
9958,0.032
9959,-0.01
9960,0.005
9961,0.046
9962,-0.071
9963,-0.022
9964,0.081
9965,0.059
9966,0.078
9967,0.037
9968,-0.01
9969,-0.042
9970,0.037
9971,-0.042
9972,0.042
9973,0.059
9974,0.005
9975,0.044
9976,0.059
9977,-0.037
9978,-0.049
9979,0.005
9980,0.022
9981,0.024
9982,-0.012
9983,0.09
9984,0.093
9985,0.007
9986,0.063
9987,0.037
9988,0.0
9989,0.112
9990,0.059
9991,0.071
9992,0.073
9993,-0.034
9994,0.049
9995,-0.022
9996,0.02
9997,-0.112
9998,-0.132
9999,-0.063
10000,-0.005
10001,-0.007
10002,-0.007
10003,-0.059
10004,0.042
10005,0.022
10006,0.042
10007,0.09
10008,0.095
10009,0.098
10010,-0.02
10011,-0.046
10012,-0.037
10013,-0.032
10014,0.037
10015,-0.068
10016,-0.042
10017,-0.037
10018,0.049
10019,-0.046
10020,-0.117
10021,0.0
10022,-0.012
10023,-0.11
10024,-0.066
10025,-0.044
10026,-0.081
10027,0.081
10028,-0.083
10029,-0.029
10030,-0.005
10031,-0.044
10032,0.017
10033,-0.061
10034,-0.042
10035,0.022
10036,-0.071
10037,-0.151
10038,-0.061
10039,-0.024
10040,-0.181
10041,-0.146
10042,-0.022
10043,-0.027
10044,-0.039
10045,-0.122
10046,0.088
10047,0.027
10048,0.037
10049,0.022
10050,0.027
10051,0.1
10052,0.007
10053,-0.073
10054,0.007
10055,-0.037
10056,-0.007
10057,-0.117
10058,-0.1
10059,-0.02
10060,-0.063
10061,-0.171
10062,-0.039
10063,0.039
10064,-0.024
10065,0.01
10066,-0.037
10067,-0.017
10068,-0.056
10069,0.046
10070,-0.01
10071,0.007
10072,0.046
10073,-0.034
10074,0.027
10075,-0.151
10076,-0.02
10077,0.063
10078,-0.061
10079,0.042
10080,-0.046
10081,-0.063
10082,-0.012
10083,-0.168
10084,-0.017
10085,0.02
10086,-0.068
10087,-0.042
10088,-0.032
10089,0.017
10090,0.09
10091,-0.066
10092,-0.061
10093,0.0
10094,0.032
10095,0.027
10096,-0.056
10097,-0.117
10098,0.061
10099,0.039
10100,-0.071
10101,-0.083
10102,-0.054
10103,-0.012
10104,-0.039
10105,-0.12
10106,-0.098
10107,-0.042
10108,0.046
10109,-0.012
10110,-0.056
10111,-0.142
10112,-0.027
10113,-0.061
10114,-0.076
10115,0.02
10116,-0.02
10117,-0.012
10118,0.127
10119,-0.012
10120,-0.071
10121,0.002
10122,0.12
10123,0.134
10124,-0.002
10125,-0.032
10126,-0.046
10127,-0.024
10128,-0.132
10129,0.01
10130,-0.029
10131,-0.012
10132,0.024
10133,-0.061
10134,0.11
10135,-0.056
10136,0.073
10137,0.132
10138,-0.024
10139,0.002
10140,-0.054
10141,-0.054
10142,-0.049
10143,0.01
10144,-0.112
10145,-0.076
10146,-0.044
10147,0.005
10148,-0.044
10149,-0.034
10150,-0.046
10151,-0.044
10152,-0.1
10153,-0.032
10154,-0.034
10155,-0.032
10156,0.017
10157,0.034
10158,-0.02
10159,-0.12
10160,-0.073
10161,0.054
10162,0.044
10163,0.073
10164,0.02
10165,-0.029
10166,-0.024
10167,0.073
10168,0.076
10169,-0.073
10170,0.024
10171,0.103
10172,-0.01
10173,-0.037
10174,-0.054
10175,0.037
10176,-0.037
10177,-0.115
10178,-0.093
10179,-0.049
10180,-0.068
10181,-0.01
10182,0.029
10183,-0.042
10184,-0.11
10185,-0.117
10186,0.09
10187,-0.017
10188,-0.166
10189,-0.034
10190,0.022
10191,0.083
10192,0.049
10193,-0.015
10194,0.081
10195,0.059
10196,0.044
10197,-0.034
10198,-0.1
10199,0.029
10200,0.02
10201,-0.037
10202,-0.044
10203,-0.046
10204,0.095
10205,-0.012
10206,-0.083
10207,-0.144
10208,-0.073
10209,0.012
10210,0.034
10211,0.073
10212,-0.007
10213,0.024
10214,0.005
10215,-0.032
10216,0.005
10217,0.088
10218,0.098
10219,0.017
10220,-0.012
10221,-0.034
10222,-0.068
10223,0.159
10224,0.034
10225,-0.029
10226,0.01
10227,0.066
10228,-0.103
10229,-0.046
10230,0.11
10231,0.01
10232,-0.024
10233,0.051
10234,0.002
10235,-0.044
10236,-0.137
10237,0.034
10238,-0.01
10239,-0.083
10240,-0.044
10241,-0.122
10242,-0.103
10243,0.005
10244,0.071
10245,-0.037
10246,-0.11
10247,0.0
10248,0.09
10249,0.056
10250,0.017
10251,0.032
10252,0.083
10253,0.032
10254,0.088
10255,-0.007
10256,0.027
10257,0.081
10258,0.054
10259,-0.085
10260,-0.029
10261,-0.076
10262,0.027
10263,0.059
10264,0.017
10265,-0.061
10266,0.01
10267,-0.029
10268,-0.044
10269,0.029
10270,0.056
10271,-0.027
10272,0.034
10273,0.161
10274,0.149
10275,0.063
10276,0.039
10277,0.032
10278,0.076
10279,0.02
10280,-0.002
10281,-0.012
10282,0.024
10283,0.032
10284,0.059
10285,0.0
10286,0.002
10287,0.088
10288,0.044
10289,0.164
10290,0.029
10291,-0.02
10292,0.1
10293,0.029
10294,-0.027
10295,0.059
10296,0.122
10297,0.046
10298,0.032
10299,0.071
10300,0.081
10301,0.051
10302,0.073
10303,0.042
10304,-0.005
10305,-0.061
10306,0.049
10307,-0.037
10308,0.015
10309,0.142
10310,0.088
10311,0.034
10312,0.066
10313,0.103
10314,0.046
10315,-0.042
10316,0.0
10317,-0.107
10318,-0.117
10319,-0.024
10320,-0.029
10321,-0.007
10322,-0.093
10323,-0.056
10324,-0.071
10325,-0.132
10326,-0.027
10327,0.022
10328,-0.098
10329,-0.024
10330,0.017
10331,0.095
10332,0.078
10333,-0.02
10334,0.005
10335,-0.112
10336,-0.11
10337,0.032
10338,0.002
10339,0.027
10340,-0.002
10341,-0.002
10342,-0.066
10343,-0.037
10344,-0.042
10345,-0.105
10346,0.059
10347,0.085
10348,0.015
10349,0.049
10350,0.01
10351,-0.017
10352,0.029
10353,-0.127
10354,-0.115
10355,-0.046
10356,0.01
10357,0.042
10358,-0.024
10359,-0.107
10360,-0.112
10361,-0.156
10362,-0.103
10363,-0.059
10364,-0.059
10365,0.015
10366,0.02
10367,-0.022
10368,-0.151
10369,-0.024
10370,0.056
10371,0.015
10372,-0.039
10373,-0.02
10374,0.002
10375,0.088
10376,-0.066
10377,0.029
10378,0.002
10379,-0.1
10380,-0.01
10381,0.078
10382,0.0
10383,0.044
10384,0.044
10385,0.039
10386,0.037
10387,0.015
10388,-0.02
10389,-0.037
10390,-0.01
10391,0.01
10392,0.022
10393,0.034
10394,0.054
10395,0.112
10396,0.078
10397,0.071
10398,0.051
10399,-0.022
10400,0.144
10401,0.005
10402,0.044
10403,-0.093
10404,-0.083
10405,-0.027
10406,0.063
10407,0.005
10408,-0.073
10409,-0.002
10410,-0.061
10411,-0.024
10412,0.078
10413,-0.015
10414,0.051
10415,0.098
10416,0.107
10417,0.032
10418,0.02
10419,0.034
10420,-0.056
10421,-0.007
10422,-0.02
10423,-0.042
10424,-0.022
10425,-0.046
10426,-0.159
10427,-0.083
10428,-0.024
10429,0.029
10430,-0.066
10431,-0.117
10432,-0.01
10433,-0.034
10434,0.012
10435,0.022
10436,-0.037
10437,-0.005
10438,0.083
10439,-0.037
10440,-0.134
10441,-0.032
10442,-0.017
10443,-0.056
10444,-0.059
10445,-0.063
10446,-0.117
10447,-0.071
10448,-0.071
10449,-0.093
10450,-0.068
10451,-0.063
10452,0.022
10453,0.007
10454,0.049
10455,0.073
10456,0.112
10457,0.02
10458,0.073
10459,0.066
10460,0.073
10461,-0.017
10462,0.005
10463,0.09
10464,0.022
10465,0.022
10466,0.071
10467,0.068
10468,-0.049
10469,-0.056
10470,0.056
10471,0.017
10472,-0.032
10473,-0.002
10474,0.007
10475,-0.027
10476,0.078
10477,0.105
10478,-0.002
10479,0.005
10480,0.027
10481,0.02
10482,-0.042
10483,-0.085
10484,-0.01
10485,0.081
10486,0.005
10487,-0.032
10488,0.015
10489,-0.051
10490,0.002
10491,0.012
10492,-0.049
10493,0.029
10494,-0.02
10495,0.012
10496,-0.022
10497,-0.044
10498,-0.01
10499,-0.11
10500,-0.063
10501,-0.063
10502,-0.051
10503,-0.093
10504,-0.042
10505,-0.073
10506,-0.071
10507,-0.049
10508,-0.005
10509,-0.042
10510,-0.059
10511,-0.012
10512,0.0
10513,-0.017
10514,-0.024
10515,-0.039
10516,0.029
10517,0.029
10518,-0.076
10519,-0.056
10520,-0.002
10521,0.015
10522,-0.081
10523,-0.09
10524,-0.112
10525,0.005
10526,-0.049
10527,-0.083
10528,-0.107
10529,0.044
10530,0.029
10531,0.012
10532,-0.039
10533,0.09
10534,0.056
10535,0.088
10536,0.0
10537,0.068
10538,0.088
10539,-0.098
10540,-0.034
10541,-0.034
10542,0.02
10543,-0.037
10544,-0.059
10545,-0.129
10546,-0.088
10547,-0.029
10548,0.002
10549,-0.083
10550,-0.054
10551,0.066
10552,0.002
10553,0.01
10554,0.044
10555,0.02
10556,0.1
10557,0.171
10558,0.042
10559,0.078
10560,0.146
10561,0.051
10562,0.0
10563,-0.081
10564,0.032
10565,-0.017
10566,-0.088
10567,-0.034
10568,0.012
10569,0.032
10570,0.037
10571,0.056
10572,0.0
10573,0.056
10574,0.12
10575,0.049
10576,0.051
10577,0.076
10578,0.054
10579,0.088
10580,0.042
10581,-0.039
10582,0.039
10583,0.051
10584,0.071
10585,-0.02
10586,0.1
10587,-0.061
10588,-0.159
10589,-0.02
10590,-0.046
10591,0.017
10592,0.046
10593,-0.054
10594,-0.078
10595,-0.027
10596,0.066
10597,0.01
10598,-0.054
10599,-0.034
10600,0.015
10601,-0.046
10602,0.049
10603,-0.027
10604,0.0
10605,-0.017
10606,0.024
10607,0.037
10608,-0.022
10609,0.056
10610,-0.034
10611,0.0
10612,0.0
10613,0.042
10614,0.098
10615,0.042
10616,0.061
10617,-0.056
10618,-0.005
10619,0.054
10620,0.098
10621,-0.024
10622,-0.032
10623,0.068
10624,-0.012
10625,-0.032
10626,0.042
10627,-0.056
10628,-0.022
10629,0.117
10630,0.015
10631,0.066
10632,0.002
10633,0.256
10634,0.176
10635,-0.134
10636,0.039
10637,0.02
10638,0.022
10639,0.027
10640,-0.017
10641,0.073
10642,0.081
10643,-0.063
10644,-0.056
10645,-0.046
10646,-0.044
10647,-0.022
10648,0.037
10649,0.005
10650,-0.032
10651,0.09
10652,-0.044
10653,-0.059
10654,-0.024
10655,0.181
10656,0.002
10657,0.005
10658,0.115
10659,-0.017
10660,-0.056
10661,-0.093
10662,-0.042
10663,-0.017
10664,-0.1
10665,-0.068
10666,0.049
10667,-0.073
10668,-0.022
10669,-0.059
10670,-0.081
10671,0.012
10672,0.063
10673,-0.051
10674,-0.076
10675,-0.059
10676,0.127
10677,0.066
10678,0.002
10679,-0.11
10680,-0.015
10681,0.081
10682,0.12
10683,-0.039
10684,-0.056
10685,0.015
10686,0.002
10687,-0.146
10688,0.029
10689,0.037
10690,-0.012
10691,0.037
10692,-0.002
10693,0.01
10694,-0.007
10695,0.093
10696,-0.034
10697,-0.012
10698,0.093
10699,0.063
10700,0.015
10701,-0.083
10702,-0.032
10703,0.042
10704,-0.01
10705,-0.071
10706,0.002
10707,-0.054
10708,0.0
10709,-0.098
10710,0.063
10711,0.034
10712,-0.022
10713,0.066
10714,-0.007
10715,0.105
10716,0.112
10717,0.059
10718,0.066
10719,0.093
10720,0.037
10721,0.054
10722,-0.005
10723,-0.1
10724,-0.051
10725,-0.032
10726,0.044
10727,-0.022
10728,-0.095
10729,0.002
10730,-0.066
10731,0.01
10732,-0.078
10733,-0.144
10734,0.083
10735,0.215
10736,-0.081
10737,0.024
10738,0.061
10739,0.02
10740,0.078
10741,0.061
10742,0.044
10743,0.046
10744,0.073
10745,-0.02
10746,-0.015
10747,0.044
10748,-0.005
10749,-0.063
10750,-0.164
10751,-0.012
10752,-0.132
10753,-0.071
10754,0.027
10755,-0.039
10756,-0.073
10757,0.044
10758,-0.054
10759,-0.029
10760,0.039
10761,0.032
10762,0.027
10763,0.005
10764,0.037
10765,-0.095
10766,-0.168
10767,-0.112
10768,-0.032
10769,-0.166
10770,-0.137
10771,-0.002
10772,-0.125
10773,-0.085
10774,-0.066
10775,-0.056
10776,-0.002
10777,0.063
10778,0.11
10779,0.002
10780,-0.022
10781,-0.01
10782,0.088
10783,-0.007
10784,-0.032
10785,0.081
10786,0.154
10787,-0.034
10788,-0.027
10789,-0.051
10790,-0.071
10791,-0.017
10792,-0.005
10793,-0.017
10794,-0.051
10795,0.059
10796,0.015
10797,-0.054
10798,0.134
10799,-0.022
10800,0.112
10801,0.12
10802,0.049
10803,0.078
10804,0.125
10805,0.061
10806,0.044
10807,0.034
10808,-0.005
10809,-0.044
10810,-0.01
10811,-0.01
10812,0.017
10813,-0.032
10814,-0.037
10815,-0.024
10816,-0.02
10817,0.027
10818,0.054
10819,-0.039
10820,0.098
10821,0.042
10822,0.081
10823,0.037
10824,0.09
10825,0.088
10826,0.071
10827,0.073
10828,0.005
10829,0.007
10830,-0.037
10831,-0.017
10832,0.002
10833,0.051
10834,-0.12
10835,-0.076
10836,-0.098
10837,-0.1
10838,0.034
10839,-0.059
10840,0.044
10841,0.066
10842,-0.027
10843,0.032
10844,-0.024
10845,-0.085
10846,0.01
10847,-0.002
10848,-0.046
10849,-0.029
10850,-0.061
10851,-0.027
10852,-0.002
10853,0.066
10854,0.042
10855,0.012
10856,-0.032
10857,0.085
10858,0.032
10859,-0.085
10860,0.029
10861,0.027
10862,0.081
10863,-0.012
10864,-0.01
10865,0.088
10866,-0.002
10867,-0.007
10868,0.037
10869,0.0
10870,0.005
10871,-0.063
10872,-0.049
10873,-0.024
10874,-0.007
10875,0.076
10876,-0.071
10877,0.002
10878,0.002
10879,0.042
10880,0.09
10881,0.02
10882,0.063
10883,0.024
10884,0.081
10885,0.022
10886,-0.02
10887,0.061
10888,-0.066
10889,-0.015
10890,-0.088
10891,-0.024
10892,-0.095
10893,-0.012
10894,-0.005
10895,-0.032
10896,0.034
10897,0.01
10898,-0.002
10899,-0.044
10900,0.122
10901,0.076
10902,0.0
10903,-0.002
10904,-0.002
10905,0.039
10906,-0.015
10907,-0.117
10908,-0.034
10909,-0.063
10910,-0.095
10911,0.088
10912,-0.115
10913,-0.107
10914,-0.076
10915,-0.024
10916,-0.054
10917,-0.02
10918,0.017
10919,-0.071
10920,0.032
10921,0.032
10922,0.029
10923,-0.024
10924,0.032
10925,0.015
10926,-0.066
10927,-0.098
10928,-0.103
10929,-0.054
10930,-0.068
10931,-0.107
10932,-0.09
10933,-0.132
10934,-0.044
10935,-0.02
10936,-0.049
10937,0.046
10938,-0.005
10939,-0.073
10940,-0.029
10941,0.032
10942,0.11
10943,0.066
10944,-0.037
10945,0.039
10946,0.024
10947,0.032
10948,-0.068
10949,0.005
10950,-0.027
10951,0.017
10952,-0.012
10953,-0.1
10954,-0.068
10955,-0.002
10956,-0.129
10957,-0.078
10958,-0.054
10959,0.005
10960,-0.017
10961,0.042
10962,0.066
10963,-0.02
10964,-0.034
10965,0.042
10966,0.0
10967,-0.037
10968,0.044
10969,0.085
10970,-0.032
10971,-0.01
10972,-0.09
10973,-0.061
10974,0.122
10975,0.059
10976,-0.085
10977,0.027
10978,0.151
10979,0.066
10980,0.103
10981,0.049
10982,0.081
10983,-0.02
10984,0.012
10985,0.125
10986,-0.054
10987,0.063
10988,0.098
10989,-0.054
10990,-0.081
10991,0.034
10992,0.125
10993,-0.11
10994,-0.112
10995,0.039
10996,-0.012
10997,-0.012
10998,-0.024
10999,0.039
11000,0.037
11001,0.1
11002,0.061
11003,-0.059
11004,0.037
11005,0.11
11006,-0.01
11007,-0.015
11008,-0.042
11009,0.083
11010,-0.054
11011,-0.039
11012,-0.068
11013,-0.071
11014,-0.081
11015,-0.144
11016,-0.042
11017,-0.015
11018,-0.012
11019,-0.093
11020,0.029
11021,0.029
11022,0.007
11023,-0.032
11024,-0.017
11025,0.046
11026,-0.012
11027,-0.046
11028,0.002
11029,-0.071
11030,-0.073
11031,-0.093
11032,-0.093
11033,-0.073
11034,0.107
11035,-0.007
11036,0.0
11037,0.022
11038,0.059
11039,-0.032
11040,-0.034
11041,-0.061
11042,0.11
11043,0.122
11044,0.071
11045,-0.051
11046,-0.012
11047,0.027
11048,0.095
11049,-0.002
11050,-0.12
11051,-0.005
11052,0.024
11053,0.022
11054,0.044
11055,0.032
11056,-0.049
11057,0.032
11058,0.044
11059,0.005
11060,-0.01
11061,0.083
11062,0.093
11063,-0.134
11064,-0.01
11065,-0.012
11066,-0.076
11067,0.029
11068,-0.056
11069,0.063
11070,0.083
11071,-0.051
11072,-0.015
11073,-0.061
11074,0.0
11075,-0.095
11076,-0.205
11077,-0.017
11078,0.042
11079,-0.046
11080,0.0
11081,-0.027
11082,-0.085
11083,-0.061
11084,0.049
11085,0.078
11086,0.054
11087,0.054
11088,0.02
11089,0.061
11090,-0.044
11091,-0.007
11092,-0.007
11093,0.027
11094,0.051
11095,-0.042
11096,-0.161
11097,-0.015
11098,0.049
11099,0.117
11100,-0.039
11101,-0.061
11102,0.095
11103,0.032
11104,0.029
11105,0.059
11106,-0.002
11107,0.076
11108,-0.012
11109,-0.095
11110,-0.051
11111,-0.071
11112,0.017
11113,-0.071
11114,-0.134
11115,0.049
11116,0.054
11117,-0.012
11118,0.0
11119,0.0
11120,0.037
11121,-0.024
11122,-0.022
11123,0.051
11124,0.034
11125,0.032
11126,0.103
11127,0.005
11128,0.022
11129,0.107
11130,-0.042
11131,0.037
11132,-0.083
11133,-0.002
11134,0.117
11135,-0.095
11136,-0.039
11137,-0.027
11138,0.054
11139,0.017
11140,0.059
11141,0.112
11142,0.007
11143,0.01
11144,0.049
11145,0.034
11146,0.034
11147,0.076
11148,-0.024
11149,-0.01
11150,0.027
11151,0.098
11152,0.056
11153,0.027
11154,-0.049
11155,0.022
11156,0.068
11157,0.046
11158,-0.032
11159,0.024
11160,0.083
11161,0.125
11162,0.039
11163,-0.083
11164,0.002
11165,0.044
11166,0.051
11167,0.005
11168,0.037
11169,0.059
11170,0.012
11171,0.044
11172,-0.032
11173,0.063
11174,0.02
11175,-0.073
11176,0.046
11177,-0.11
11178,-0.017
11179,0.166
11180,0.0
11181,0.005
11182,0.029
11183,-0.105
11184,0.022
11185,0.059
11186,0.012
11187,0.024
11188,-0.042
11189,-0.039
11190,0.024
11191,-0.015
11192,-0.051
11193,-0.127
11194,-0.005
11195,-0.007
11196,-0.01
11197,-0.007
11198,-0.005
11199,-0.002
11200,0.068
11201,0.027
11202,0.022
11203,0.115
11204,0.02
11205,0.0
11206,0.024
11207,-0.024
11208,-0.063
11209,-0.076
11210,0.054
11211,0.022
11212,-0.002
11213,0.022
11214,-0.105
11215,-0.068
11216,-0.061
11217,-0.01
11218,0.024
11219,0.085
11220,0.154
11221,0.103
11222,0.061
11223,0.142
11224,0.251
11225,0.11
11226,0.1
11227,0.105
11228,-0.002
11229,0.112
11230,0.029
11231,0.071
11232,0.02
11233,-0.024
11234,0.017
11235,-0.049
11236,0.024
11237,-0.017
11238,0.012
11239,0.005
11240,0.029
11241,0.078
11242,0.024
11243,0.017
11244,0.042
11245,-0.083
11246,0.034
11247,0.037
11248,0.12
11249,0.115
11250,-0.02
11251,0.044
11252,0.068
11253,0.061
11254,0.081
11255,0.1
11256,0.066
11257,0.049
11258,0.11
11259,0.129
11260,0.081
11261,0.105
11262,0.024
11263,0.059
11264,0.017
11265,0.066
11266,0.015
11267,-0.039
11268,-0.044
11269,-0.029
11270,0.005
11271,0.039
11272,-0.042
11273,-0.142
11274,-0.039
11275,-0.044
11276,-0.083
11277,-0.042
11278,-0.042
11279,-0.076
11280,0.029
11281,0.068
11282,-0.049
11283,-0.125
11284,0.044
11285,0.095
11286,-0.046
11287,0.024
11288,0.168
11289,0.056
11290,0.012
11291,0.02
11292,-0.056
11293,-0.061
11294,-0.149
11295,-0.024
11296,0.024
11297,-0.027
11298,0.037
11299,-0.024
11300,-0.056
11301,-0.017
11302,-0.073
11303,0.005
11304,0.027
11305,-0.007
11306,0.051
11307,0.034
11308,-0.01
11309,-0.022
11310,-0.034
11311,0.022
11312,0.002
11313,-0.022
11314,0.042
11315,0.007
11316,0.063
11317,0.02
11318,-0.032
11319,-0.02
11320,0.093
11321,0.056
11322,-0.015
11323,0.078
11324,0.066
11325,0.061
11326,0.168
11327,0.056
11328,0.015
11329,0.105
11330,0.127
11331,0.002
11332,-0.083
11333,-0.017
11334,0.044
11335,-0.046
11336,-0.007
11337,0.049
11338,0.01
11339,0.037
11340,-0.063
11341,0.002
11342,0.049
11343,0.073
11344,0.01
11345,0.042
11346,-0.032
11347,-0.049
11348,0.029
11349,0.022
11350,0.012
11351,-0.022
11352,0.027
11353,0.044
11354,-0.061
11355,-0.024
11356,-0.032
11357,-0.027
11358,-0.093
11359,-0.037
11360,-0.127
11361,-0.01
11362,-0.029
11363,-0.105
11364,-0.037
11365,-0.032
11366,0.005
11367,0.039
11368,-0.015
11369,-0.022
11370,-0.024
11371,-0.122
11372,-0.107
11373,-0.066
11374,-0.103
11375,0.051
11376,-0.073
11377,-0.078
11378,-0.149
11379,-0.181
11380,-0.044
11381,0.024
11382,-0.168
11383,-0.076
11384,-0.068
11385,0.088
11386,-0.005
11387,-0.032
11388,0.068
11389,-0.005
11390,0.088
11391,0.042
11392,0.034
11393,0.061
11394,-0.066
11395,-0.112
11396,-0.098
11397,-0.137
11398,-0.044
11399,0.061
11400,0.01
11401,-0.061
11402,-0.022
11403,-0.002
11404,0.015
11405,0.012
11406,0.063
11407,0.144
11408,0.098
11409,0.022
11410,0.015
11411,0.0
11412,0.117
11413,0.024
11414,0.085
11415,-0.09
11416,-0.024
11417,0.1
11418,-0.076
11419,-0.012
11420,0.024
11421,-0.059
11422,0.083
11423,0.002
11424,-0.002
11425,0.051
11426,0.017
11427,0.051
11428,-0.012
11429,0.02
11430,0.037
11431,-0.039
11432,0.017
11433,-0.015
11434,-0.049
11435,0.063
11436,-0.056
11437,0.081
11438,-0.039
11439,-0.11
11440,-0.198
11441,-0.063
11442,0.142
11443,-0.059
11444,-0.093
11445,0.032
11446,0.059
11447,0.0
11448,-0.061
11449,0.066
11450,0.066
11451,0.054
11452,0.022
11453,0.005
11454,-0.144
11455,-0.002
11456,0.095
11457,-0.022
11458,-0.066
11459,0.02
11460,-0.171
11461,-0.034
11462,0.076
11463,0.02
11464,-0.107
11465,-0.068
11466,-0.029
11467,-0.039
11468,-0.027
11469,-0.005
11470,0.027
11471,0.032
11472,-0.015
11473,0.051
11474,-0.007
11475,-0.059
11476,-0.115
11477,-0.1
11478,-0.059
11479,-0.022
11480,-0.015
11481,0.01
11482,-0.11
11483,-0.112
11484,-0.015
11485,0.081
11486,-0.017
11487,0.032
11488,0.107
11489,0.017
11490,-0.088
11491,-0.015
11492,0.085
11493,0.02
11494,-0.051
11495,-0.027
11496,-0.056
11497,-0.105
11498,-0.085
11499,-0.066
11500,-0.046
11501,-0.088
11502,0.039
11503,0.112
11504,0.117
11505,0.015
11506,0.078
11507,0.105
11508,0.093
11509,0.127
11510,0.039
11511,0.066
11512,0.093
11513,0.042
11514,-0.022
11515,-0.029
11516,0.063
11517,-0.01
11518,-0.039
11519,-0.054
11520,-0.032
11521,-0.012
11522,-0.022
11523,-0.083
11524,-0.024
11525,-0.02
11526,-0.022
11527,0.0
11528,-0.007
11529,-0.049
11530,0.027
11531,0.027
11532,-0.081
11533,-0.11
11534,-0.132
11535,-0.117
11536,-0.144
11537,-0.024
11538,-0.071
11539,-0.046
11540,-0.09
11541,-0.063
11542,-0.044
11543,-0.02
11544,-0.015
11545,0.059
11546,-0.085
11547,-0.046
11548,0.034
11549,-0.037
11550,0.049
11551,0.078
11552,-0.022
11553,0.103
11554,-0.095
11555,-0.059
11556,0.015
11557,-0.046
11558,-0.081
11559,-0.054
11560,-0.042
11561,0.049
11562,-0.022
11563,-0.059
11564,-0.098
11565,-0.144
11566,-0.083
11567,0.032
11568,0.046
11569,-0.002
11570,-0.002
11571,0.044
11572,0.027
11573,-0.063
11574,-0.002
11575,0.122
11576,-0.027
11577,0.017
11578,0.029
11579,0.049
11580,-0.059
11581,-0.078
11582,0.017
11583,0.017
11584,-0.02
11585,0.005
11586,0.012
11587,-0.027
11588,0.105
11589,0.127
11590,0.2
11591,0.078
11592,-0.005
11593,0.098
11594,-0.015
11595,0.0
11596,-0.002
11597,0.015
11598,0.034
11599,-0.024
11600,-0.1
11601,-0.002
11602,-0.088
11603,-0.078
11604,-0.066
11605,-0.088
11606,-0.049
11607,0.007
11608,-0.032
11609,-0.073
11610,0.015
11611,-0.024
11612,-0.044
11613,0.073
11614,-0.054
11615,-0.049
11616,0.002
11617,-0.042
11618,-0.051
11619,-0.024
11620,0.002
11621,-0.039
11622,0.012
11623,-0.024
11624,0.0
11625,0.034
11626,0.037
11627,0.034
11628,-0.059
11629,-0.039
11630,-0.039
11631,-0.068
11632,-0.017
11633,0.044
11634,-0.024
11635,-0.005
11636,-0.039
11637,-0.085
11638,-0.034
11639,-0.024
11640,0.059
11641,-0.125
11642,-0.129
11643,0.022
11644,-0.076
11645,-0.083
11646,-0.173
11647,-0.144
11648,-0.063
11649,0.032
11650,-0.017
11651,0.039
11652,-0.085
11653,-0.046
11654,-0.051
11655,-0.017
11656,0.039
11657,0.054
11658,0.044
11659,-0.012
11660,-0.051
11661,-0.076
11662,0.002
11663,-0.017
11664,0.022
11665,0.01
11666,0.0
11667,0.012
11668,0.061
11669,-0.044
11670,0.002
11671,0.137
11672,0.054
11673,0.083
11674,0.142
11675,0.061
11676,0.024
11677,0.024
11678,0.132
11679,0.007
11680,-0.032
11681,0.022
11682,0.061
11683,-0.073
11684,0.015
11685,0.044
11686,-0.012
11687,0.022
11688,0.027
11689,-0.056
11690,-0.115
11691,0.0
11692,-0.032
11693,-0.015
11694,-0.015
11695,0.095
11696,0.054
11697,-0.042
11698,-0.01
11699,0.017
11700,0.039
11701,-0.051
11702,-0.098
11703,-0.054
11704,0.007
11705,0.017
11706,0.012
11707,0.044
11708,0.09
11709,-0.02
11710,-0.037
11711,0.022
11712,-0.112
11713,-0.093
11714,-0.056
11715,0.01
11716,0.017
11717,0.029
11718,-0.051
11719,-0.017
11720,-0.183
11721,-0.054
11722,-0.012
11723,-0.085
11724,0.046
11725,-0.01
11726,-0.017
11727,-0.081
11728,-0.105
11729,0.022
11730,-0.063
11731,0.017
11732,0.193
11733,0.049
11734,0.085
11735,-0.005
11736,-0.039
11737,0.029
11738,0.0
11739,-0.034
11740,0.027
11741,0.093
11742,0.024
11743,-0.081
11744,-0.051
11745,-0.007
11746,0.024
11747,0.015
11748,0.056
11749,0.024
11750,-0.024
11751,-0.012
11752,-0.02
11753,0.054
11754,0.071
11755,0.142
11756,0.051
11757,-0.005
11758,0.093
11759,0.02
11760,-0.049
11761,0.027
11762,-0.068
11763,0.061
11764,0.063
11765,-0.01
11766,-0.049
11767,-0.093
11768,0.0
11769,-0.002
11770,-0.071
11771,-0.017
11772,0.037
11773,0.11
11774,-0.122
11775,0.017
11776,0.02
11777,-0.054
11778,-0.02
11779,-0.125
11780,-0.012
11781,0.0
11782,-0.007
11783,-0.139
11784,-0.115
11785,-0.056
11786,-0.11
11787,-0.098
11788,-0.093
11789,-0.088
11790,-0.066
11791,0.042
11792,-0.049
11793,-0.049
11794,0.049
11795,0.12
11796,-0.015
11797,-0.027
11798,0.015
11799,0.056
11800,-0.051
11801,0.068
11802,0.002
11803,-0.103
11804,0.107
11805,0.098
11806,-0.139
11807,-0.107
11808,0.007
11809,0.039
11810,0.034
11811,-0.044
11812,-0.066
11813,0.022
11814,-0.01
11815,0.042
11816,0.015
11817,-0.017
11818,0.032
11819,-0.024
11820,-0.071
11821,-0.044
11822,-0.042
11823,-0.042
11824,0.017
11825,-0.083
11826,-0.051
11827,-0.027
11828,-0.005
11829,0.012
11830,-0.002
11831,0.093
11832,0.115
11833,0.02
11834,0.103
11835,0.115
11836,0.032
11837,0.127
11838,0.066
11839,0.071
11840,0.073
11841,0.061
11842,0.09
11843,0.059
11844,0.059
11845,0.034
11846,0.005
11847,0.02
11848,0.054
11849,0.015
11850,0.042
11851,0.073
11852,-0.017
11853,0.081
11854,0.127
11855,0.083
11856,0.098
11857,0.029
11858,-0.002
11859,-0.002
11860,-0.068
11861,-0.059
11862,-0.01
11863,0.032
11864,0.051
11865,-0.012
11866,-0.034
11867,0.024
11868,0.005
11869,0.027
11870,0.002
11871,0.017
11872,0.1
11873,0.139
11874,0.061
11875,0.046
11876,0.0
11877,0.059
11878,0.0
11879,-0.073
11880,0.066
11881,-0.066
11882,-0.054
11883,-0.024
11884,-0.151
11885,0.032
11886,-0.015
11887,-0.173
11888,-0.051
11889,-0.095
11890,0.005
11891,0.061
11892,0.002
11893,0.144
11894,0.059
11895,0.051
11896,-0.007
11897,0.081
11898,0.0
11899,0.029
11900,0.107
11901,0.01
11902,-0.056
11903,0.049
11904,0.032
11905,0.046
11906,-0.012
11907,-0.122
11908,0.024
11909,0.066
11910,-0.017
11911,-0.027
11912,0.129
11913,0.01
11914,-0.002
11915,0.042
11916,0.027
11917,0.117
11918,-0.034
11919,0.034
11920,0.068
11921,0.042
11922,0.037
11923,0.032
11924,0.02
11925,-0.01
11926,0.0
11927,0.115
11928,0.083
11929,-0.046
11930,0.034
11931,-0.012
11932,-0.01
11933,0.068
11934,0.107
11935,0.042
11936,0.01
11937,-0.017
11938,0.032
11939,0.1
11940,0.01
11941,0.056
11942,-0.024
11943,-0.027
11944,0.015
11945,-0.046
11946,0.115
11947,0.059
11948,0.002
11949,-0.061
11950,-0.068
11951,0.034
11952,-0.007
11953,0.01
11954,0.017
11955,0.015
11956,0.022
11957,0.125
11958,-0.046
11959,-0.068
11960,-0.017
11961,-0.081
11962,-0.134
11963,-0.039
11964,-0.066
11965,-0.005
11966,-0.056
11967,-0.066
11968,-0.002
11969,-0.017
11970,-0.076
11971,-0.022
11972,-0.044
11973,-0.066
11974,-0.132
11975,-0.005
11976,0.098
11977,-0.037
11978,-0.051
11979,0.0
11980,-0.078
11981,-0.132
11982,-0.098
11983,-0.137
11984,-0.132
11985,-0.154
11986,-0.1
11987,0.029
11988,-0.015
11989,-0.044
11990,0.0
11991,-0.012
11992,-0.09
11993,-0.017
11994,-0.046
11995,-0.042
11996,0.029
11997,0.09
11998,0.015
11999,-0.02
12000,-0.066
12001,0.049
12002,0.027
12003,-0.032
12004,0.037
12005,-0.105
12006,-0.002
12007,0.09
12008,-0.032
12009,-0.125
12010,0.01
12011,0.081
12012,0.002
12013,0.017
12014,0.088
12015,0.183
12016,0.161
12017,0.037
12018,0.063
12019,0.071
12020,0.005
12021,0.151
12022,0.09
12023,0.054
12024,0.081
12025,0.059
12026,0.039
12027,-0.022
12028,0.002
12029,0.012
12030,-0.034
12031,-0.081
12032,0.042
12033,0.017
12034,0.037
12035,0.1
12036,0.081
12037,0.01
12038,-0.007
12039,0.063
12040,0.015
12041,0.122
12042,0.1
12043,-0.071
12044,-0.085
12045,-0.022
12046,-0.027
12047,-0.105
12048,-0.146
12049,-0.029
12050,-0.056
12051,-0.095
12052,-0.146
12053,-0.066
12054,-0.078
12055,0.029
12056,0.015
12057,0.0
12058,-0.044
12059,0.022
12060,0.037
12061,0.042
12062,-0.085
12063,-0.095
12064,0.063
12065,0.029
12066,-0.056
12067,-0.105
12068,-0.142
12069,-0.049
12070,-0.056
12071,-0.129
12072,-0.1
12073,-0.137
12074,-0.098
12075,-0.005
12076,-0.051
12077,-0.032
12078,-0.015
12079,0.056
12080,-0.02
12081,0.027
12082,0.056
12083,-0.017
12084,-0.063
12085,0.105
12086,0.044
12087,-0.054
12088,-0.063
12089,-0.071
12090,-0.1
12091,-0.073
12092,-0.098
12093,-0.029
12094,0.007
12095,-0.093
12096,0.005
12097,0.002
12098,-0.022
12099,-0.012
12100,0.037
12101,0.042
12102,0.049
12103,-0.024
12104,0.063
12105,0.046
12106,-0.051
12107,-0.032
12108,0.0
12109,-0.044
12110,-0.132
12111,0.002
12112,0.0
12113,0.054
12114,0.049
12115,0.012
12116,0.007
12117,0.029
12118,0.056
12119,0.066
12120,-0.02
12121,-0.049
12122,0.061
12123,0.02
12124,0.022
12125,0.139
12126,-0.051
12127,0.042
12128,0.088
12129,-0.034
12130,0.093
12131,0.02
12132,-0.071
12133,0.073
12134,-0.061
12135,-0.01
12136,0.029
12137,-0.054
12138,-0.046
12139,-0.037
12140,0.01
12141,-0.017
12142,-0.054
12143,0.015
12144,-0.061
12145,-0.029
12146,0.076
12147,0.015
12148,-0.078
12149,-0.066
12150,-0.056
12151,-0.02
12152,0.002
12153,0.007
12154,0.005
12155,0.012
12156,-0.11
12157,-0.044
12158,-0.029
12159,-0.017
12160,-0.037
12161,0.066
12162,-0.024
12163,0.037
12164,-0.056
12165,-0.024
12166,0.01
12167,-0.139
12168,-0.046
12169,0.0
12170,-0.076
12171,-0.122
12172,-0.022
12173,0.017
12174,-0.12
12175,-0.063
12176,0.005
12177,-0.083
12178,0.002
12179,0.171
12180,0.039
12181,0.005
12182,0.122
12183,0.063
12184,0.02
12185,0.039
12186,0.137
12187,0.142
12188,-0.059
12189,-0.034
12190,-0.015
12191,0.015
12192,-0.024
12193,0.049
12194,-0.017
12195,-0.015
12196,0.037
12197,0.078
12198,0.103
12199,0.122
12200,0.088
12201,-0.039
12202,-0.029
12203,0.037
12204,-0.01
12205,0.037
12206,-0.042
12207,-0.029
12208,-0.071
12209,-0.002
12210,-0.076
12211,-0.107
12212,0.061
12213,-0.015
12214,-0.046
12215,0.002
12216,-0.076
12217,0.034
12218,-0.054
12219,-0.073
12220,0.066
12221,-0.007
12222,-0.056
12223,0.024
12224,0.007
12225,-0.071
12226,-0.039
12227,-0.061
12228,-0.039
12229,-0.039
12230,0.034
12231,0.046
12232,-0.024
12233,-0.098
12234,-0.002
12235,0.027
12236,-0.01
12237,0.068
12238,0.024
12239,-0.015
12240,-0.002
12241,0.059
12242,-0.012
12243,0.017
12244,0.076
12245,0.027
12246,0.017
12247,0.107
12248,0.015
12249,-0.042
12250,-0.032
12251,0.056
12252,0.007
12253,-0.034
12254,-0.054
12255,-0.073
12256,-0.002
12257,-0.051
12258,-0.032
12259,-0.046
12260,0.044
12261,0.09
12262,0.039
12263,-0.105
12264,-0.039
12265,0.027
12266,0.027
12267,-0.105
12268,-0.039
12269,-0.078
12270,-0.024
12271,-0.122
12272,-0.007
12273,0.046
12274,-0.122
12275,0.093
12276,0.156
12277,0.061
12278,-0.024
12279,-0.039
12280,0.11
12281,0.049
12282,0.073
12283,0.022
12284,-0.037
12285,-0.022
12286,-0.007
12287,-0.049
12288,-0.037
12289,-0.022
12290,0.085
12291,0.002
12292,-0.059
12293,-0.073
12294,-0.029
12295,0.002
12296,-0.042
12297,-0.085
12298,0.11
12299,0.068
12300,-0.007
12301,0.02
12302,0.037
12303,0.117
12304,-0.044
12305,-0.059
12306,-0.012
12307,0.034
12308,0.032
12309,0.049
12310,-0.159
12311,-0.09
12312,-0.024
12313,-0.056
12314,-0.1
12315,0.054
12316,0.068
12317,0.044
12318,-0.112
12319,-0.144
12320,0.127
12321,0.156
12322,-0.007
12323,-0.039
12324,-0.071
12325,-0.034
12326,0.017
12327,-0.068
12328,0.029
12329,-0.066
12330,-0.056
12331,0.032
12332,-0.046
12333,0.027
12334,-0.054
12335,-0.095
12336,-0.085
12337,-0.046
12338,-0.01
12339,-0.034
12340,0.105
12341,-0.015
12342,0.051
12343,-0.017
12344,-0.073
12345,-0.012
12346,0.059
12347,-0.054
12348,-0.015
12349,-0.012
12350,-0.164
12351,-0.056
12352,-0.012
12353,-0.125
12354,-0.09
12355,-0.054
12356,0.015
12357,0.015
12358,0.022
12359,0.061
12360,-0.037
12361,-0.002
12362,0.01
12363,0.017
12364,0.012
12365,-0.002
12366,0.039
12367,0.107
12368,0.027
12369,0.017
12370,0.012
12371,0.027
12372,0.103
12373,-0.066
12374,-0.085
12375,0.007
12376,0.0
12377,-0.007
12378,-0.037
12379,-0.032
12380,0.02
12381,-0.01
12382,0.051
12383,-0.093
12384,-0.056
12385,0.068
12386,-0.01
12387,-0.125
12388,-0.088
12389,-0.017
12390,-0.049
12391,-0.168
12392,-0.071
12393,-0.083
12394,-0.071
12395,-0.071
12396,-0.02
12397,-0.01
12398,-0.015
12399,-0.037
12400,0.032
12401,0.061
12402,0.029
12403,0.027
12404,0.068
12405,0.115
12406,-0.01
12407,-0.083
12408,0.0
12409,-0.01
12410,-0.049
12411,-0.02
12412,-0.02
12413,0.044
12414,-0.1
12415,-0.107
12416,0.054
12417,-0.039
12418,0.022
12419,-0.051
12420,-0.076
12421,-0.063
12422,-0.034
12423,-0.027
12424,0.073
12425,-0.071
12426,0.015
12427,0.037
12428,-0.076
12429,-0.073
12430,0.037
12431,0.034
12432,0.049
12433,-0.012
12434,0.039
12435,-0.022
12436,0.034
12437,-0.034
12438,-0.024
12439,0.029
12440,0.059
12441,0.005
12442,0.022
12443,0.134
12444,0.002
12445,0.073
12446,0.12
12447,0.071
12448,-0.068
12449,0.02
12450,0.129
12451,0.071
12452,0.005
12453,-0.083
12454,-0.085
12455,-0.142
12456,-0.042
12457,0.037
12458,-0.049
12459,0.029
12460,0.044
12461,0.117
12462,0.107
12463,-0.017
12464,-0.063
12465,0.066
12466,0.068
12467,0.015
12468,-0.112
12469,0.007
12470,0.042
12471,-0.01
12472,-0.093
12473,-0.088
12474,-0.015
12475,-0.01
12476,-0.015
12477,-0.112
12478,-0.005
12479,-0.032
12480,0.103
12481,0.039
12482,-0.09
12483,-0.02
12484,-0.034
12485,0.017
12486,-0.063
12487,0.127
12488,0.037
12489,-0.049
12490,-0.002
12491,-0.02
12492,-0.002
12493,-0.032
12494,-0.061
12495,-0.029
12496,-0.007
12497,-0.12
12498,-0.068
12499,0.024
12500,0.02
12501,0.049
12502,-0.049
12503,0.007
12504,-0.056
12505,-0.046
12506,0.032
12507,0.029
12508,-0.002
12509,-0.002
12510,-0.005
12511,-0.002
12512,-0.137
12513,-0.024
12514,0.105
12515,-0.007
12516,0.0
12517,0.022
12518,-0.046
12519,0.02
12520,0.0
12521,0.02
12522,0.039
12523,0.134
12524,0.103
12525,0.068
12526,0.015
12527,0.059
12528,0.034
12529,0.012
12530,-0.046
12531,0.029
12532,-0.037
12533,-0.071
12534,0.037
12535,0.054
12536,-0.034
12537,0.078
12538,0.061
12539,-0.076
12540,0.066
12541,-0.01
12542,0.073
12543,0.166
12544,0.068
12545,0.078
12546,-0.049
12547,0.056
12548,0.11
12549,0.024
12550,-0.017
12551,0.027
12552,0.034
12553,0.015
12554,0.046
12555,0.01
12556,0.032
12557,-0.01
12558,-0.024
12559,0.0
12560,0.115
12561,0.093
12562,0.002
12563,0.015
12564,0.039
12565,0.037
12566,0.203
12567,0.061
12568,0.01
12569,0.081
12570,0.005
12571,-0.015
12572,-0.046
12573,-0.11
12574,-0.046
12575,-0.085
12576,-0.044
12577,0.029
12578,-0.017
12579,-0.098
12580,-0.073
12581,-0.078
12582,0.02
12583,0.061
12584,-0.032
12585,-0.061
12586,-0.039
12587,0.061
12588,0.049
12589,-0.034
12590,-0.132
12591,-0.017
12592,-0.073
12593,-0.095
12594,-0.005
12595,0.024
12596,-0.112
12597,-0.164
12598,-0.083
12599,-0.139
12600,0.071
12601,0.024
12602,-0.024
12603,-0.037
12604,0.071
12605,0.183
12606,0.144
12607,0.061
12608,0.005
12609,0.059
12610,-0.054
12611,0.034
12612,-0.056
12613,-0.042
12614,0.002
12615,-0.037
12616,-0.063
12617,-0.017
12618,-0.061
12619,-0.093
12620,-0.046
12621,-0.076
12622,-0.059
12623,-0.012
12624,-0.012
12625,0.002
12626,-0.032
12627,0.056
12628,0.076
12629,0.066
12630,0.098
12631,0.166
12632,0.078
12633,-0.056
12634,0.01
12635,-0.066
12636,0.02
12637,0.007
12638,-0.029
12639,-0.066
12640,0.061
12641,0.051
12642,-0.024
12643,-0.056
12644,-0.034
12645,0.085
12646,0.093
12647,0.073
12648,-0.029
12649,0.061
12650,0.095
12651,0.012
12652,-0.149
12653,-0.044
12654,0.088
12655,-0.078
12656,-0.066
12657,-0.076
12658,-0.142
12659,-0.034
12660,-0.024
12661,-0.002
12662,-0.051
12663,-0.078
12664,0.02
12665,0.005
12666,-0.059
12667,0.066
12668,0.061
12669,0.073
12670,0.073
12671,-0.037
12672,0.029
12673,0.051
12674,0.039
12675,-0.044
12676,0.039
12677,0.02
12678,0.054
12679,-0.024
12680,-0.029
12681,0.117
12682,0.156
12683,-0.039
12684,0.034
12685,0.044
12686,0.032
12687,-0.046
12688,0.032
12689,0.146
12690,-0.059
12691,-0.037
12692,0.071
12693,0.081
12694,0.037
12695,0.02
12696,0.056
12697,0.022
12698,-0.059
12699,0.0
12700,-0.015
12701,0.034
12702,0.107
12703,0.051
12704,0.09
12705,0.093
12706,0.01
12707,0.029
12708,0.156
12709,0.159
12710,0.081
12711,0.037
12712,-0.029
12713,0.0
12714,0.029
12715,0.022
12716,-0.017
12717,-0.061
12718,-0.042
12719,0.0
12720,-0.042
12721,-0.056
12722,0.073
12723,0.066
12724,-0.007
12725,0.027
12726,0.015
12727,0.068
12728,0.002
12729,0.066
12730,0.076
12731,-0.032
12732,-0.056
12733,-0.127
12734,-0.078
12735,0.017
12736,0.02
12737,-0.029
12738,-0.068
12739,-0.105
12740,-0.117
12741,-0.073
12742,0.049
12743,0.034
12744,0.061
12745,0.066
12746,0.073
12747,-0.032
12748,-0.022
12749,0.061
12750,-0.046
12751,-0.017
12752,0.02
12753,-0.032
12754,-0.129
12755,-0.1
12756,0.01
12757,-0.071
12758,-0.056
12759,-0.017
12760,-0.066
12761,-0.029
12762,0.037
12763,-0.076
12764,-0.005
12765,0.181
12766,0.027
12767,0.046
12768,0.027
12769,0.002
12770,-0.005
12771,-0.042
12772,-0.015
12773,-0.051
12774,0.134
12775,-0.02
12776,-0.063
12777,-0.081
12778,0.037
12779,0.024
12780,0.01
12781,0.034
12782,0.132
12783,0.081
12784,0.024
12785,0.059
12786,0.051
12787,0.02
12788,0.005
12789,0.09
12790,0.005
12791,0.144
12792,0.005
12793,0.005
12794,0.007
12795,0.039
12796,0.122
12797,-0.132
12798,-0.068
12799,0.044
12800,0.015
12801,0.046
12802,0.029
12803,0.0
12804,-0.012
12805,-0.007
12806,0.105
12807,0.071
12808,0.051
12809,0.127
12810,0.103
12811,0.073
12812,-0.02
12813,0.029
12814,0.046
12815,0.034
12816,-0.059
12817,-0.012
12818,-0.015
12819,-0.042
12820,-0.015
12821,-0.051
12822,-0.054
12823,-0.022
12824,-0.022
12825,-0.066
12826,-0.083
12827,-0.071
12828,-0.022
12829,-0.002
12830,-0.022
12831,0.027
12832,-0.066
12833,-0.071
12834,-0.115
12835,-0.205
12836,-0.022
12837,-0.11
12838,-0.129
12839,-0.171
12840,-0.127
12841,-0.134
12842,-0.098
12843,-0.071
12844,-0.088
12845,-0.151
12846,-0.11
12847,-0.061
12848,-0.022
12849,0.044
12850,-0.107
12851,0.032
12852,0.012
12853,-0.007
12854,-0.01
12855,-0.063
12856,-0.066
12857,-0.034
12858,-0.081
12859,0.017
12860,-0.01
12861,-0.081
12862,-0.029
12863,-0.042
12864,-0.122
12865,-0.005
12866,-0.032
12867,0.002
12868,-0.027
12869,-0.024
12870,0.005
12871,-0.02
12872,-0.01
12873,-0.059
12874,-0.051
12875,0.088
12876,0.144
12877,-0.071
12878,-0.007
12879,0.081
12880,0.039
12881,-0.107
12882,0.034
12883,0.029
12884,0.034
12885,0.039
12886,-0.093
12887,-0.076
12888,0.032
12889,0.044
12890,-0.054
12891,-0.007
12892,0.093
12893,-0.005
12894,-0.054
12895,-0.002
12896,-0.012
12897,-0.005
12898,0.039
12899,0.012
12900,-0.017
12901,0.0
12902,-0.027
12903,-0.11
12904,-0.134
12905,-0.085
12906,-0.071
12907,-0.046
12908,-0.09
12909,-0.059
12910,-0.095
12911,-0.015
12912,-0.022
12913,0.037
12914,-0.015
12915,0.022
12916,0.146
12917,0.105
12918,-0.046
12919,-0.017
12920,-0.056
12921,0.027
12922,-0.051
12923,-0.063
12924,0.066
12925,0.046
12926,0.022
12927,-0.11
12928,-0.063
12929,0.044
12930,-0.117
12931,-0.002
12932,0.002
12933,0.059
12934,0.015
12935,-0.115
12936,-0.12
12937,-0.007
12938,-0.059
12939,-0.1
12940,0.002
12941,0.007
12942,-0.054
12943,-0.076
12944,-0.11
12945,-0.083
12946,-0.088
12947,0.095
12948,0.022
12949,-0.017
12950,-0.037
12951,-0.005
12952,0.095
12953,-0.005
12954,0.034
12955,-0.01
12956,0.002
12957,-0.027
12958,0.0
12959,0.02
12960,-0.049
12961,-0.068
12962,-0.007
12963,0.044
12964,0.095
12965,0.01
12966,0.044
12967,0.039
12968,0.071
12969,0.063
12970,0.056
12971,0.017
12972,0.1
12973,0.093
12974,-0.024
12975,0.088
12976,0.151
12977,0.117
12978,0.1
12979,0.115
12980,0.005
12981,0.061
12982,-0.002
12983,0.046
12984,0.076
12985,0.061
12986,0.017
12987,0.042
12988,-0.01
12989,0.034
12990,-0.002
12991,-0.015
12992,0.051
12993,-0.039
12994,-0.085
12995,-0.02
12996,-0.017
12997,0.103
12998,-0.01
12999,-0.051
13000,-0.061
13001,-0.122
13002,-0.027
13003,-0.076
13004,-0.081
13005,-0.029
13006,-0.059
13007,0.015
13008,-0.005
13009,-0.081
13010,0.054
13011,-0.005
13012,-0.115
13013,0.017
13014,0.034
13015,0.059
13016,0.027
13017,0.029
13018,-0.076
13019,-0.146
13020,-0.151
13021,0.071
13022,-0.137
13023,-0.129
13024,0.02
13025,-0.034
13026,-0.024
13027,-0.107
13028,-0.093
13029,-0.054
13030,0.02
13031,0.039
13032,-0.027
13033,0.007
13034,0.071
13035,0.112
13036,-0.039
13037,0.024
13038,0.024
13039,0.09
13040,0.066
13041,-0.049
13042,0.039
13043,0.066
13044,0.01
13045,0.076
13046,-0.046
13047,0.051
13048,0.125
13049,0.056
13050,0.063
13051,0.085
13052,0.024
13053,0.078
13054,0.046
13055,0.042
13056,-0.015
13057,-0.032
13058,-0.017
13059,0.034
13060,-0.01
13061,0.007
13062,-0.046
13063,0.066
13064,0.01
13065,0.022
13066,0.081
13067,-0.005
13068,0.063
13069,0.068
13070,0.046
13071,-0.017
13072,0.081
13073,0.076
13074,0.061
13075,0.107
13076,0.032
13077,-0.046
13078,0.088
13079,0.01
13080,-0.054
13081,-0.042
13082,-0.068
13083,0.005
13084,0.044
13085,0.012
13086,0.027
13087,-0.054
13088,-0.046
13089,-0.132
13090,0.012
13091,0.066
13092,0.037
13093,0.054
13094,0.093
13095,0.117
13096,-0.034
13097,-0.042
13098,-0.059
13099,-0.049
13100,0.007
13101,0.044
13102,-0.056
13103,-0.007
13104,-0.103
13105,-0.166
13106,-0.022
13107,-0.012
13108,-0.012
13109,0.061
13110,0.073
13111,0.095
13112,0.002
13113,-0.044
13114,-0.029
13115,-0.037
13116,-0.142
13117,0.024
13118,0.034
13119,-0.012
13120,-0.059
13121,-0.132
13122,-0.051
13123,-0.032
13124,0.056
13125,0.02
13126,0.017
13127,0.037
13128,0.007
13129,-0.056
13130,-0.122
13131,0.054
13132,0.09
13133,-0.088
13134,0.027
13135,0.049
13136,0.103
13137,0.081
13138,-0.098
13139,-0.12
13140,0.12
13141,0.122
13142,0.034
13143,-0.002
13144,0.007
13145,0.068
13146,0.122
13147,-0.081
13148,0.078
13149,0.076
13150,0.134
13151,0.081
13152,-0.085
13153,-0.022
13154,0.098
13155,0.073
13156,-0.078
13157,-0.137
13158,0.073
13159,0.046
13160,-0.115
13161,-0.095
13162,0.032
13163,-0.02
13164,0.039
13165,0.024
13166,-0.061
13167,0.12
13168,0.015
13169,0.071
13170,0.085
13171,-0.063
13172,0.066
13173,0.107
13174,0.115
13175,-0.066
13176,-0.022
13177,0.071
13178,-0.034
13179,-0.044
13180,-0.068
13181,0.024
13182,-0.039
13183,-0.151
13184,-0.071
13185,-0.093
13186,-0.046
13187,0.037
13188,0.002
13189,0.024
13190,-0.11
13191,-0.105
13192,-0.051
13193,-0.015
13194,0.051
13195,-0.027
13196,0.005
13197,-0.012
13198,-0.063
13199,0.061
13200,-0.017
13201,-0.09
13202,-0.078
13203,-0.046
13204,-0.083
13205,-0.093
13206,-0.005
13207,-0.024
13208,-0.012
13209,0.076
13210,-0.007
13211,-0.015
13212,0.051
13213,0.1
13214,0.054
13215,-0.083
13216,0.051
13217,0.139
13218,0.105
13219,0.051
13220,-0.132
13221,-0.02
13222,-0.02
13223,-0.034
13224,-0.005
13225,-0.037
13226,0.015
13227,-0.017
13228,0.0
13229,0.032
13230,-0.039
13231,-0.076
13232,0.024
13233,0.061
13234,0.059
13235,0.051
13236,0.078
13237,0.061
13238,0.029
13239,0.095
13240,0.051
13241,-0.098
13242,-0.117
13243,-0.088
13244,-0.093
13245,-0.054
13246,-0.144
13247,0.0
13248,-0.049
13249,0.0
13250,0.046
13251,0.078
13252,0.034
13253,0.056
13254,0.083
13255,0.022
13256,0.073
13257,0.078
13258,-0.037
13259,-0.088
13260,-0.02
13261,0.039
13262,-0.012
13263,-0.076
13264,-0.083
13265,-0.085
13266,-0.027
13267,-0.056
13268,-0.071
13269,-0.059
13270,0.059
13271,0.017
13272,0.032
13273,0.044
13274,0.015
13275,0.029
13276,0.005
13277,0.007
13278,-0.046
13279,-0.024
13280,0.042
13281,-0.068
13282,-0.029
13283,-0.105
13284,-0.012
13285,-0.112
13286,-0.164
13287,-0.146
13288,-0.071
13289,-0.044
13290,-0.134
13291,-0.068
13292,0.015
13293,-0.061
13294,0.083
13295,-0.005
13296,0.061
13297,-0.061
13298,0.068
13299,0.103
13300,-0.046
13301,0.007
13302,0.015
13303,-0.066
13304,-0.139
13305,-0.051
13306,-0.027
13307,-0.088
13308,-0.144
13309,-0.063
13310,0.01
13311,-0.037
13312,0.042
13313,0.066
13314,0.115
13315,0.095
13316,0.01
13317,0.015
13318,0.02
13319,0.146
13320,0.046
13321,0.042
13322,0.032
13323,0.01
13324,-0.012
13325,0.024
13326,0.061
13327,0.066
13328,-0.054
13329,-0.017
13330,-0.015
13331,0.027
13332,0.034
13333,0.09
13334,0.11
13335,0.027
13336,0.056
13337,0.137
13338,0.056
13339,-0.005
13340,-0.068
13341,0.0
13342,-0.01
13343,0.002
13344,-0.088
13345,0.076
13346,0.063
13347,-0.085
13348,-0.044
13349,-0.034
13350,-0.056
13351,-0.032
13352,0.061
13353,0.073
13354,-0.002
13355,0.063
13356,-0.054
13357,-0.081
13358,0.017
13359,0.002
13360,-0.088
13361,-0.039
13362,0.002
13363,0.066
13364,-0.112
13365,-0.159
13366,-0.046
13367,-0.059
13368,-0.022
13369,0.093
13370,0.022
13371,0.034
13372,0.154
13373,0.068
13374,0.012
13375,0.137
13376,0.161
13377,0.139
13378,0.127
13379,-0.071
13380,0.059
13381,-0.002
13382,0.054
13383,0.127
13384,-0.12
13385,0.027
13386,0.01
13387,0.039
13388,0.015
13389,-0.024
13390,0.002
13391,0.171
13392,0.142
13393,0.017
13394,0.027
13395,0.125
13396,0.085
13397,0.129
13398,0.088
13399,0.042
13400,0.068
13401,0.007
13402,-0.027
13403,-0.005
13404,-0.002
13405,-0.051
13406,-0.076
13407,-0.042
13408,0.007
13409,0.01
13410,0.046
13411,-0.017
13412,-0.01
13413,0.044
13414,0.054
13415,-0.002
13416,0.032
13417,0.054
13418,-0.037
13419,0.063
13420,0.049
13421,-0.061
13422,-0.059
13423,0.002
13424,0.034
13425,-0.068
13426,-0.056
13427,0.01
13428,-0.11
13429,-0.034
13430,-0.083
13431,-0.139
13432,0.039
13433,0.098
13434,0.054
13435,-0.054
13436,-0.076
13437,0.115
13438,-0.081
13439,-0.017
13440,-0.005
13441,0.029
13442,-0.078
13443,-0.076
13444,0.015
13445,0.063
13446,-0.073
13447,-0.01
13448,0.032
13449,-0.037
13450,0.09
13451,-0.002
13452,-0.01
13453,-0.027
13454,0.007
13455,0.007
13456,0.022
13457,0.005
13458,-0.056
13459,-0.005
13460,0.068
13461,0.002
13462,0.063
13463,-0.005
13464,-0.059
13465,0.042
13466,-0.022
13467,-0.154
13468,-0.017
13469,0.015
13470,-0.054
13471,-0.056
13472,0.022
13473,0.134
13474,0.044
13475,0.007
13476,-0.037
13477,0.061
13478,0.059
13479,0.032
13480,-0.049
13481,-0.027
13482,0.015
13483,0.015
13484,-0.01
13485,-0.022
13486,0.007
13487,0.029
13488,0.015
13489,0.11
13490,0.024
13491,0.029
13492,0.042
13493,-0.027
13494,-0.022
13495,0.071
13496,0.063
13497,0.059
13498,0.007
13499,0.037
13500,0.198
13501,0.01
13502,-0.015
13503,0.122
13504,0.044
13505,-0.129
13506,-0.059
13507,-0.027
13508,-0.042
13509,-0.129
13510,0.085
13511,-0.017
13512,-0.017
13513,0.044
13514,-0.017
13515,-0.01
13516,0.105
13517,-0.015
13518,-0.046
13519,-0.061
13520,0.002
13521,0.1
13522,-0.01
13523,-0.088
13524,0.024
13525,-0.044
13526,-0.044
13527,0.015
13528,-0.142
13529,-0.002
13530,-0.037
13531,-0.037
13532,-0.044
13533,-0.066
13534,-0.01
13535,-0.049
13536,-0.039
13537,-0.007
13538,0.095
13539,-0.027
13540,0.005
13541,0.071
13542,0.027
13543,-0.039
13544,-0.037
13545,-0.007
13546,-0.11
13547,-0.103
13548,-0.137
13549,-0.063
13550,-0.01
13551,-0.078
13552,-0.044
13553,-0.046
13554,-0.01
13555,0.012
13556,0.0
13557,-0.068
13558,0.01
13559,0.017
13560,-0.042
13561,0.027
13562,0.098
13563,0.117
13564,0.071
13565,-0.02
13566,0.09
13567,-0.005
13568,-0.005
13569,-0.061
13570,-0.002
13571,0.056
13572,-0.015
13573,-0.098
13574,0.01
13575,0.027
13576,-0.01
13577,0.017
13578,0.107
13579,0.081
13580,0.134
13581,0.066
13582,-0.029
13583,-0.044
13584,0.015
13585,-0.01
13586,-0.022
13587,-0.105
13588,-0.103
13589,-0.063
13590,-0.132
13591,-0.037
13592,-0.071
13593,-0.007
13594,-0.012
13595,-0.032
13596,0.005
13597,0.039
13598,0.059
13599,0.071
13600,-0.046
13601,-0.039
13602,0.044
13603,0.181
13604,0.017
13605,-0.051
13606,-0.039
13607,-0.059
13608,-0.002
13609,-0.027
13610,-0.078
13611,-0.054
13612,0.002
13613,-0.032
13614,0.039
13615,-0.024
13616,-0.068
13617,-0.051
13618,0.042
13619,0.056
13620,-0.068
13621,0.037
13622,-0.015
13623,-0.068
13624,-0.015
13625,-0.024
13626,0.093
13627,0.034
13628,-0.042
13629,0.046
13630,-0.088
13631,-0.137
13632,-0.11
13633,-0.039
13634,0.039
13635,-0.049
13636,-0.037
13637,-0.061
13638,0.049
13639,0.071
13640,0.015
13641,-0.037
13642,0.034
13643,0.11
13644,-0.171
13645,-0.037
13646,0.081
13647,0.027
13648,-0.078
13649,-0.071
13650,-0.032
13651,0.046
13652,-0.027
13653,0.01
13654,0.0
13655,-0.005
13656,0.107
13657,0.146
13658,-0.083
13659,0.085
13660,0.281
13661,0.139
13662,0.012
13663,0.029
13664,0.046
13665,0.068
13666,-0.071
13667,-0.115
13668,-0.029
13669,0.017
13670,-0.002
13671,-0.164
13672,-0.071
13673,0.005
13674,-0.061
13675,0.037
13676,-0.059
13677,-0.029
13678,0.049
13679,0.027
13680,0.078
13681,0.027
13682,0.063
13683,0.093
13684,-0.054
13685,-0.017
13686,-0.056
13687,-0.01
13688,0.032
13689,0.044
13690,0.015
13691,0.017
13692,0.015
13693,-0.017
13694,-0.02
13695,0.056
13696,0.134
13697,-0.093
13698,-0.029
13699,0.09
13700,0.142
13701,0.017
13702,-0.066
13703,-0.007
13704,0.046
13705,-0.027
13706,-0.034
13707,0.012
13708,-0.071
13709,-0.176
13710,-0.1
13711,-0.156
13712,-0.088
13713,-0.056
13714,-0.063
13715,-0.056
13716,-0.029
13717,-0.059
13718,-0.056
13719,-0.063
13720,0.054
13721,0.01
13722,0.037
13723,0.066
13724,0.0
13725,-0.039
13726,0.0
13727,-0.02
13728,-0.002
13729,-0.071
13730,-0.149
13731,-0.029
13732,-0.042
13733,0.027
13734,0.107
13735,-0.076
13736,-0.012
13737,0.061
13738,0.09
13739,0.146
13740,0.015
13741,0.012
13742,0.005
13743,0.09
13744,0.063
13745,0.049
13746,-0.015
13747,0.049
13748,-0.002
13749,-0.073
13750,-0.012
13751,0.007
13752,-0.002
13753,-0.034
13754,-0.02
13755,0.093
13756,0.015
13757,0.022
13758,0.034
13759,-0.01
13760,0.039
13761,0.105
13762,0.107
13763,-0.002
13764,-0.046
13765,0.005
13766,-0.027
13767,-0.083
13768,-0.098
13769,-0.088
13770,-0.103
13771,-0.01
13772,-0.032
13773,0.017
13774,-0.068
13775,-0.117
13776,0.015
13777,-0.027
13778,-0.056
13779,-0.032
13780,0.107
13781,0.208
13782,-0.032
13783,-0.068
13784,-0.034
13785,0.068
13786,-0.034
13787,-0.061
13788,0.044
13789,0.059
13790,0.02
13791,-0.017
13792,-0.149
13793,-0.061
13794,0.017
13795,-0.017
13796,-0.059
13797,-0.037
13798,-0.039
13799,0.015
13800,-0.083
13801,-0.081
13802,-0.015
13803,-0.01
13804,-0.073
13805,-0.125
13806,0.02
13807,-0.081
13808,-0.022
13809,-0.063
13810,-0.056
13811,-0.02
13812,-0.127
13813,-0.054
13814,-0.02
13815,-0.095
13816,-0.186
13817,-0.02
13818,0.063
13819,0.005
13820,-0.066
13821,0.063
13822,0.105
13823,0.11
13824,0.01
13825,0.154
13826,0.037
13827,-0.125
13828,-0.029
13829,0.0
13830,-0.129
13831,-0.076
13832,-0.017
13833,-0.044
13834,-0.095
13835,-0.046
13836,0.059
13837,0.044
13838,0.09
13839,0.078
13840,0.1
13841,0.059
13842,0.11
13843,0.085
13844,0.112
13845,0.125
13846,0.059
13847,0.105
13848,-0.024
13849,-0.046
13850,-0.02
13851,-0.173
13852,-0.083
13853,-0.105
13854,0.088
13855,-0.01
13856,-0.137
13857,-0.171
13858,0.007
13859,0.159
13860,-0.01
13861,0.098
13862,-0.01
13863,-0.002
13864,0.039
13865,-0.066
13866,-0.083
13867,0.107
13868,0.027
13869,-0.01
13870,-0.01
13871,-0.049
13872,-0.117
13873,0.012
13874,0.005
13875,-0.049
13876,0.005
13877,0.073
13878,-0.11
13879,-0.051
13880,0.02
13881,0.029
13882,-0.093
13883,-0.063
13884,0.007
13885,0.007
13886,-0.015
13887,-0.085
13888,-0.037
13889,0.059
13890,-0.127
13891,0.037
13892,-0.017
13893,-0.127
13894,0.049
13895,-0.017
13896,-0.181
13897,-0.1
13898,0.012
13899,0.002
13900,-0.127
13901,0.01
13902,0.054
13903,0.027
13904,0.049
13905,0.105
13906,0.115
13907,0.144
13908,0.02
13909,0.073
13910,0.054
13911,0.007
13912,0.112
13913,-0.049
13914,-0.093
13915,-0.066
13916,-0.022
13917,0.032
13918,-0.066
13919,-0.117
13920,0.061
13921,-0.007
13922,-0.037
13923,0.027
13924,0.095
13925,0.071
13926,0.034
13927,0.015
13928,0.034
13929,0.085
13930,-0.017
13931,-0.073
13932,0.02
13933,0.027
13934,-0.042
13935,-0.068
13936,-0.078
13937,-0.017
13938,-0.012
13939,-0.049
13940,-0.146
13941,-0.032
13942,0.061
13943,0.078
13944,0.007
13945,-0.061
13946,0.066
13947,0.078
13948,0.027
13949,0.015
13950,-0.066
13951,0.002
13952,-0.027
13953,-0.007
13954,0.088
13955,0.066
13956,0.022
13957,0.063
13958,0.063
13959,0.068
13960,0.029
13961,-0.01
13962,0.051
13963,-0.039
13964,-0.029
13965,0.044
13966,-0.002
13967,0.022
13968,-0.054
13969,-0.066
13970,-0.115
13971,-0.1
13972,0.015
13973,0.046
13974,-0.12
13975,-0.054
13976,0.007
13977,0.054
13978,0.015
13979,-0.007
13980,0.034
13981,0.024
13982,0.098
13983,0.059
13984,-0.137
13985,0.005
13986,-0.083
13987,-0.146
13988,-0.073
13989,-0.034
13990,-0.093
13991,-0.037
13992,-0.037
13993,-0.017
13994,-0.1
13995,-0.105
13996,0.056
13997,-0.017
13998,0.015
13999,-0.024
14000,0.071
14001,0.034
14002,0.024
14003,0.076
14004,0.01
14005,-0.027
14006,0.046
14007,-0.022
14008,0.015
14009,-0.015
14010,0.039
14011,0.037
14012,-0.022
14013,-0.164
14014,-0.117
14015,0.076
14016,0.112
14017,-0.073
14018,-0.012
14019,0.071
14020,-0.02
14021,0.107
14022,0.186
14023,0.22
14024,0.046
14025,0.024
14026,0.168
14027,0.073
14028,0.012
14029,0.12
14030,0.042
14031,0.034
14032,0.024
14033,0.066
14034,-0.022
14035,-0.081
14036,-0.007
14037,-0.12
14038,-0.098
14039,-0.044
14040,0.09
14041,-0.076
14042,-0.002
14043,0.039
14044,-0.071
14045,0.029
14046,0.088
14047,-0.063
14048,-0.054
14049,0.063
14050,0.044
14051,-0.032
14052,0.012
14053,0.007
14054,-0.024
14055,-0.044
14056,0.005
14057,-0.007
14058,0.005
14059,-0.149
14060,-0.017
14061,-0.073
14062,-0.071
14063,-0.015
14064,0.085
14065,0.029
14066,-0.051
14067,-0.105
14068,0.061
14069,0.061
14070,-0.044
14071,0.051
14072,0.051
14073,-0.029
14074,-0.068
14075,-0.012
14076,-0.044
14077,-0.054
14078,-0.046
14079,0.024
14080,-0.032
14081,0.034
14082,0.059
14083,0.024
14084,-0.046
14085,0.063
14086,0.044
14087,-0.012
14088,-0.049
14089,0.134
14090,0.11
14091,0.071
14092,-0.002
14093,-0.044
14094,0.066
14095,-0.044
14096,-0.051
14097,-0.032
14098,0.029
14099,0.071
14100,0.024
14101,0.002
14102,0.059
14103,-0.061
14104,0.022
14105,0.144
14106,-0.085
14107,-0.017
14108,0.024
14109,-0.024
14110,-0.081
14111,-0.073
14112,-0.046
14113,-0.056
14114,0.027
14115,0.022
14116,-0.051
14117,-0.085
14118,0.103
14119,-0.015
14120,-0.007
14121,-0.034
14122,0.017
14123,0.002
14124,-0.02
14125,0.12
14126,0.032
14127,0.085
14128,-0.093
14129,-0.046
14130,-0.068
14131,0.034
14132,0.012
14133,-0.098
14134,-0.107
14135,-0.09
14136,0.051
14137,-0.01
14138,-0.144
14139,0.002
14140,0.088
14141,0.093
14142,-0.032
14143,-0.049
14144,-0.056
14145,0.007
14146,0.09
14147,0.02
14148,-0.01
14149,-0.066
14150,0.022
14151,-0.051
14152,-0.105
14153,-0.024
14154,-0.029
14155,-0.037
14156,-0.071
14157,-0.046
14158,-0.012
14159,0.054
14160,0.078
14161,-0.154
14162,-0.088
14163,-0.127
14164,-0.105
14165,0.005
14166,-0.063
14167,-0.061
14168,0.027
14169,0.01
14170,-0.083
14171,-0.007
14172,-0.012
14173,-0.032
14174,0.032
14175,0.02
14176,0.027
14177,-0.11
14178,-0.042
14179,0.146
14180,0.105
14181,0.078
14182,0.046
14183,0.09
14184,0.2
14185,0.11
14186,0.159
14187,0.193
14188,0.034
14189,0.0
14190,0.093
14191,0.007
14192,-0.029
14193,-0.085
14194,-0.063
14195,-0.027
14196,-0.042
14197,-0.103
14198,-0.132
14199,-0.073
14200,-0.012
14201,-0.2
14202,-0.049
14203,0.012
14204,0.005
14205,0.076
14206,0.044
14207,0.002
14208,0.127
14209,0.059
14210,0.151
14211,0.105
14212,-0.002
14213,-0.01
14214,-0.046
14215,0.02
14216,0.149
14217,0.044
14218,-0.022
14219,0.034
14220,0.044
14221,-0.02
14222,-0.059
14223,-0.015
14224,0.103
14225,0.051
14226,0.056
14227,-0.066
14228,-0.173
14229,-0.046
14230,0.032
14231,-0.005
14232,-0.066
14233,-0.076
14234,0.037
14235,-0.115
14236,-0.164
14237,-0.112
14238,-0.137
14239,-0.059
14240,-0.01
14241,-0.056
14242,-0.081
14243,-0.103
14244,-0.049
14245,0.083
14246,0.002
14247,-0.032
14248,-0.007
14249,0.029
14250,0.063
14251,0.056
14252,0.01
14253,-0.039
14254,-0.056
14255,-0.024
14256,0.105
14257,-0.098
14258,-0.178
14259,-0.015
14260,-0.071
14261,-0.034
14262,-0.1
14263,0.015
14264,0.161
14265,0.007
14266,-0.012
14267,-0.039
14268,0.029
14269,-0.02
14270,-0.017
14271,0.0
14272,0.042
14273,0.037
14274,0.088
14275,0.032
14276,-0.081
14277,-0.012
14278,0.056
14279,0.01
14280,0.054
14281,-0.02
14282,-0.107
14283,0.063
14284,0.144
14285,-0.002
14286,-0.132
14287,-0.051
14288,-0.002
14289,-0.044
14290,-0.01
14291,-0.112
14292,-0.071
14293,-0.122
14294,-0.085
14295,-0.171
14296,-0.21
14297,-0.09
14298,0.0
14299,0.027
14300,-0.088
14301,-0.098
14302,0.002
14303,-0.005
14304,-0.029
14305,0.044
14306,0.037
14307,0.107
14308,0.139
14309,0.054
14310,0.107
14311,0.049
14312,-0.005
14313,-0.042
14314,-0.195
14315,0.044
14316,-0.044
14317,-0.12
14318,-0.049
14319,-0.1
14320,-0.051
14321,-0.093
14322,-0.112
14323,-0.024
14324,0.115
14325,0.017
14326,-0.012
14327,-0.012
14328,-0.007
14329,-0.037
14330,-0.061
14331,-0.042
14332,0.022
14333,0.066
14334,-0.098
14335,-0.046
14336,-0.1
14337,0.024
14338,-0.051
14339,0.002
14340,-0.09
14341,-0.049
14342,-0.095
14343,-0.095
14344,0.017
14345,0.012
14346,0.044
14347,0.056
14348,0.029
14349,0.051
14350,0.024
14351,0.11
14352,0.027
14353,-0.085
14354,0.024
14355,-0.029
14356,-0.012
14357,0.063
14358,-0.046
14359,-0.11
14360,-0.09
14361,0.046
14362,0.039
14363,-0.024
14364,-0.078
14365,-0.027
14366,-0.054
14367,-0.054
14368,0.078
14369,0.037
14370,0.042
14371,0.112
14372,0.007
14373,0.051
14374,0.071
14375,0.049
14376,0.027
14377,-0.034
14378,-0.005
14379,-0.1
14380,-0.161
14381,0.022
14382,-0.01
14383,-0.01
14384,-0.027
14385,-0.01
14386,-0.027
14387,-0.01
14388,-0.024
14389,0.107
14390,0.168
14391,0.081
14392,0.022
14393,-0.061
14394,-0.098
14395,-0.039
14396,0.056
14397,0.083
14398,-0.088
14399,-0.039
14400,0.015
14401,-0.122
14402,-0.024
14403,-0.051
14404,0.149
14405,-0.022
14406,-0.02
14407,-0.125
14408,-0.078
14409,0.002
14410,0.002
14411,-0.117
14412,-0.076
14413,-0.037
14414,0.029
14415,0.061
14416,-0.051
14417,-0.134
14418,-0.112
14419,-0.078
14420,-0.127
14421,-0.098
14422,-0.11
14423,-0.027
14424,-0.093
14425,-0.005
14426,-0.029
14427,-0.056
14428,0.105
14429,-0.002
14430,-0.02
14431,0.029
14432,0.063
14433,0.088
14434,0.0
14435,-0.024
14436,-0.054
14437,-0.127
14438,-0.085
14439,-0.015
14440,-0.039
14441,-0.071
14442,-0.137
14443,-0.02
14444,0.056
14445,0.029
14446,0.078
14447,0.129
14448,0.076
14449,0.044
14450,-0.02
14451,0.029
14452,0.061
14453,0.032
14454,0.032
14455,-0.017
14456,-0.151
14457,-0.078
14458,-0.056
14459,-0.12
14460,-0.056
14461,-0.005
14462,0.034
14463,0.037
14464,-0.032
14465,-0.01
14466,-0.166
14467,-0.081
14468,0.098
14469,-0.037
14470,0.042
14471,0.046
14472,0.054
14473,0.02
14474,0.02
14475,0.024
14476,-0.027
14477,0.005
14478,0.117
14479,0.037
14480,-0.02
14481,-0.012
14482,-0.071
14483,0.024
14484,-0.054
14485,-0.032
14486,0.034
14487,-0.032
14488,0.032
14489,-0.002
14490,-0.068
14491,0.171
14492,0.22
14493,0.056
14494,0.095
14495,0.085
14496,-0.017
14497,-0.093
14498,0.063
14499,0.042
14500,-0.122
14501,-0.076
14502,-0.063
14503,-0.054
14504,-0.029
14505,0.032
14506,-0.032
14507,-0.071
14508,0.005
14509,-0.027
14510,0.022
14511,0.002
14512,-0.061
14513,0.01
14514,0.088
14515,0.042
14516,0.076
14517,0.115
14518,0.017
14519,-0.042
14520,-0.066
14521,0.032
14522,0.002
14523,-0.017
14524,-0.129
14525,0.0
14526,0.076
14527,-0.015
14528,0.061
14529,0.037
14530,-0.029
14531,0.039
14532,0.054
14533,0.063
14534,-0.012
14535,0.012
14536,0.042
14537,0.002
14538,-0.054
14539,-0.02
14540,-0.007
14541,0.049
14542,-0.059
14543,0.02
14544,0.01
14545,0.002
14546,-0.083
14547,0.056
14548,0.059
14549,0.049
14550,0.071
14551,0.051
14552,0.034
14553,0.12
14554,0.093
14555,0.027
14556,-0.054
14557,-0.051
14558,0.093
14559,0.037
14560,-0.034
14561,-0.137
14562,-0.051
14563,-0.002
14564,-0.081
14565,-0.012
14566,-0.002
14567,-0.054
14568,-0.042
14569,-0.088
14570,0.01
14571,0.039
14572,0.051
14573,0.042
14574,-0.054
14575,0.015
14576,-0.051
14577,-0.015
14578,0.049
14579,-0.1
14580,-0.015
14581,-0.034
14582,-0.129
14583,-0.024
14584,-0.129
14585,-0.115
14586,-0.137
14587,-0.024
14588,0.134
14589,0.078
14590,0.007
14591,0.142
14592,0.117
14593,0.002
14594,0.137
14595,0.039
14596,-0.005
14597,-0.032
14598,0.112
14599,-0.002
14600,-0.005
14601,0.066
14602,-0.01
14603,-0.11
14604,-0.081
14605,-0.012
14606,0.01
14607,0.017
14608,0.054
14609,-0.068
14610,-0.015
14611,0.002
14612,0.015
14613,-0.039
14614,0.112
14615,0.068
14616,-0.015
14617,0.061
14618,-0.027
14619,-0.066
14620,0.024
14621,0.068
14622,0.037
14623,-0.012
14624,-0.012
14625,-0.027
14626,0.027
14627,0.027
14628,-0.027
14629,-0.056
14630,0.032
14631,0.015
14632,-0.051
14633,0.078
14634,0.042
14635,0.081
14636,0.088
14637,0.005
14638,0.063
14639,0.002
14640,0.0
14641,0.085
14642,-0.076
14643,-0.046
14644,-0.034
14645,-0.024
14646,-0.071
14647,-0.081
14648,-0.027
14649,-0.063
14650,0.029
14651,0.046
14652,0.002
14653,0.081
14654,0.081
14655,0.122
14656,0.051
14657,0.012
14658,0.034
14659,0.098
14660,0.032
14661,-0.022
14662,-0.051
14663,-0.066
14664,0.068
14665,0.037
14666,-0.037
14667,-0.01
14668,-0.024
14669,0.056
14670,-0.078
14671,-0.044
14672,-0.076
14673,-0.034
14674,0.085
14675,0.017
14676,-0.002
14677,-0.007
14678,0.061
14679,0.01
14680,-0.015
14681,0.01
14682,0.002
14683,0.002
14684,0.051
14685,-0.005
14686,-0.112
14687,0.0
14688,0.002
14689,-0.054
14690,-0.078
14691,0.1
14692,0.034
14693,-0.01
14694,0.044
14695,0.027
14696,-0.007
14697,0.071
14698,0.005
14699,-0.046
14700,0.051
14701,0.054
14702,0.051
14703,-0.042
14704,0.002
14705,0.0
14706,-0.034
14707,-0.027
14708,-0.007
14709,0.142
14710,0.0
14711,-0.063
14712,-0.037
14713,0.054
14714,0.032
14715,0.034
14716,-0.005
14717,-0.02
14718,0.063
14719,-0.071
14720,-0.037
14721,0.068
14722,-0.007
14723,-0.083
14724,-0.059
14725,0.024
14726,0.046
14727,0.042
14728,-0.085
14729,-0.007
14730,-0.039
14731,0.063
14732,0.051
14733,-0.002
14734,0.11
14735,0.11
14736,-0.017
14737,0.005
14738,0.151
14739,-0.063
14740,-0.063
14741,0.046
14742,-0.059
14743,0.044
14744,0.002
14745,-0.012
14746,-0.029
14747,-0.083
14748,0.005
14749,-0.007
14750,-0.178
14751,0.054
14752,0.12
14753,-0.071
14754,-0.034
14755,-0.071
14756,0.073
14757,0.005
14758,-0.178
14759,-0.017
14760,-0.063
14761,0.029
14762,-0.105
14763,-0.007
14764,-0.071
14765,-0.071
14766,-0.071
14767,-0.105
14768,0.022
14769,0.1
14770,0.059
14771,0.093
14772,-0.12
14773,0.017
14774,0.129
14775,0.037
14776,0.063
14777,-0.01
14778,0.103
14779,0.007
14780,-0.022
14781,-0.005
14782,-0.01
14783,0.042
14784,0.024
14785,-0.151
14786,-0.078
14787,0.046
14788,0.027
14789,0.015
14790,0.032
14791,-0.012
14792,-0.046
14793,0.027
14794,0.071
14795,0.0
14796,0.063
14797,0.01
14798,0.022
14799,0.0
14800,0.02
14801,-0.066
14802,-0.02
14803,0.0
14804,-0.068
14805,-0.093
14806,-0.081
14807,-0.005
14808,-0.085
14809,-0.032
14810,-0.071
14811,-0.046
14812,0.059
14813,0.139
14814,0.037
14815,-0.022
14816,0.164
14817,-0.015
14818,0.103
14819,-0.02
14820,-0.032
14821,0.046
14822,-0.078
14823,-0.078
14824,-0.032
14825,0.022
14826,-0.037
14827,-0.054
14828,0.017
14829,-0.005
14830,-0.063
14831,0.01
14832,0.068
14833,-0.078
14834,0.083
14835,0.015
14836,0.015
14837,0.037
14838,0.054
14839,0.078
14840,-0.034
14841,-0.1
14842,0.063
14843,0.107
14844,-0.071
14845,-0.085
14846,-0.012
14847,0.02
14848,-0.129
14849,-0.076
14850,-0.078
14851,-0.078
14852,0.0
14853,-0.061
14854,-0.063
14855,-0.059
14856,0.027
14857,0.01
14858,0.0
14859,0.046
14860,0.044
14861,-0.061
14862,0.002
14863,-0.012
14864,-0.12
14865,0.056
14866,-0.02
14867,-0.088
14868,-0.103
14869,-0.034
14870,-0.132
14871,-0.085
14872,-0.071
14873,-0.005
14874,-0.029
14875,-0.095
14876,-0.002
14877,0.017
14878,-0.029
14879,-0.059
14880,0.142
14881,-0.044
14882,-0.054
14883,0.002
14884,-0.059
14885,0.068
14886,0.044
14887,0.054
14888,0.002
14889,-0.076
14890,-0.049
14891,0.015
14892,0.044
14893,-0.044
14894,0.042
14895,0.039
14896,-0.039
14897,-0.024
14898,0.176
14899,-0.01
14900,0.032
14901,0.076
14902,0.054
14903,-0.002
14904,-0.015
14905,0.002
14906,-0.09
14907,-0.015
14908,-0.005
14909,-0.007
14910,-0.12
14911,-0.056
14912,-0.046
14913,0.01
14914,-0.088
14915,-0.161
14916,-0.059
14917,0.105
14918,0.015
14919,-0.129
14920,-0.034
14921,0.051
14922,-0.085
14923,-0.073
14924,-0.027
14925,0.027
14926,-0.061
14927,-0.015
14928,0.061
14929,-0.115
14930,-0.068
14931,0.002
14932,-0.017
14933,-0.005
14934,0.027
14935,0.051
14936,-0.076
14937,0.081
14938,0.127
14939,-0.039
14940,-0.129
14941,0.046
14942,0.225
14943,0.071
14944,-0.029
14945,-0.01
14946,0.032
14947,0.015
14948,0.0
14949,-0.005
14950,-0.1
14951,0.022
14952,0.0
14953,-0.078
14954,-0.093
14955,0.056
14956,0.061
14957,0.09
14958,0.066
14959,-0.012
14960,0.144
14961,0.002
14962,0.034
14963,-0.037
14964,0.02
14965,0.017
14966,-0.056
14967,-0.088
14968,-0.068
14969,0.034
14970,-0.039
14971,-0.103
14972,-0.017
14973,-0.068
14974,0.0
14975,0.002
14976,-0.02
14977,0.027
14978,0.11
14979,0.063
14980,0.029
14981,0.044
14982,0.0
14983,-0.029
14984,-0.083
14985,0.027
14986,0.09
14987,0.015
14988,-0.029
14989,0.046
14990,-0.076
14991,0.129
14992,-0.032
14993,-0.007
14994,0.095
14995,0.002
14996,0.088
14997,0.017
14998,0.02
14999,0.164
15000,0.178
15001,0.032
15002,-0.032
15003,-0.042
15004,0.02
15005,-0.005
15006,-0.007
15007,-0.005
15008,-0.059
15009,0.0
15010,-0.061
15011,0.073
15012,0.054
15013,0.073
15014,-0.049
15015,-0.017
15016,0.029
15017,0.032
15018,0.042
15019,0.042
15020,0.059
15021,0.034
15022,-0.039
15023,-0.073
15024,-0.022
15025,-0.005
15026,0.034
15027,-0.012
15028,-0.049
15029,-0.027
15030,-0.037
15031,0.012
15032,-0.032
15033,0.022
15034,0.037
15035,-0.029
15036,0.007
15037,-0.01
15038,0.078
15039,0.12
15040,0.0
15041,-0.037
15042,0.039
15043,0.01
15044,-0.054
15045,-0.059
15046,-0.002
15047,0.024
15048,-0.132
15049,-0.02
15050,-0.093
15051,-0.032
15052,-0.012
15053,-0.149
15054,-0.007
15055,0.027
15056,0.012
15057,0.039
15058,0.054
15059,-0.007
15060,0.015
15061,-0.037
15062,-0.022
15063,0.017
15064,0.061
15065,-0.054
15066,-0.078
15067,-0.024
15068,0.0
15069,0.005
15070,0.042
15071,-0.032
15072,-0.027
15073,0.024
15074,0.02
15075,-0.017
15076,-0.044
15077,0.042
15078,0.007
15079,-0.049
15080,0.01
15081,0.107
15082,0.125
15083,0.049
15084,0.046
15085,-0.029
15086,-0.078
15087,0.063
15088,-0.02
15089,0.012
15090,-0.017
15091,0.012
15092,-0.081
15093,-0.073
15094,-0.032
15095,0.066
15096,-0.066
15097,-0.115
15098,0.027
15099,0.09
15100,0.039
15101,-0.022
15102,-0.017
15103,0.042
15104,-0.046
15105,-0.024
15106,-0.017
15107,-0.076
15108,-0.078
15109,0.0
15110,-0.107
15111,0.0
15112,0.046
15113,-0.071
15114,-0.037
15115,-0.103
15116,-0.105
15117,0.044
15118,0.049
15119,0.039
15120,-0.012
15121,-0.056
15122,0.105
15123,0.061
15124,-0.076
15125,0.078
15126,0.017
15127,0.024
15128,0.012
15129,-0.032
15130,-0.034
15131,-0.068
15132,-0.044
15133,-0.063
15134,-0.039
15135,0.007
15136,0.022
15137,-0.015
15138,-0.029
15139,0.066
15140,0.085
15141,0.007
15142,0.1
15143,0.056
15144,0.081
15145,0.017
15146,-0.068
15147,0.022
15148,0.007
15149,-0.044
15150,-0.012
15151,-0.085
15152,-0.071
15153,0.027
15154,-0.125
15155,0.015
15156,0.02
15157,-0.154
15158,-0.12
15159,-0.005
15160,0.054
15161,-0.054
15162,0.066
15163,0.125
15164,-0.015
15165,0.09
15166,0.056
15167,-0.034
15168,0.012
15169,0.061
15170,0.015
15171,-0.037
15172,0.017
15173,0.017
15174,-0.125
15175,-0.088
15176,-0.093
15177,-0.159
15178,0.007
15179,0.002
15180,-0.066
15181,-0.142
15182,-0.085
15183,-0.132
15184,-0.042
15185,-0.076
15186,0.01
15187,0.005
15188,-0.061
15189,0.034
15190,-0.005
15191,-0.11
15192,-0.005
15193,-0.015
15194,-0.156
15195,-0.059
15196,-0.007
15197,0.032
15198,-0.044
15199,-0.002
15200,0.088
15201,0.002
15202,0.027
15203,-0.049
15204,0.029
15205,0.037
15206,0.066
15207,0.063
15208,0.039
15209,0.027
15210,-0.012
15211,0.005
15212,-0.007
15213,0.076
15214,-0.046
15215,-0.129
15216,-0.056
15217,0.068
15218,-0.105
15219,-0.151
15220,-0.059
15221,-0.015
15222,0.066
15223,0.022
15224,0.049
15225,0.012
15226,0.132
15227,0.142
15228,0.012
15229,0.042
15230,0.129
15231,0.056
15232,0.056
15233,0.093
15234,0.237
15235,0.029
15236,0.002
15237,0.017
15238,0.02
15239,0.081
15240,-0.002
15241,0.056
15242,0.049
15243,-0.09
15244,0.002
15245,0.024
15246,-0.002
15247,-0.051
15248,-0.039
15249,0.085
15250,-0.046
15251,-0.134
15252,-0.054
15253,-0.022
15254,-0.117
15255,-0.005
15256,-0.037
15257,-0.205
15258,-0.051
15259,0.037
15260,0.063
15261,0.0
15262,-0.039
15263,0.034
15264,0.039
15265,-0.022
15266,-0.002
15267,-0.017
15268,-0.051
15269,0.007
15270,0.012
15271,-0.007
15272,-0.02
15273,-0.002
15274,0.012
15275,0.061
15276,0.085
15277,-0.022
15278,-0.066
15279,0.01
15280,-0.002
15281,-0.056
15282,-0.027
15283,-0.066
15284,-0.015
15285,-0.02
15286,-0.012
15287,0.039
15288,-0.083
15289,-0.046
15290,-0.02
15291,0.012
15292,-0.012
15293,-0.024
15294,0.039
15295,-0.002
15296,0.012
15297,0.081
15298,0.007
15299,0.007
15300,-0.01
15301,-0.007
15302,-0.01
15303,-0.01
15304,0.098
15305,0.034
15306,-0.061
15307,0.02
15308,-0.029
15309,0.005
15310,0.027
15311,0.024
15312,-0.076
15313,0.015
15314,-0.02
15315,-0.024
15316,-0.054
15317,0.037
15318,0.063
15319,0.073
15320,0.015
15321,0.002
15322,0.12
15323,0.037
15324,0.032
15325,-0.037
15326,0.056
15327,0.044
15328,-0.015
15329,-0.076
15330,-0.068
15331,0.0
15332,0.022
15333,-0.037
15334,-0.085
15335,0.005
15336,-0.068
15337,-0.02
15338,-0.027
15339,0.044
15340,-0.049
15341,0.117
15342,0.039
15343,-0.095
15344,0.137
15345,0.066
15346,0.032
15347,-0.027
15348,0.015
15349,0.083
15350,-0.029
15351,-0.027
15352,-0.073
15353,-0.039
15354,0.042
15355,0.066
15356,0.125
15357,0.051
15358,-0.046
15359,-0.112
15360,-0.002
15361,-0.039
15362,0.098
15363,0.073
15364,0.149
15365,0.017
15366,-0.01
15367,0.078
15368,0.095
15369,0.007
15370,-0.005
15371,0.042
15372,-0.012
15373,-0.027
15374,0.032
15375,-0.059
15376,-0.076
15377,0.066
15378,-0.029
15379,-0.024
15380,0.024
15381,0.01
15382,0.039
15383,0.073
15384,0.027
15385,0.059
15386,0.09
15387,0.129
15388,0.115
15389,0.122
15390,0.076
15391,0.029
15392,0.056
15393,0.105
15394,-0.09
15395,-0.002
15396,0.137
15397,0.081
15398,-0.076
15399,-0.076
15400,0.154
15401,0.024
15402,-0.024
15403,0.0
15404,-0.066
15405,0.054
15406,-0.02
15407,-0.049
15408,0.042
15409,0.066
15410,0.032
15411,-0.107
15412,-0.073
15413,0.017
15414,-0.017
15415,-0.042
15416,-0.151
15417,-0.107
15418,-0.022
15419,-0.063
15420,-0.081
15421,-0.01
15422,0.022
15423,0.022
15424,0.005
15425,0.02
15426,0.042
15427,-0.027
15428,-0.002
15429,0.02
15430,-0.076
15431,-0.044
15432,-0.093
15433,-0.076
15434,-0.027
15435,-0.127
15436,-0.01
15437,-0.085
15438,0.0
15439,0.005
15440,-0.137
15441,-0.076
15442,-0.081
15443,-0.002
15444,0.054
15445,-0.027
15446,-0.071
15447,-0.024
15448,-0.061
15449,-0.027
15450,0.093
15451,0.071
15452,-0.002
15453,-0.012
15454,-0.083
15455,-0.039
15456,0.002
15457,0.063
15458,0.034
15459,-0.115
15460,-0.034
15461,0.027
15462,-0.02
15463,-0.012
15464,-0.02
15465,0.156
15466,0.049
15467,-0.107
15468,0.002
15469,0.015
15470,0.039
15471,0.005
15472,-0.049
15473,0.063
15474,0.044
15475,0.066
15476,0.032
15477,0.02
15478,0.022
15479,0.046
15480,-0.015
15481,-0.076
15482,0.0
15483,0.022
15484,-0.083
15485,-0.027
15486,0.083
15487,0.051
15488,0.037
15489,0.01
15490,0.112
15491,0.125
15492,-0.01
15493,0.154
15494,0.095
15495,0.068
15496,0.139
15497,-0.037
15498,0.012
15499,-0.029
15500,0.051
15501,0.039
15502,-0.042
15503,-0.037
15504,0.078
15505,-0.017
15506,0.034
15507,0.103
15508,-0.071
15509,-0.017
15510,-0.073
15511,0.042
15512,0.007
15513,-0.005
15514,0.012
15515,-0.039
15516,-0.02
15517,0.051
15518,-0.044
15519,0.051
15520,0.01
15521,0.039
15522,0.039
15523,-0.073
15524,0.105
15525,0.093
15526,-0.051
15527,0.115
15528,-0.007
15529,-0.095
15530,-0.059
15531,0.042
15532,0.029
15533,-0.027
15534,-0.073
15535,-0.098
15536,-0.012
15537,0.01
15538,-0.046
15539,-0.073
15540,-0.161
15541,-0.088
15542,-0.037
15543,-0.005
15544,-0.098
15545,-0.095
15546,0.049
15547,-0.015
15548,-0.11
15549,-0.117
15550,-0.015
15551,-0.059
15552,-0.078
15553,0.017
15554,-0.083
15555,-0.012
15556,-0.1
15557,-0.063
15558,0.01
15559,0.039
15560,0.085
15561,-0.088
15562,-0.005
15563,-0.061
15564,0.046
15565,-0.007
15566,0.049
15567,0.063
15568,0.176
15569,0.073
15570,-0.049
15571,0.015
15572,-0.049
15573,0.056
15574,0.063
15575,0.017
15576,0.002
15577,-0.01
15578,-0.044
15579,-0.01
15580,0.005
15581,0.139
15582,0.073
15583,0.002
15584,0.081
15585,0.071
15586,0.059
15587,0.022
15588,0.012
15589,-0.002
15590,-0.017
15591,0.061
15592,0.037
15593,-0.068
15594,-0.071
15595,0.005
15596,0.007
15597,0.081
15598,-0.09
15599,-0.078
15600,0.115
15601,-0.029
15602,0.02
15603,0.081
15604,0.103
15605,0.024
15606,0.005
15607,0.032
15608,0.029
15609,-0.024
15610,-0.012
15611,-0.076
15612,-0.095
15613,-0.066
15614,-0.156
15615,-0.012
15616,-0.098
15617,-0.076
15618,-0.066
15619,-0.085
15620,0.027
15621,-0.107
15622,-0.083
15623,0.01
15624,-0.051
15625,-0.046
15626,-0.029
15627,-0.081
15628,-0.098
15629,-0.142
15630,-0.122
15631,-0.01
15632,-0.107
15633,-0.1
15634,-0.222
15635,-0.171
15636,-0.12
15637,-0.098
15638,-0.142
15639,-0.125
15640,-0.112
15641,-0.127
15642,-0.012
15643,-0.051
15644,-0.034
15645,-0.007
15646,-0.015
15647,-0.015
15648,0.027
15649,-0.029
15650,0.037
15651,-0.034
15652,-0.051
15653,-0.032
15654,-0.032
15655,0.027
15656,-0.076
15657,-0.144
15658,-0.095
15659,0.02
15660,-0.002
15661,-0.115
15662,-0.034
15663,0.0
15664,-0.017
15665,0.056
15666,0.017
15667,-0.002
15668,0.098
15669,0.081
15670,0.066
15671,-0.032
15672,0.034
15673,0.083
15674,-0.059
15675,0.01
15676,-0.107
15677,-0.032
15678,0.076
15679,-0.103
15680,-0.168
15681,-0.081
15682,-0.017
15683,-0.061
15684,0.01
15685,0.088
15686,0.11
15687,0.037
15688,0.151
15689,0.037
15690,0.073
15691,0.09
15692,0.007
15693,0.024
15694,-0.022
15695,0.024
15696,0.054
15697,-0.01
15698,-0.071
15699,-0.059
15700,-0.01
15701,-0.11
15702,-0.149
15703,-0.1
15704,-0.144
15705,-0.1
15706,-0.051
15707,-0.039
15708,-0.11
15709,-0.037
15710,0.02
15711,0.081
15712,0.034
15713,0.059
15714,0.002
15715,0.024
15716,0.063
15717,-0.024
15718,-0.1
15719,0.012
15720,-0.015
15721,-0.076
15722,-0.103
15723,-0.134
15724,-0.193
15725,0.007
15726,-0.005
15727,-0.139
15728,-0.083
15729,-0.039
15730,-0.022
15731,-0.105
15732,-0.046
15733,0.027
15734,-0.044
15735,0.066
15736,0.044
15737,0.034
15738,0.027
15739,-0.066
15740,0.015
15741,-0.049
15742,-0.066
15743,-0.051
15744,-0.027
15745,-0.083
15746,0.005
15747,0.063
15748,-0.037
15749,-0.027
15750,-0.054
15751,0.015
15752,-0.049
15753,0.02
15754,-0.022
15755,0.044
15756,-0.032
15757,0.083
15758,-0.017
15759,-0.125
15760,0.095
15761,0.085
15762,0.068
15763,0.115
15764,0.027
15765,-0.071
15766,-0.078
15767,-0.015
15768,-0.022
15769,0.032
15770,-0.01
15771,0.127
15772,-0.005
15773,-0.022
15774,0.034
15775,0.044
15776,0.059
15777,0.117
15778,0.034
15779,0.051
15780,0.081
15781,0.076
15782,0.127
15783,0.024
15784,0.076
15785,0.017
15786,-0.024
15787,0.037
15788,0.171
15789,0.051
15790,-0.032
15791,0.034
15792,0.024
15793,0.037
15794,0.027
15795,0.063
15796,-0.032
15797,0.002
15798,0.02
15799,-0.063
15800,-0.098
15801,-0.117
15802,-0.012
15803,0.066
15804,-0.054
15805,-0.005
15806,0.022
15807,0.015
15808,0.01
15809,0.037
15810,0.081
15811,0.161
15812,-0.017
15813,0.046
15814,0.017
15815,-0.037
15816,0.139
15817,0.0
15818,-0.083
15819,-0.059
15820,0.0
15821,0.02
15822,-0.073
15823,0.012
15824,0.054
15825,0.056
15826,0.007
15827,-0.027
15828,-0.015
15829,-0.029
15830,-0.012
15831,-0.039
15832,-0.09
15833,0.088
15834,0.056
15835,0.054
15836,-0.059
15837,-0.066
15838,0.061
15839,-0.027
15840,0.002
15841,-0.042
15842,-0.034
15843,-0.09
15844,0.007
15845,0.127
15846,0.007
15847,0.032
15848,0.078
15849,0.017
15850,0.088
15851,0.098
15852,0.085
15853,0.107
15854,0.117
15855,0.125
15856,-0.015
15857,0.088
15858,0.01
15859,-0.046
15860,0.037
15861,0.012
15862,0.071
15863,-0.049
15864,0.005
15865,-0.007
15866,0.044
15867,-0.007
15868,0.054
15869,0.027
15870,0.01
15871,0.076
15872,0.056
15873,-0.073
15874,-0.042
15875,-0.005
15876,-0.012
15877,0.01
15878,-0.034
15879,0.032
15880,0.027
15881,-0.02
15882,-0.024
15883,-0.017
15884,0.09
15885,0.012
15886,-0.002
15887,-0.01
15888,0.059
15889,0.027
15890,0.115
15891,0.088
15892,-0.029
15893,0.0
15894,0.068
15895,0.015
15896,-0.066
15897,0.0
15898,0.002
15899,-0.046
15900,-0.01
15901,0.015
15902,0.049
15903,0.12
15904,0.093
15905,0.017
15906,-0.056
15907,0.085
15908,0.088
15909,0.068
15910,0.093
15911,0.044
15912,0.044
15913,-0.012
15914,-0.085
15915,-0.12
15916,0.01
15917,-0.002
15918,-0.032
15919,-0.024
15920,-0.037
15921,0.002
15922,-0.007
15923,-0.154
15924,-0.098
15925,-0.093
15926,0.007
15927,-0.01
15928,0.027
15929,0.085
15930,0.159
15931,0.015
15932,0.002
15933,0.11
15934,0.022
15935,0.02
15936,0.076
15937,-0.02
15938,0.01
15939,0.02
15940,0.059
15941,0.081
15942,0.029
15943,0.105
15944,-0.039
15945,-0.029
15946,0.081
15947,-0.085
15948,0.02
15949,0.029
15950,-0.002
15951,0.012
15952,0.032
15953,-0.002
15954,0.039
15955,0.007
15956,-0.054
15957,-0.032
15958,-0.051
15959,-0.081
15960,-0.02
15961,0.01
15962,0.032
15963,-0.01
15964,-0.029
15965,0.022
15966,0.01
15967,-0.066
15968,0.012
15969,-0.015
15970,-0.02
15971,-0.049
15972,-0.051
15973,0.002
15974,-0.034
15975,-0.1
15976,-0.002
15977,0.0
15978,0.032
15979,-0.005
15980,0.029
15981,0.002
15982,0.051
15983,0.02
15984,-0.034
15985,-0.029
15986,-0.063
15987,0.01
15988,0.027
15989,0.046
15990,0.017
15991,0.032
15992,-0.032
15993,-0.09
15994,-0.046
15995,0.027
15996,-0.105
15997,-0.166
15998,0.039
15999,0.015
16000,-0.044
16001,0.007
16002,-0.027
16003,0.005
16004,0.007
16005,-0.044
16006,-0.012
16007,0.056
16008,0.085
16009,0.039
16010,-0.017
16011,0.049
16012,-0.012
16013,0.005
16014,-0.01
16015,-0.063
16016,-0.063
16017,-0.01
16018,-0.024
16019,-0.071
16020,-0.11
16021,-0.103
16022,-0.037
16023,-0.063
16024,0.032
16025,-0.002
16026,0.015
16027,-0.029
16028,0.063
16029,0.017
16030,0.066
16031,0.168
16032,-0.068
16033,-0.049
16034,-0.112
16035,-0.049
16036,0.098
16037,-0.061
16038,-0.071
16039,-0.083
16040,-0.017
16041,-0.029
16042,-0.137
16043,-0.115
16044,-0.09
16045,0.015
16046,-0.007
16047,-0.022
16048,-0.046
16049,0.034
16050,-0.002
16051,-0.073
16052,-0.024
16053,-0.027
16054,-0.029
16055,0.012
16056,-0.1
16057,-0.039
16058,-0.032
16059,-0.078
16060,-0.164
16061,-0.027
16062,-0.002
16063,-0.159
16064,-0.037
16065,-0.054
16066,-0.015
16067,0.015
16068,-0.022
16069,-0.085
16070,-0.012
16071,0.051
16072,-0.01
16073,-0.007
16074,0.022
16075,0.061
16076,0.061
16077,0.063
16078,-0.066
16079,-0.002
16080,0.039
16081,-0.032
16082,-0.029
16083,-0.056
16084,0.024
16085,0.037
16086,-0.012
16087,0.063
16088,0.044
16089,0.056
16090,0.002
16091,-0.015
16092,-0.032
16093,-0.039
16094,0.029
16095,0.095
16096,-0.032
16097,0.037
16098,0.078
16099,-0.063
16100,-0.083
16101,-0.059
16102,-0.098
16103,-0.093
16104,-0.112
16105,-0.081
16106,-0.005
16107,-0.071
16108,0.042
16109,-0.081
16110,-0.129
16111,0.088
16112,0.042
16113,0.078
16114,0.076
16115,0.029
16116,-0.049
16117,0.007
16118,-0.073
16119,0.051
16120,0.0
16121,-0.137
16122,-0.024
16123,0.002
16124,-0.046
16125,-0.076
16126,-0.098
16127,-0.078
16128,0.1
16129,0.017
16130,-0.005
16131,0.107
16132,0.039
16133,0.034
16134,0.02
16135,0.176
16136,0.01
16137,0.005
16138,0.103
16139,0.073
16140,0.059
16141,-0.042
16142,-0.071
16143,-0.137
16144,0.046
16145,-0.093
16146,-0.044
16147,-0.002
16148,0.032
16149,-0.073
16150,-0.105
16151,-0.054
16152,0.115
16153,0.024
16154,-0.032
16155,-0.02
16156,0.137
16157,0.085
16158,-0.042
16159,0.081
16160,0.02
16161,-0.078
16162,-0.044
16163,0.039
16164,-0.049
16165,-0.098
16166,-0.032
16167,-0.127
16168,-0.129
16169,-0.01
16170,0.037
16171,0.068
16172,0.059
16173,0.042
16174,0.022
16175,0.142
16176,0.049
16177,0.054
16178,0.032
16179,0.061
16180,0.059
16181,0.017
16182,-0.046
16183,-0.007
16184,0.007
16185,-0.02
16186,0.005
16187,-0.039
16188,-0.081
16189,0.002
16190,0.005
16191,-0.088
16192,0.005
16193,0.103
16194,-0.039
16195,0.039
16196,0.061
16197,0.103
16198,0.066
16199,0.029
16200,0.017
16201,0.115
16202,0.032
16203,0.046
16204,-0.002
16205,-0.063
16206,0.044
16207,-0.046
16208,0.017
16209,0.007
16210,0.012
16211,0.068
16212,0.002
16213,0.039
16214,0.01
16215,0.005
16216,0.117
16217,-0.017
16218,-0.02
16219,0.024
16220,-0.095
16221,-0.068
16222,0.02
16223,-0.056
16224,0.017
16225,-0.005
16226,0.063
16227,0.02
16228,0.002
16229,0.01
16230,0.002
16231,0.022
16232,0.049
16233,-0.103
16234,0.012
16235,0.115
16236,-0.007
16237,0.012
16238,-0.129
16239,-0.093
16240,-0.032
16241,-0.039
16242,-0.151
16243,-0.146
16244,-0.015
16245,-0.027
16246,0.0
16247,-0.076
16248,-0.085
16249,0.068
16250,-0.022
16251,0.002
16252,0.095
16253,0.159
16254,0.112
16255,0.015
16256,-0.039
16257,0.034
16258,0.088
16259,0.012
16260,0.002
16261,0.015
16262,0.027
16263,-0.022
16264,0.024
16265,0.012
16266,0.039
16267,-0.034
16268,-0.076
16269,-0.012
16270,-0.002
16271,-0.071
16272,0.032
16273,-0.007
16274,-0.039
16275,0.044
16276,-0.044
16277,-0.068
16278,0.029
16279,0.032
16280,0.024
16281,-0.044
16282,-0.039
16283,-0.066
16284,-0.073
16285,-0.088
16286,0.076
16287,-0.015
16288,-0.103
16289,-0.039
16290,0.037
16291,-0.088
16292,-0.015
16293,0.132
16294,0.061
16295,0.103
16296,0.105
16297,0.076
16298,0.195
16299,0.09
16300,0.081
16301,-0.007
16302,0.029
16303,-0.085
16304,-0.005
16305,0.017
16306,-0.051
16307,-0.134
16308,-0.012
16309,-0.056
16310,-0.032
16311,-0.007
16312,-0.015
16313,0.095
16314,0.042
16315,-0.005
16316,-0.093
16317,0.024
16318,0.015
16319,0.027
16320,-0.049
16321,-0.085
16322,-0.081
16323,-0.146
16324,-0.146
16325,-0.117
16326,0.156
16327,-0.032
16328,-0.042
16329,-0.046
16330,-0.061
16331,0.151
16332,0.012
16333,0.051
16334,0.034
16335,0.125
16336,0.093
16337,-0.005
16338,0.076
16339,0.09
16340,-0.063
16341,-0.046
16342,0.0
16343,-0.022
16344,-0.073
16345,-0.09
16346,-0.085
16347,-0.095
16348,-0.09
16349,-0.059
16350,-0.049
16351,-0.103
16352,-0.037
16353,0.068
16354,0.051
16355,-0.039
16356,0.005
16357,0.19
16358,0.166
16359,-0.002
16360,0.032
16361,0.071
16362,0.071
16363,-0.044
16364,-0.039
16365,-0.039
16366,0.0
16367,0.022
16368,-0.054
16369,-0.037
16370,-0.059
16371,-0.076
16372,-0.078
16373,-0.066
16374,0.039
16375,-0.034
16376,-0.015
16377,0.042
16378,-0.015
16379,0.227
16380,0.066
16381,0.105
16382,0.098
16383,0.142
16384,0.093
16385,-0.029
16386,0.002
16387,-0.029
16388,-0.034
16389,-0.081
16390,-0.151
16391,-0.098
16392,-0.017
16393,0.02
16394,-0.039
16395,-0.015
16396,-0.02
16397,0.029
16398,-0.029
16399,-0.007
16400,0.044
16401,-0.015
16402,-0.012
16403,-0.098
16404,-0.034
16405,-0.01
16406,-0.068
16407,-0.125
16408,-0.044
16409,-0.061
16410,-0.146
16411,-0.056
16412,-0.068
16413,-0.024
16414,-0.078
16415,-0.132
16416,-0.02
16417,0.0
16418,-0.002
16419,0.059
16420,-0.01
16421,0.061
16422,0.093
16423,-0.01
16424,0.066
16425,-0.005
16426,-0.005
16427,0.088
16428,-0.059
16429,-0.046
16430,-0.068
16431,-0.09
16432,-0.156
16433,-0.095
16434,-0.054
16435,-0.024
16436,-0.076
16437,0.046
16438,0.076
16439,0.032
16440,0.01
16441,-0.01
16442,-0.037
16443,0.027
16444,0.068
16445,0.002
16446,-0.029
16447,-0.066
16448,0.037
16449,0.032
16450,0.02
16451,0.037
16452,0.073
16453,0.134
16454,0.098
16455,-0.022
16456,0.071
16457,0.066
16458,-0.051
16459,-0.076
16460,0.0
16461,0.046
16462,0.078
16463,0.076
16464,0.115
16465,-0.037
16466,-0.068
16467,0.049
16468,-0.129
16469,-0.146
16470,-0.022
16471,-0.066
16472,-0.051
16473,-0.037
16474,-0.046
16475,0.071
16476,0.056
16477,0.017
16478,0.0
16479,0.056
16480,0.081
16481,0.054
16482,0.154
16483,0.029
16484,0.015
16485,0.024
16486,0.0
16487,0.046
16488,-0.076
16489,-0.085
16490,-0.015
16491,0.073
16492,0.049
16493,-0.015
16494,-0.122
16495,-0.132
16496,-0.046
16497,0.032
16498,0.012
16499,-0.129
16500,-0.081
16501,-0.02
16502,-0.076
16503,-0.146
16504,-0.063
16505,0.029
16506,-0.02
16507,-0.237
16508,-0.049
16509,-0.039
16510,-0.105
16511,-0.073
16512,-0.051
16513,-0.02
16514,-0.022
16515,-0.015
16516,-0.002
16517,0.076
16518,0.034
16519,0.046
16520,0.134
16521,0.007
16522,-0.098
16523,0.039
16524,0.159
16525,-0.071
16526,-0.049
16527,0.02
16528,-0.012
16529,-0.164
16530,-0.112
16531,0.125
16532,-0.061
16533,-0.078
16534,-0.029
16535,-0.029
16536,-0.024
16537,0.098
16538,0.034
16539,0.029
16540,0.024
16541,0.117
16542,0.012
16543,-0.037
16544,-0.046
16545,-0.029
16546,0.129
16547,-0.022
16548,-0.085
16549,0.071
16550,-0.015
16551,0.012
16552,-0.042
16553,-0.073
16554,0.01
16555,0.129
16556,0.0
16557,-0.081
16558,0.066
16559,0.242
16560,-0.02
16561,-0.093
16562,-0.027
16563,0.061
16564,0.034
16565,-0.024
16566,-0.11
16567,0.017
16568,0.095
16569,-0.051
16570,-0.139
16571,-0.09
16572,0.002
16573,0.125
16574,0.029
16575,-0.002
16576,0.076
16577,0.066
16578,0.049
16579,0.032
16580,0.107
16581,0.1
16582,0.071
16583,-0.022
16584,0.012
16585,0.044
16586,0.012
16587,-0.029
16588,-0.098
16589,-0.132
16590,-0.142
16591,-0.063
16592,-0.046
16593,-0.181
16594,-0.186
16595,-0.154
16596,-0.002
16597,0.007
16598,-0.007
16599,0.01
16600,0.027
16601,-0.049
16602,0.0
16603,0.007
16604,0.056
16605,0.107
16606,-0.037
16607,0.0
16608,0.005
16609,0.071
16610,0.061
16611,-0.083
16612,-0.015
16613,-0.005
16614,0.022
16615,-0.049
16616,-0.029
16617,0.037
16618,0.007
16619,-0.01
16620,-0.071
16621,0.037
16622,0.017
16623,-0.037
16624,-0.117
16625,-0.01
16626,0.015
16627,0.103
16628,-0.122
16629,-0.076
16630,0.01
16631,-0.01
16632,-0.032
16633,0.029
16634,-0.044
16635,-0.002
16636,-0.022
16637,0.002
16638,0.076
16639,-0.073
16640,0.059
16641,0.015
16642,0.034
16643,0.054
16644,0.037
16645,0.122
16646,0.063
16647,0.015
16648,-0.024
16649,0.044
16650,-0.059
16651,-0.059
16652,-0.107
16653,-0.044
16654,0.022
16655,0.103
16656,0.049
16657,-0.071
16658,0.125
16659,0.066
16660,-0.139
16661,0.015
16662,0.005
16663,-0.005
16664,0.076
16665,-0.02
16666,-0.022
16667,-0.059
16668,-0.173
16669,-0.068
16670,-0.056
16671,-0.012
16672,-0.007
16673,0.005
16674,-0.024
16675,-0.044
16676,-0.132
16677,0.024
16678,-0.02
16679,0.005
16680,0.09
16681,0.022
16682,0.012
16683,-0.042
16684,0.015
16685,-0.02
16686,-0.022
16687,0.029
16688,0.115
16689,0.042
16690,-0.059
16691,-0.01
16692,-0.107
16693,0.071
16694,0.012
16695,-0.063
16696,0.095
16697,0.073
16698,-0.024
16699,0.154
16700,0.132
16701,0.151
16702,-0.049
16703,-0.042
16704,0.081
16705,0.046
16706,-0.073
16707,0.005
16708,0.081
16709,-0.051
16710,-0.11
16711,-0.049
16712,-0.066
16713,-0.017
16714,0.051
16715,0.046
16716,-0.039
16717,0.088
16718,-0.032
16719,0.105
16720,0.007
16721,0.068
16722,0.085
16723,0.066
16724,0.059
16725,0.139
16726,-0.066
16727,0.132
16728,0.0
16729,-0.098
16730,0.115
16731,0.09
16732,-0.049
16733,0.007
16734,0.005
16735,0.1
16736,0.029
16737,0.081
16738,0.156
16739,-0.002
16740,0.039
16741,0.005
16742,-0.005
16743,0.066
16744,0.068
16745,0.015
16746,-0.005
16747,0.002
16748,0.029
16749,-0.005
16750,-0.049
16751,-0.049
16752,0.027
16753,-0.002
16754,-0.127
16755,-0.046
16756,0.066
16757,-0.066
16758,-0.168
16759,0.049
16760,0.066
16761,-0.007
16762,0.024
16763,0.098
16764,0.156
16765,0.122
16766,-0.015
16767,-0.022
16768,0.042
16769,-0.081
16770,-0.027
16771,0.015
16772,-0.112
16773,-0.002
16774,0.015
16775,0.042
16776,-0.027
16777,-0.042
16778,0.061
16779,0.027
16780,-0.051
16781,-0.027
16782,0.017
16783,-0.076
16784,-0.088
16785,-0.037
16786,-0.002
16787,-0.032
16788,0.098
16789,0.049
16790,-0.068
16791,0.029
16792,0.056
16793,-0.078
16794,-0.012
16795,-0.037
16796,-0.034
16797,0.144
16798,0.007
16799,-0.007
16800,-0.098
16801,0.117
16802,0.178
16803,-0.046
16804,0.005
16805,0.107
16806,0.071
16807,0.02
16808,-0.103
16809,-0.068
16810,-0.078
16811,-0.139
16812,-0.005
16813,0.005
16814,-0.049
16815,0.049
16816,-0.024
16817,-0.044
16818,0.068
16819,-0.095
16820,0.139
16821,0.073
16822,0.01
16823,0.076
16824,0.132
16825,0.1
16826,0.051
16827,0.051
16828,0.115
16829,0.027
16830,0.002
16831,0.078
16832,0.061
16833,-0.046
16834,-0.007
16835,0.024
16836,0.115
16837,0.027
16838,0.007
16839,0.107
16840,0.122
16841,0.132
16842,0.054
16843,-0.007
16844,0.015
16845,0.127
16846,0.051
16847,0.051
16848,-0.061
16849,0.024
16850,0.022
16851,-0.073
16852,-0.061
16853,-0.095
16854,-0.073
16855,-0.027
16856,0.002
16857,0.0
16858,0.068
16859,-0.015
16860,-0.01
16861,-0.032
16862,0.007
16863,0.127
16864,0.042
16865,0.112
16866,0.059
16867,0.107
16868,0.042
16869,0.034
16870,0.029
16871,-0.056
16872,-0.037
16873,0.012
16874,-0.059
16875,0.032
16876,0.015
16877,-0.015
16878,0.027
16879,-0.007
16880,0.029
16881,0.056
16882,-0.054
16883,0.066
16884,0.073
16885,-0.032
16886,-0.049
16887,-0.034
16888,0.02
16889,0.0
16890,-0.085
16891,-0.01
16892,-0.11
16893,-0.137
16894,-0.059
16895,-0.139
16896,0.071
16897,-0.029
16898,0.012
16899,0.059
16900,-0.034
16901,-0.017
16902,0.081
16903,0.029
16904,-0.007
16905,0.1
16906,0.166
16907,0.134
16908,-0.015
16909,0.012
16910,0.037
16911,-0.037
16912,-0.032
16913,0.027
16914,0.039
16915,-0.032
16916,-0.039
16917,0.051
16918,-0.076
16919,-0.042
16920,-0.085
16921,-0.027
16922,0.11
16923,-0.071
16924,-0.09
16925,0.027
16926,0.029
16927,0.02
16928,-0.127
16929,-0.085
16930,0.024
16931,0.012
16932,0.061
16933,0.005
16934,-0.061
16935,-0.027
16936,0.039
16937,0.017
16938,0.059
16939,-0.083
16940,0.01
16941,0.049
16942,0.049
16943,0.107
16944,-0.012
16945,0.063
16946,0.12
16947,0.034
16948,0.022
16949,0.078
16950,0.056
16951,0.105
16952,0.061
16953,-0.017
16954,-0.012
16955,-0.068
16956,-0.012
16957,-0.012
16958,0.024
16959,0.059
16960,0.02
16961,0.103
16962,0.122
16963,-0.015
16964,-0.049
16965,0.037
16966,0.066
16967,0.117
16968,0.054
16969,-0.037
16970,-0.061
16971,-0.007
16972,-0.027
16973,-0.073
16974,-0.125
16975,-0.11
16976,-0.132
16977,-0.09
16978,-0.005
16979,0.02
16980,-0.034
16981,0.034
16982,-0.083
16983,0.071
16984,0.144
16985,0.068
16986,-0.01
16987,-0.005
16988,-0.017
16989,0.002
16990,-0.083
16991,-0.02
16992,-0.1
16993,-0.154
16994,-0.139
16995,-0.134
16996,-0.166
16997,-0.142
16998,-0.132
16999,-0.198
17000,-0.125
17001,-0.1
17002,-0.068
17003,-0.049
17004,-0.024
17005,-0.049
17006,0.049
17007,0.059
17008,0.044
17009,0.083
17010,0.085
17011,0.127
17012,0.024
17013,-0.027
17014,0.034
17015,0.127
17016,0.027
17017,-0.151
17018,-0.039
17019,0.046
17020,0.049
17021,0.059
17022,0.078
17023,0.103
17024,-0.051
17025,0.068
17026,0.139
17027,0.029
17028,0.073
17029,0.037
17030,-0.042
17031,-0.066
17032,0.037
17033,0.02
17034,-0.049
17035,-0.098
17036,0.005
17037,0.012
17038,-0.022
17039,-0.078
17040,0.017
17041,0.017
17042,0.015
17043,0.024
17044,-0.002
17045,0.022
17046,0.012
17047,-0.01
17048,-0.117
17049,0.0
17050,0.039
17051,0.005
17052,0.01
17053,-0.139
17054,-0.01
17055,-0.032
17056,-0.017
17057,0.071
17058,-0.107
17059,-0.242
17060,0.073
17061,0.063
17062,-0.093
17063,-0.083
17064,0.027
17065,0.142
17066,-0.015
17067,0.071
17068,0.12
17069,0.1
17070,-0.01
17071,0.005
17072,-0.083
17073,0.063
17074,0.061
17075,-0.127
17076,-0.151
17077,-0.081
17078,-0.093
17079,-0.051
17080,-0.037
17081,0.0
17082,-0.081
17083,0.024
17084,0.042
17085,0.105
17086,0.156
17087,-0.034
17088,0.073
17089,0.068
17090,-0.029
17091,-0.039
17092,-0.09
17093,-0.098
17094,-0.083
17095,-0.098
17096,-0.09
17097,-0.078
17098,-0.056
17099,-0.195
17100,0.02
17101,-0.017
17102,-0.029
17103,0.063
17104,0.063
17105,0.081
17106,-0.027
17107,0.042
17108,-0.029
17109,-0.068
17110,0.015
17111,0.105
17112,-0.132
17113,-0.117
17114,0.049
17115,0.02
17116,-0.078
17117,-0.017
17118,0.01
17119,0.027
17120,-0.112
17121,-0.063
17122,0.0
17123,-0.061
17124,0.017
17125,-0.081
17126,-0.166
17127,0.078
17128,0.059
17129,0.146
17130,0.012
17131,-0.046
17132,0.11
17133,0.027
17134,-0.049
17135,-0.051
17136,0.051
17137,0.012
17138,-0.078
17139,-0.081
17140,-0.027
17141,-0.081
17142,-0.017
17143,-0.046
17144,-0.107
17145,-0.02
17146,-0.061
17147,0.027
17148,0.125
17149,0.002
17150,0.178
17151,-0.01
17152,-0.015
17153,-0.105
17154,0.081
17155,-0.034
17156,-0.059
17157,0.029
17158,0.015
17159,0.039
17160,-0.012
17161,-0.093
17162,-0.029
17163,-0.059
17164,-0.044
17165,-0.02
17166,0.044
17167,0.078
17168,0.029
17169,0.037
17170,-0.037
17171,-0.046
17172,-0.02
17173,0.095
17174,-0.007
17175,-0.168
17176,-0.034
17177,-0.063
17178,-0.068
17179,-0.046
17180,-0.146
17181,0.068
17182,0.073
17183,-0.183
17184,-0.073
17185,0.039
17186,0.083
17187,0.01
17188,-0.081
17189,-0.007
17190,-0.024
17191,-0.051
17192,0.051
17193,0.029
17194,0.051
17195,0.015
17196,-0.068
17197,0.015
17198,-0.037
17199,-0.032
17200,-0.073
17201,-0.042
17202,-0.032
17203,-0.066
17204,0.061
17205,0.012
17206,-0.022
17207,-0.029
17208,-0.042
17209,-0.083
17210,-0.01
17211,0.022
17212,-0.02
17213,0.037
17214,-0.085
17215,-0.032
17216,0.029
17217,-0.061
17218,0.098
17219,0.085
17220,0.044
17221,-0.063
17222,0.056
17223,0.037
17224,-0.002
17225,0.076
17226,0.029
17227,0.024
17228,0.037
17229,0.034
17230,0.063
17231,0.039
17232,0.017
17233,-0.11
17234,-0.105
17235,-0.103
17236,0.015
17237,0.022
17238,-0.081
17239,-0.127
17240,-0.078
17241,-0.1
17242,-0.129
17243,-0.015
17244,-0.007
17245,0.049
17246,0.017
17247,-0.01
17248,0.105
17249,0.1
17250,0.073
17251,0.027
17252,0.044
17253,0.046
17254,0.071
17255,0.061
17256,-0.103
17257,-0.085
17258,0.024
17259,-0.103
17260,-0.115
17261,-0.051
17262,0.071
17263,-0.024
17264,0.002
17265,0.002
17266,-0.022
17267,0.117
17268,-0.024
17269,0.002
17270,-0.012
17271,0.032
17272,0.02
17273,0.015
17274,0.032
17275,0.132
17276,0.139
17277,-0.032
17278,0.029
17279,0.049
17280,0.039
17281,0.049
17282,-0.11
17283,-0.039
17284,0.037
17285,0.046
17286,-0.042
17287,-0.144
17288,0.088
17289,0.076
17290,-0.159
17291,-0.02
17292,0.024
17293,-0.007
17294,-0.01
17295,0.029
17296,-0.044
17297,-0.063
17298,0.02
17299,-0.083
17300,-0.125
17301,-0.159
17302,0.061
17303,-0.02
17304,-0.044
17305,0.017
17306,0.044
17307,0.024
17308,-0.039
17309,-0.049
17310,0.085
17311,0.032
17312,-0.002
17313,0.105
17314,0.076
17315,0.081
17316,0.049
17317,-0.027
17318,0.122
17319,0.056
17320,0.063
17321,0.002
17322,0.022
17323,-0.027
17324,0.01
17325,0.034
17326,0.139
17327,0.11
17328,0.0
17329,-0.039
17330,0.002
17331,0.037
17332,-0.056
17333,-0.132
17334,-0.046
17335,-0.068
17336,-0.081
17337,0.032
17338,-0.022
17339,-0.027
17340,0.029
17341,0.088
17342,0.024
17343,-0.022
17344,0.107
17345,0.061
17346,-0.056
17347,0.068
17348,-0.012
17349,0.139
17350,0.117
17351,-0.027
17352,0.042
17353,0.12
17354,-0.093
17355,-0.066
17356,-0.015
17357,-0.022
17358,-0.024
17359,0.034
17360,-0.024
17361,-0.166
17362,0.002
17363,0.061
17364,-0.005
17365,-0.081
17366,-0.061
17367,0.085
17368,0.051
17369,-0.078
17370,0.029
17371,0.125
17372,0.078
17373,-0.039
17374,-0.1
17375,0.093
17376,0.007
17377,-0.005
17378,-0.032
17379,-0.049
17380,-0.134
17381,-0.081
17382,-0.007
17383,-0.044
17384,-0.115
17385,0.068
17386,0.066
17387,-0.09
17388,-0.093
17389,0.029
17390,0.059
17391,0.063
17392,0.039
17393,0.032
17394,0.032
17395,0.01
17396,-0.027
17397,0.007
17398,0.02
17399,0.051
17400,-0.049
17401,0.012
17402,-0.063
17403,-0.117
17404,0.112
17405,0.071
17406,-0.095
17407,0.085
17408,-0.027
17409,0.063
17410,0.024
17411,0.022
17412,0.134
17413,0.093
17414,0.012
17415,-0.02
17416,0.042
17417,0.103
17418,0.024
17419,0.049
17420,0.037
17421,0.088
17422,-0.02
17423,-0.081
17424,-0.002
17425,-0.024
17426,-0.071
17427,-0.044
17428,0.051
17429,0.046
17430,-0.015
17431,0.068
17432,0.066
17433,0.054
17434,0.137
17435,0.205
17436,-0.005
17437,0.017
17438,0.068
17439,-0.02
17440,-0.039
17441,-0.029
17442,-0.024
17443,0.012
17444,-0.049
17445,-0.09
17446,-0.027
17447,-0.022
17448,-0.063
17449,-0.073
17450,-0.056
17451,0.059
17452,0.054
17453,0.088
17454,0.02
17455,0.051
17456,-0.015
17457,-0.085
17458,-0.09
17459,-0.032
17460,-0.068
17461,-0.105
17462,-0.042
17463,-0.095
17464,-0.056
17465,-0.022
17466,-0.015
17467,-0.02
17468,-0.012
17469,0.02
17470,0.125
17471,0.046
17472,0.017
17473,0.205
17474,-0.029
17475,0.059
17476,0.042
17477,-0.015
17478,0.239
17479,0.049
17480,0.051
17481,0.161
17482,0.02
17483,-0.063
17484,-0.068
17485,-0.071
17486,0.039
17487,0.051
17488,0.029
17489,-0.061
17490,0.01
17491,0.083
17492,0.015
17493,-0.01
17494,-0.012
17495,0.103
17496,0.127
17497,0.024
17498,0.049
17499,0.002
17500,-0.027
17501,0.068
17502,0.066
17503,0.024
17504,-0.088
17505,0.022
17506,0.056
17507,-0.078
17508,0.112
17509,0.098
17510,0.081
17511,-0.005
17512,0.095
17513,0.137
17514,0.049
17515,0.042
17516,0.095
17517,0.032
17518,-0.01
17519,0.095
17520,-0.09
17521,-0.107
17522,-0.01
17523,0.044
17524,0.051
17525,-0.093
17526,0.112
17527,0.042
17528,-0.156
17529,0.005
17530,0.09
17531,-0.059
17532,-0.007
17533,0.071
17534,0.095
17535,0.015
17536,0.02
17537,0.127
17538,-0.063
17539,-0.007
17540,0.085
17541,0.037
17542,-0.002
17543,-0.076
17544,-0.024
17545,-0.034
17546,-0.012
17547,0.0
17548,0.017
17549,-0.024
17550,-0.085
17551,0.039
17552,0.046
17553,0.034
17554,0.054
17555,0.098
17556,0.029
17557,-0.017
17558,0.056
17559,0.061
17560,-0.01
17561,0.034
17562,0.039
17563,-0.059
17564,0.039
17565,0.017
17566,-0.068
17567,-0.034
17568,0.034
17569,0.037
17570,-0.09
17571,0.017
17572,0.122
17573,-0.032
17574,-0.115
17575,0.088
17576,-0.083
17577,-0.11
17578,-0.007
17579,-0.005
17580,-0.015
17581,-0.115
17582,-0.095
17583,-0.071
17584,-0.068
17585,0.01
17586,-0.022
17587,-0.024
17588,0.022
17589,0.039
17590,0.071
17591,0.01
17592,0.0
17593,0.117
17594,0.02
17595,-0.029
17596,0.156
17597,0.115
17598,0.039
17599,0.024
17600,-0.073
17601,0.017
17602,-0.054
17603,-0.125
17604,-0.066
17605,-0.022
17606,-0.063
17607,-0.02
17608,-0.066
17609,-0.129
17610,0.046
17611,0.061
17612,-0.015
17613,-0.037
17614,0.044
17615,0.078
17616,0.056
17617,0.078
17618,0.007
17619,-0.054
17620,-0.051
17621,-0.002
17622,-0.034
17623,-0.017
17624,-0.01
17625,-0.056
17626,-0.142
17627,-0.1
17628,0.002
17629,0.078
17630,-0.112
17631,-0.098
17632,-0.112
17633,-0.085
17634,-0.063
17635,0.029
17636,-0.012
17637,-0.046
17638,0.078
17639,0.127
17640,-0.012
17641,-0.059
17642,0.046
17643,-0.125
17644,-0.105
17645,-0.095
17646,-0.063
17647,-0.103
17648,-0.122
17649,0.0
17650,-0.059
17651,-0.044
17652,-0.027
17653,0.066
17654,0.02
17655,-0.032
17656,0.061
17657,0.19
17658,-0.054
17659,-0.112
17660,0.142
17661,0.039
17662,-0.02
17663,-0.054
17664,0.032
17665,-0.066
17666,-0.049
17667,0.027
17668,-0.044
17669,-0.044
17670,-0.034
17671,0.0
17672,0.017
17673,-0.002
17674,0.054
17675,0.112
17676,-0.017
17677,0.0
17678,0.007
17679,0.073
17680,0.034
17681,0.01
17682,-0.039
17683,0.01
17684,-0.007
17685,-0.09
17686,-0.076
17687,-0.056
17688,-0.012
17689,0.015
17690,-0.029
17691,-0.029
17692,-0.054
17693,-0.056
17694,0.0
17695,-0.085
17696,-0.095
17697,-0.017
17698,-0.032
17699,-0.015
17700,-0.088
17701,0.098
17702,0.0
17703,-0.105
17704,0.051
17705,-0.01
17706,-0.115
17707,-0.093
17708,-0.051
17709,-0.061
17710,-0.115
17711,-0.088
17712,-0.129
17713,-0.09
17714,0.027
17715,-0.051
17716,-0.061
17717,-0.076
17718,0.015
17719,0.02
17720,0.017
17721,-0.027
17722,-0.049
17723,0.068
17724,0.005
17725,-0.061
17726,-0.034
17727,0.0
17728,-0.005
17729,-0.061
17730,-0.032
17731,0.007
17732,-0.024
17733,-0.037
17734,-0.027
17735,-0.076
17736,-0.002
17737,0.042
17738,-0.002
17739,0.0
17740,0.073
17741,0.005
17742,-0.034
17743,0.029
17744,-0.073
17745,0.002
17746,-0.049
17747,0.068
17748,0.0
17749,-0.095
17750,-0.01
17751,0.017
17752,0.0
17753,-0.029
17754,0.042
17755,0.068
17756,-0.015
17757,-0.017
17758,0.012
17759,-0.024
17760,-0.005
17761,0.063
17762,0.015
17763,0.044
17764,0.09
17765,-0.083
17766,-0.056
17767,0.027
17768,-0.042
17769,0.068
17770,-0.044
17771,-0.132
17772,0.076
17773,0.073
17774,-0.066
17775,-0.01
17776,0.083
17777,-0.015
17778,0.01
17779,0.037
17780,0.012
17781,-0.063
17782,-0.005
17783,0.112
17784,0.078
17785,-0.024
17786,-0.029
17787,-0.007
17788,-0.027
17789,-0.046
17790,0.115
17791,0.022
17792,-0.007
17793,-0.076
17794,0.029
17795,-0.032
17796,0.073
17797,0.027
17798,-0.012
17799,0.083
17800,0.09
17801,0.107
17802,-0.046
17803,-0.046
17804,-0.105
17805,-0.022
17806,-0.017
17807,-0.012
17808,-0.051
17809,-0.132
17810,0.02
17811,-0.024
17812,-0.083
17813,-0.049
17814,0.068
17815,-0.032
17816,0.007
17817,0.029
17818,0.007
17819,0.056
17820,-0.034
17821,-0.029
17822,0.044
17823,0.139
17824,0.002
17825,0.071
17826,-0.063
17827,-0.071
17828,-0.059
17829,0.005
17830,0.032
17831,0.115
17832,0.032
17833,-0.01
17834,0.015
17835,-0.024
17836,0.073
17837,0.005
17838,-0.044
17839,-0.093
17840,0.076
17841,0.042
17842,0.037
17843,0.01
17844,0.017
17845,-0.024
17846,-0.059
17847,0.093
17848,0.0
17849,0.01
17850,0.085
17851,0.005
17852,0.015
17853,-0.012
17854,0.076
17855,0.037
17856,0.125
17857,0.01
17858,-0.059
17859,-0.042
17860,0.032
17861,0.134
17862,0.066
17863,-0.103
17864,-0.017
17865,0.063
17866,-0.061
17867,0.027
17868,0.002
17869,-0.059
17870,0.046
17871,-0.09
17872,-0.024
17873,-0.007
17874,-0.078
17875,-0.054
17876,-0.002
17877,-0.049
17878,-0.049
17879,0.02
17880,0.1
17881,0.044
17882,-0.066
17883,-0.095
17884,-0.022
17885,-0.046
17886,-0.049
17887,-0.034
17888,0.125
17889,0.005
17890,0.015
17891,-0.088
17892,-0.159
17893,0.037
17894,0.149
17895,-0.1
17896,-0.154
17897,-0.076
17898,0.015
17899,0.005
17900,-0.12
17901,-0.071
17902,-0.059
17903,0.034
17904,-0.071
17905,0.0
17906,-0.02
17907,0.002
17908,-0.002
17909,0.066
17910,0.027
17911,-0.117
17912,0.088
17913,0.02
17914,-0.024
17915,0.044
17916,0.042
17917,0.137
17918,0.164
17919,0.044
17920,0.046
17921,0.032
17922,-0.063
17923,0.022
17924,0.02
17925,0.173
17926,-0.029
17927,-0.088
17928,0.039
17929,-0.046
17930,-0.054
17931,-0.054
17932,0.02
17933,-0.059
17934,0.002
17935,0.017
17936,0.037
17937,0.037
17938,0.076
17939,-0.007
17940,0.063
17941,-0.032
17942,0.076
17943,0.037
17944,-0.061
17945,0.005
17946,-0.068
17947,-0.054
17948,-0.12
17949,-0.093
17950,-0.051
17951,-0.078
17952,-0.11
17953,-0.105
17954,-0.068
17955,0.012
17956,-0.027
17957,-0.081
17958,-0.042
17959,0.056
17960,0.007
17961,-0.051
17962,-0.015
17963,0.024
17964,-0.056
17965,-0.09
17966,-0.12
17967,-0.005
17968,-0.154
17969,-0.085
17970,0.049
17971,-0.024
17972,-0.081
17973,-0.085
17974,-0.039
17975,0.005
17976,0.01
17977,0.017
17978,-0.059
17979,0.027
17980,0.01
17981,0.037
17982,0.046
17983,0.024
17984,0.049
17985,-0.015
17986,-0.115
17987,-0.059
17988,0.029
17989,0.071
17990,0.022
17991,-0.046
17992,0.017
17993,-0.085
17994,-0.049
17995,-0.105
17996,-0.032
17997,0.049
17998,0.032
17999,0.007
18000,-0.049
18001,0.076
18002,0.105
18003,0.017
18004,0.044
18005,0.098
18006,-0.027
18007,0.071
18008,0.032
18009,0.022
18010,0.044
18011,0.034
18012,0.063
18013,0.049
18014,-0.017
18015,-0.012
18016,-0.063
18017,-0.029
18018,-0.076
18019,0.039
18020,0.039
18021,-0.022
18022,0.027
18023,0.073
18024,0.073
18025,0.066
18026,0.007
18027,0.017
18028,-0.012
18029,-0.007
18030,0.007
18031,-0.129
18032,0.107
18033,-0.076
18034,-0.037
18035,-0.11
18036,-0.017
18037,0.039
18038,-0.063
18039,0.103
18040,0.042
18041,-0.161
18042,0.137
18043,0.112
18044,-0.022
18045,0.039
18046,0.01
18047,-0.007
18048,0.039
18049,-0.024
18050,-0.049
18051,-0.078
18052,-0.022
18053,-0.02
18054,-0.017
18055,-0.063
18056,-0.049
18057,-0.02
18058,0.002
18059,-0.012
18060,-0.042
18061,0.027
18062,0.02
18063,0.002
18064,-0.012
18065,0.029
18066,0.054
18067,-0.054
18068,-0.093
18069,-0.02
18070,0.142
18071,0.037
18072,0.093
18073,-0.027
18074,-0.024
18075,-0.173
18076,-0.142
18077,0.117
18078,0.054
18079,-0.017
18080,-0.01
18081,-0.044
18082,0.037
18083,0.012
18084,-0.02
18085,0.117
18086,0.093
18087,0.076
18088,0.059
18089,-0.085
18090,-0.083
18091,0.066
18092,-0.056
18093,-0.107
18094,-0.002
18095,-0.078
18096,-0.007
18097,-0.054
18098,-0.015
18099,0.034
18100,-0.032
18101,0.105
18102,0.044
18103,-0.085
18104,0.012
18105,0.01
18106,0.042
18107,-0.024
18108,0.142
18109,0.1
18110,-0.088
18111,-0.039
18112,-0.083
18113,0.146
18114,0.244
18115,0.1
18116,0.024
18117,-0.02
18118,0.01
18119,0.002
18120,0.081
18121,0.134
18122,-0.029
18123,0.037
18124,0.139
18125,0.103
18126,-0.088
18127,-0.078
18128,-0.015
18129,0.002
18130,-0.093
18131,-0.09
18132,-0.11
18133,-0.02
18134,0.024
18135,-0.044
18136,-0.093
18137,-0.046
18138,-0.046
18139,0.042
18140,0.032
18141,0.054
18142,0.076
18143,0.066
18144,-0.024
18145,0.01
18146,0.029
18147,0.059
18148,0.037
18149,0.146
18150,0.105
18151,-0.085
18152,-0.122
18153,-0.051
18154,0.103
18155,0.01
18156,-0.034
18157,-0.059
18158,-0.042
18159,0.117
18160,0.073
18161,-0.029
18162,0.078
18163,0.076
18164,0.063
18165,0.002
18166,0.029
18167,0.015
18168,0.0
18169,-0.046
18170,0.081
18171,0.032
18172,0.09
18173,0.068
18174,-0.078
18175,-0.015
18176,0.046
18177,-0.029
18178,0.098
18179,0.024
18180,0.032
18181,0.0
18182,0.088
18183,0.107
18184,0.115
18185,0.073
18186,0.037
18187,0.029
18188,0.093
18189,-0.005
18190,0.017
18191,-0.073
18192,-0.044
18193,-0.078
18194,-0.222
18195,-0.095
18196,-0.029
18197,-0.071
18198,-0.095
18199,-0.046
18200,-0.005
18201,-0.007
18202,0.056
18203,0.005
18204,0.054
18205,0.085
18206,0.117
18207,0.0
18208,-0.078
18209,0.046
18210,0.061
18211,-0.044
18212,-0.012
18213,-0.063
18214,0.02
18215,-0.007
18216,-0.024
18217,-0.105
18218,-0.029
18219,-0.146
18220,-0.154
18221,-0.061
18222,-0.022
18223,-0.027
18224,-0.032
18225,0.0
18226,0.051
18227,-0.015
18228,0.029
18229,-0.032
18230,-0.071
18231,0.007
18232,-0.022
18233,-0.139
18234,-0.012
18235,-0.088
18236,-0.068
18237,-0.039
18238,-0.11
18239,-0.015
18240,-0.154
18241,0.02
18242,0.068
18243,-0.095
18244,-0.059
18245,-0.015
18246,0.061
18247,0.051
18248,0.059
18249,0.066
18250,0.01
18251,0.034
18252,0.039
18253,0.068
18254,0.012
18255,-0.032
18256,-0.044
18257,0.1
18258,0.044
18259,0.042
18260,0.012
18261,0.005
18262,-0.034
18263,-0.027
18264,0.042
18265,0.063
18266,0.093
18267,-0.007
18268,-0.015
18269,-0.056
18270,0.039
18271,-0.024
18272,0.088
18273,0.088
18274,-0.066
18275,0.012
18276,0.049
18277,0.093
18278,0.071
18279,0.007
18280,0.039
18281,0.024
18282,0.068
18283,0.112
18284,0.012
18285,0.059
18286,0.056
18287,-0.01
18288,0.093
18289,0.037
18290,0.002
18291,-0.063
18292,0.032
18293,-0.029
18294,-0.081
18295,-0.088
18296,0.005
18297,0.117
18298,-0.054
18299,-0.046
18300,0.081
18301,-0.049
18302,0.078
18303,0.063
18304,0.039
18305,0.034
18306,0.056
18307,0.012
18308,0.083
18309,0.051
18310,-0.029
18311,-0.01
18312,-0.039
18313,-0.149
18314,-0.078
18315,-0.115
18316,-0.093
18317,-0.022
18318,0.044
18319,0.017
18320,-0.015
18321,0.049
18322,-0.081
18323,-0.142
18324,0.093
18325,-0.017
18326,-0.037
18327,-0.022
18328,0.007
18329,0.068
18330,0.037
18331,-0.015
18332,-0.029
18333,0.017
18334,-0.012
18335,-0.056
18336,0.0
18337,0.044
18338,-0.083
18339,-0.01
18340,-0.098
18341,-0.11
18342,0.015
18343,0.007
18344,0.0
18345,-0.034
18346,-0.078
18347,0.044
18348,0.127
18349,-0.071
18350,-0.015
18351,-0.032
18352,0.027
18353,-0.054
18354,-0.049
18355,-0.071
18356,0.015
18357,0.005
18358,-0.059
18359,-0.015
18360,0.022
18361,0.061
18362,-0.076
18363,0.02
18364,0.093
18365,0.125
18366,0.015
18367,0.051
18368,0.146
18369,0.015
18370,0.022
18371,0.049
18372,0.01
18373,0.044
18374,-0.037
18375,0.01
18376,-0.024
18377,-0.056
18378,0.034
18379,-0.056
18380,-0.066
18381,0.051
18382,0.032
18383,0.051
18384,-0.024
18385,0.061
18386,0.117
18387,0.017
18388,-0.051
18389,0.029
18390,0.117
18391,-0.024
18392,0.039
18393,-0.117
18394,-0.051
18395,-0.002
18396,-0.039
18397,0.0
18398,-0.042
18399,-0.007
18400,-0.037
18401,0.088
18402,0.085
18403,0.095
18404,-0.01
18405,-0.073
18406,0.044
18407,-0.056
18408,-0.046
18409,0.032
18410,-0.032
18411,-0.085
18412,-0.061
18413,-0.081
18414,-0.012
18415,-0.09
18416,-0.044
18417,-0.078
18418,-0.107
18419,-0.01
18420,-0.156
18421,-0.078
18422,-0.093
18423,0.007
18424,-0.042
18425,-0.046
18426,0.002
18427,0.022
18428,-0.066
18429,-0.142
18430,0.0
18431,-0.005
18432,0.027
18433,-0.042
18434,-0.129
18435,-0.039
18436,-0.044
18437,-0.105
18438,0.01
18439,-0.051
18440,-0.125
18441,0.037
18442,-0.037
18443,-0.01
18444,0.022
18445,0.0
18446,0.12
18447,0.049
18448,-0.046
18449,-0.088
18450,0.01
18451,-0.034
18452,-0.098
18453,0.01
18454,-0.042
18455,-0.176
18456,-0.115
18457,-0.12
18458,-0.061
18459,-0.051
18460,-0.073
18461,0.037
18462,-0.044
18463,-0.024
18464,-0.005
18465,-0.027
18466,-0.027
18467,-0.002
18468,0.051
18469,-0.02
18470,0.032
18471,0.056
18472,-0.088
18473,-0.007
18474,-0.076
18475,-0.088
18476,-0.017
18477,-0.042
18478,-0.088
18479,-0.039
18480,-0.063
18481,-0.085
18482,-0.083
18483,0.024
18484,0.034
18485,-0.095
18486,0.0
18487,0.044
18488,0.01
18489,0.061
18490,0.132
18491,-0.02
18492,0.024
18493,0.044
18494,0.037
18495,-0.012
18496,-0.007
18497,0.049
18498,-0.012
18499,-0.039
18500,-0.193
18501,-0.1
18502,-0.095
18503,-0.085
18504,-0.171
18505,-0.081
18506,-0.054
18507,0.037
18508,-0.02
18509,-0.027
18510,0.066
18511,0.042
18512,0.002
18513,-0.056
18514,-0.029
18515,-0.034
18516,0.0
18517,-0.107
18518,0.034
18519,-0.073
18520,-0.105
18521,-0.044
18522,-0.046
18523,-0.071
18524,-0.034
18525,-0.01
18526,0.073
18527,-0.061
18528,0.054
18529,-0.022
18530,0.0
18531,0.059
18532,0.122
18533,-0.088
18534,-0.015
18535,-0.085
18536,0.171
18537,0.024
18538,-0.098
18539,0.044
18540,0.107
18541,0.078
18542,0.085
18543,0.0
18544,-0.095
18545,0.046
18546,-0.01
18547,0.095
18548,-0.046
18549,-0.039
18550,0.125
18551,0.042
18552,0.034
18553,0.015
18554,0.034
18555,0.11
18556,0.017
18557,0.051
18558,0.042
18559,0.027
18560,0.042
18561,0.01
18562,0.042
18563,0.154
18564,0.017
18565,0.044
18566,-0.01
18567,-0.061
18568,-0.012
18569,-0.012
18570,0.022
18571,0.027
18572,0.056
18573,0.024
18574,0.029
18575,0.046
18576,0.076
18577,-0.061
18578,-0.037
18579,-0.039
18580,-0.098
18581,0.051
18582,-0.012
18583,0.056
18584,-0.044
18585,0.007
18586,0.051
18587,0.105
18588,0.046
18589,0.088
18590,0.132
18591,-0.029
18592,-0.007
18593,-0.02
18594,0.005
18595,0.027
18596,0.073
18597,-0.037
18598,-0.098
18599,-0.012
18600,-0.022
18601,0.005
18602,0.056
18603,0.024
18604,-0.037
18605,0.127
18606,0.056
18607,0.149
18608,0.166
18609,0.063
18610,0.156
18611,0.081
18612,0.056
18613,-0.09
18614,0.044
18615,0.0
18616,-0.051
18617,-0.061
18618,-0.081
18619,-0.017
18620,-0.015
18621,-0.066
18622,-0.132
18623,0.068
18624,0.046
18625,-0.051
18626,-0.024
18627,0.01
18628,-0.012
18629,0.066
18630,0.081
18631,-0.015
18632,0.068
18633,-0.02
18634,0.0
18635,0.02
18636,-0.049
18637,-0.056
18638,-0.081
18639,-0.117
18640,-0.073
18641,-0.081
18642,0.002
18643,0.012
18644,-0.027
18645,0.012
18646,-0.054
18647,0.083
18648,0.161
18649,-0.005
18650,0.015
18651,0.063
18652,0.103
18653,0.034
18654,0.09
18655,0.061
18656,0.015
18657,-0.005
18658,-0.032
18659,-0.061
18660,-0.073
18661,-0.046
18662,-0.063
18663,-0.007
18664,-0.022
18665,-0.02
18666,-0.027
18667,0.059
18668,0.173
18669,0.037
18670,0.056
18671,0.166
18672,0.11
18673,0.027
18674,0.022
18675,0.042
18676,0.0
18677,-0.076
18678,-0.068
18679,0.046
18680,0.098
18681,0.024
18682,0.022
18683,0.032
18684,-0.01
18685,0.032
18686,0.085
18687,0.034
18688,0.051
18689,0.078
18690,0.032
18691,0.066
18692,0.1
18693,0.061
18694,0.022
18695,-0.007
18696,0.054
18697,0.085
18698,0.007
18699,-0.022
18700,0.083
18701,0.11
18702,-0.051
18703,0.0
18704,0.12
18705,0.19
18706,0.051
18707,0.029
18708,-0.068
18709,0.002
18710,0.09
18711,-0.029
18712,0.01
18713,-0.098
18714,-0.034
18715,-0.024
18716,-0.09
18717,-0.088
18718,-0.073
18719,-0.042
18720,-0.063
18721,0.098
18722,0.01
18723,0.095
18724,0.071
18725,0.034
18726,0.083
18727,0.107
18728,0.063
18729,0.073
18730,0.039
18731,-0.027
18732,0.039
18733,0.027
18734,0.01
18735,-0.051
18736,0.01
18737,-0.039
18738,-0.054
18739,0.054
18740,-0.112
18741,-0.007
18742,-0.029
18743,0.02
18744,-0.005
18745,0.066
18746,0.01
18747,0.005
18748,0.034
18749,-0.02
18750,-0.005
18751,0.007
18752,0.007
18753,-0.024
18754,0.007
18755,-0.078
18756,-0.105
18757,-0.093
18758,-0.125
18759,-0.078
18760,-0.076
18761,0.002
18762,-0.032
18763,-0.015
18764,-0.056
18765,-0.017
18766,0.037
18767,0.01
18768,0.01
18769,-0.078
18770,0.059
18771,-0.037
18772,-0.029
18773,-0.01
18774,-0.088
18775,-0.049
18776,0.015
18777,-0.032
18778,0.005
18779,-0.005
18780,-0.173
18781,-0.188
18782,-0.107
18783,0.024
18784,-0.063
18785,-0.034
18786,0.02
18787,0.063
18788,0.02
18789,0.059
18790,0.029
18791,-0.007
18792,-0.01
18793,-0.078
18794,0.054
18795,0.1
18796,0.015
18797,0.02
18798,0.005
18799,-0.012
18800,-0.088
18801,-0.042
18802,-0.039
18803,0.015
18804,0.012
18805,-0.015
18806,-0.037
18807,0.054
18808,0.054
18809,0.002
18810,0.061
18811,0.093
18812,0.024
18813,0.066
18814,0.088
18815,0.046
18816,-0.076
18817,-0.073
18818,-0.081
18819,-0.103
18820,-0.024
18821,0.01
18822,-0.144
18823,-0.154
18824,0.002
18825,-0.029
18826,-0.017
18827,-0.154
18828,-0.032
18829,0.054
18830,0.012
18831,-0.032
18832,-0.054
18833,-0.032
18834,0.059
18835,0.046
18836,0.005
18837,-0.1
18838,-0.037
18839,-0.046
18840,-0.049
18841,0.027
18842,-0.098
18843,-0.007
18844,-0.012
18845,-0.044
18846,0.02
18847,0.022
18848,0.081
18849,0.044
18850,0.042
18851,0.034
18852,-0.029
18853,0.012
18854,0.117
18855,-0.051
18856,-0.012
18857,-0.098
18858,-0.083
18859,0.0
18860,-0.073
18861,-0.103
18862,-0.046
18863,-0.137
18864,-0.007
18865,-0.027
18866,-0.081
18867,-0.017
18868,-0.049
18869,-0.11
18870,0.063
18871,-0.056
18872,0.054
18873,0.044
18874,0.076
18875,0.02
18876,-0.071
18877,0.093
18878,0.029
18879,0.066
18880,0.051
18881,0.02
18882,-0.063
18883,-0.059
18884,-0.125
18885,0.007
18886,0.012
18887,-0.034
18888,-0.039
18889,0.083
18890,-0.051
18891,0.007
18892,0.076
18893,0.098
18894,0.049
18895,0.002
18896,0.022
18897,0.012
18898,-0.005
18899,-0.002
18900,-0.017
18901,0.076
18902,-0.066
18903,0.015
18904,-0.073
18905,-0.032
18906,-0.037
18907,-0.01
18908,0.166
18909,0.059
18910,-0.042
18911,0.02
18912,0.034
18913,0.081
18914,-0.01
18915,-0.095
18916,0.073
18917,0.017
18918,-0.156
18919,-0.037
18920,-0.1
18921,-0.112
18922,-0.117
18923,-0.073
18924,-0.146
18925,-0.12
18926,-0.054
18927,-0.01
18928,-0.093
18929,-0.027
18930,0.0
18931,0.007
18932,-0.066
18933,0.01
18934,0.173
18935,-0.059
18936,-0.083
18937,0.029
18938,0.063
18939,-0.056
18940,-0.083
18941,0.002
18942,-0.005
18943,-0.156
18944,-0.144
18945,-0.017
18946,-0.083
18947,-0.059
18948,0.017
18949,-0.015
18950,-0.032
18951,-0.076
18952,0.081
18953,-0.049
18954,0.054
18955,0.049
18956,0.056
18957,0.071
18958,0.098
18959,0.083
18960,-0.007
18961,0.107
18962,0.002
18963,-0.071
18964,-0.022
18965,-0.034
18966,-0.112
18967,0.002
18968,0.098
18969,0.095
18970,0.037
18971,0.02
18972,0.212
18973,0.129
18974,0.1
18975,0.1
18976,0.061
18977,0.105
18978,0.029
18979,0.068
18980,0.007
18981,-0.022
18982,0.005
18983,0.02
18984,-0.027
18985,-0.056
18986,-0.017
18987,0.056
18988,-0.117
18989,-0.085
18990,-0.007
18991,0.076
18992,-0.042
18993,0.01
18994,0.017
18995,0.01
18996,-0.027
18997,-0.081
18998,0.1
18999,-0.017
19000,-0.007
19001,-0.059
19002,-0.017
19003,0.022
19004,-0.051
19005,0.0
19006,-0.039
19007,-0.002
19008,0.032
19009,0.049
19010,-0.039
19011,0.042
19012,0.029
19013,0.039
19014,0.078
19015,0.034
19016,-0.01
19017,-0.01
19018,-0.042
19019,0.017
19020,-0.063
19021,-0.059
19022,0.125
19023,0.02
19024,-0.012
19025,-0.093
19026,-0.125
19027,-0.088
19028,-0.017
19029,0.046
19030,0.034
19031,0.076
19032,-0.007
19033,-0.005
19034,-0.017
19035,0.027
19036,0.044
19037,-0.039
19038,0.054
19039,-0.049
19040,-0.073
19041,-0.139
19042,-0.083
19043,-0.051
19044,0.061
19045,-0.032
19046,-0.029
19047,0.073
19048,-0.032
19049,0.017
19050,0.068
19051,0.093
19052,0.015
19053,0.022
19054,0.144
19055,0.088
19056,-0.005
19057,0.007
19058,0.081
19059,0.002
19060,0.107
19061,-0.002
19062,-0.085
19063,0.129
19064,-0.002
19065,-0.044
19066,-0.02
19067,-0.073
19068,-0.085
19069,0.037
19070,0.046
19071,0.02
19072,-0.056
19073,0.02
19074,-0.027
19075,0.061
19076,0.085
19077,-0.002
19078,0.122
19079,0.078
19080,-0.044
19081,-0.11
19082,-0.029
19083,-0.037
19084,-0.088
19085,-0.066
19086,-0.046
19087,-0.049
19088,-0.093
19089,0.046
19090,-0.037
19091,-0.034
19092,0.049
19093,0.034
19094,0.005
19095,0.022
19096,0.127
19097,0.083
19098,0.042
19099,0.002
19100,0.085
19101,0.081
19102,-0.032
19103,-0.049
19104,-0.039
19105,-0.046
19106,-0.037
19107,0.002
19108,-0.005
19109,0.039
19110,0.007
19111,0.029
19112,-0.054
19113,-0.085
19114,0.1
19115,0.068
19116,0.012
19117,0.017
19118,0.007
19119,0.015
19120,0.015
19121,0.049
19122,0.01
19123,-0.01
19124,0.012
19125,0.076
19126,-0.112
19127,-0.01
19128,0.02
19129,0.039
19130,0.044
19131,-0.034
19132,0.039
19133,0.125
19134,0.01
19135,-0.173
19136,0.083
19137,-0.073
19138,0.061
19139,0.161
19140,0.042
19141,0.037
19142,-0.059
19143,0.073
19144,0.129
19145,-0.007
19146,0.027
19147,-0.017
19148,-0.078
19149,-0.029
19150,-0.081
19151,-0.027
19152,0.051
19153,-0.051
19154,-0.122
19155,-0.051
19156,-0.083
19157,-0.027
19158,0.007
19159,-0.066
19160,0.012
19161,-0.083
19162,-0.007
19163,-0.103
19164,-0.002
19165,0.032
19166,-0.071
19167,-0.107
19168,-0.125
19169,0.024
19170,0.103
19171,-0.042
19172,-0.081
19173,-0.039
19174,0.078
19175,0.071
19176,0.032
19177,-0.059
19178,0.171
19179,0.039
19180,-0.098
19181,-0.046
19182,-0.044
19183,-0.073
19184,-0.046
19185,-0.061
19186,0.012
19187,-0.127
19188,-0.054
19189,-0.078
19190,-0.183
19191,0.002
19192,0.056
19193,0.005
19194,-0.117
19195,-0.071
19196,0.051
19197,0.203
19198,-0.059
19199,-0.034
19200,0.015
19201,0.007
19202,-0.02
19203,0.01
19204,-0.007
19205,-0.039
19206,-0.042
19207,-0.046
19208,-0.107
19209,-0.112
19210,-0.017
19211,-0.002
19212,0.039
19213,-0.029
19214,-0.012
19215,0.139
19216,0.081
19217,-0.137
19218,0.046
19219,0.127
19220,0.066
19221,-0.037
19222,-0.054
19223,-0.02
19224,0.046
19225,-0.051
19226,-0.149
19227,-0.032
19228,-0.056
19229,-0.022
19230,-0.046
19231,-0.154
19232,-0.042
19233,-0.022
19234,-0.007
19235,0.095
19236,0.046
19237,0.051
19238,0.1
19239,-0.012
19240,-0.02
19241,0.068
19242,0.063
19243,-0.051
19244,0.015
19245,0.068
19246,-0.022
19247,-0.044
19248,0.02
19249,0.032
19250,-0.146
19251,-0.098
19252,0.015
19253,0.02
19254,-0.054
19255,-0.117
19256,0.039
19257,0.068
19258,0.054
19259,-0.002
19260,-0.015
19261,-0.029
19262,-0.068
19263,-0.056
19264,-0.042
19265,-0.081
19266,-0.005
19267,-0.061
19268,-0.159
19269,-0.012
19270,0.054
19271,-0.039
19272,-0.01
19273,0.01
19274,-0.059
19275,-0.017
19276,-0.02
19277,0.1
19278,0.044
19279,-0.049
19280,0.029
19281,0.01
19282,-0.129
19283,-0.039
19284,-0.039
19285,0.01
19286,-0.061
19287,0.017
19288,-0.085
19289,-0.037
19290,-0.046
19291,-0.059
19292,0.066
19293,0.034
19294,-0.068
19295,0.059
19296,0.017
19297,-0.015
19298,-0.002
19299,0.01
19300,0.012
19301,0.022
19302,0.127
19303,0.049
19304,-0.002
19305,-0.046
19306,0.029
19307,-0.002
19308,-0.054
19309,0.042
19310,0.076
19311,0.024
19312,-0.076
19313,-0.024
19314,0.071
19315,0.059
19316,-0.034
19317,0.037
19318,0.122
19319,0.156
19320,0.093
19321,0.024
19322,0.022
19323,-0.012
19324,-0.088
19325,-0.107
19326,-0.037
19327,-0.112
19328,-0.11
19329,-0.078
19330,-0.098
19331,-0.212
19332,-0.071
19333,0.056
19334,-0.002
19335,-0.051
19336,0.022
19337,0.056
19338,0.076
19339,0.107
19340,0.078
19341,0.103
19342,0.054
19343,-0.007
19344,0.0
19345,-0.061
19346,-0.071
19347,-0.063
19348,-0.085
19349,-0.134
19350,-0.056
19351,-0.076
19352,-0.122
19353,-0.042
19354,-0.046
19355,0.0
19356,0.059
19357,0.105
19358,0.081
19359,0.051
19360,0.027
19361,0.027
19362,0.073
19363,-0.027
19364,-0.044
19365,0.042
19366,-0.022
19367,-0.068
19368,-0.083
19369,-0.022
19370,0.005
19371,0.093
19372,0.049
19373,-0.037
19374,0.02
19375,-0.024
19376,0.1
19377,0.127
19378,0.039
19379,0.081
19380,-0.005
19381,0.024
19382,-0.078
19383,-0.1
19384,0.044
19385,0.017
19386,-0.044
19387,-0.054
19388,-0.044
19389,-0.146
19390,-0.078
19391,-0.044
19392,-0.054
19393,-0.042
19394,0.015
19395,0.039
19396,0.024
19397,0.068
19398,0.105
19399,0.1
19400,0.066
19401,0.0
19402,-0.015
19403,0.037
19404,0.071
19405,-0.02
19406,0.032
19407,0.017
19408,-0.076
19409,-0.068
19410,-0.125
19411,-0.093
19412,0.046
19413,0.027
19414,-0.122
19415,-0.022
19416,0.02
19417,0.093
19418,0.029
19419,-0.056
19420,-0.029
19421,0.002
19422,-0.007
19423,0.017
19424,-0.034
19425,0.029
19426,0.02
19427,0.0
19428,-0.005
19429,-0.027
19430,-0.007
19431,-0.005
19432,-0.066
19433,-0.039
19434,0.01
19435,0.068
19436,0.051
19437,-0.034
19438,0.093
19439,-0.002
19440,0.01
19441,0.051
19442,0.015
19443,0.088
19444,0.061
19445,-0.02
19446,0.049
19447,-0.012
19448,-0.049
19449,-0.063
19450,-0.115
19451,0.017
19452,-0.034
19453,-0.173
19454,-0.029
19455,-0.017
19456,-0.068
19457,0.007
19458,-0.051
19459,-0.027
19460,0.105
19461,0.076
19462,0.0
19463,-0.042
19464,0.029
19465,0.056
19466,0.022
19467,-0.068
19468,0.012
19469,-0.017
19470,0.022
19471,-0.071
19472,-0.117
19473,0.063
19474,0.066
19475,0.02
19476,-0.063
19477,-0.037
19478,0.103
19479,0.049
19480,0.078
19481,0.007
19482,0.01
19483,0.093
19484,0.127
19485,-0.051
19486,-0.037
19487,-0.005
19488,-0.098
19489,-0.005
19490,-0.132
19491,-0.046
19492,0.081
19493,0.056
19494,0.081
19495,-0.061
19496,0.01
19497,0.037
19498,0.066
19499,0.029
19500,0.127
19501,0.005
19502,0.039
19503,-0.02
19504,0.022
19505,0.024
19506,0.002
19507,-0.049
19508,-0.076
19509,0.11
19510,0.024
19511,-0.134
19512,-0.051
19513,-0.01
19514,-0.049
19515,-0.115
19516,-0.042
19517,0.017
19518,0.017
19519,0.002
19520,0.015
19521,0.034
19522,0.017
19523,0.0
19524,-0.034
19525,-0.032
19526,-0.029
19527,-0.01
19528,-0.034
19529,-0.027
19530,-0.083
19531,-0.093
19532,-0.049
19533,0.022
19534,-0.051
19535,0.037
19536,-0.054
19537,0.093
19538,0.071
19539,0.115
19540,0.195
19541,0.088
19542,0.024
19543,0.09
19544,-0.005
19545,-0.01
19546,0.029
19547,0.112
19548,0.059
19549,-0.002
19550,-0.078
19551,0.005
19552,0.051
19553,-0.024
19554,-0.071
19555,-0.022
19556,-0.002
19557,-0.032
19558,-0.098
19559,-0.037
19560,-0.034
19561,-0.068
19562,0.063
19563,0.049
19564,-0.068
19565,-0.103
19566,-0.039
19567,-0.024
19568,0.0
19569,0.037
19570,-0.054
19571,-0.01
19572,-0.117
19573,-0.01
19574,0.129
19575,-0.012
19576,0.0
19577,-0.007
19578,0.044
19579,0.103
19580,0.015
19581,0.129
19582,0.049
19583,-0.068
19584,0.132
19585,0.105
19586,-0.032
19587,0.017
19588,0.002
19589,0.042
19590,0.046
19591,0.012
19592,-0.034
19593,-0.039
19594,-0.066
19595,-0.129
19596,-0.078
19597,-0.051
19598,0.015
19599,0.027
19600,0.007
19601,0.037
19602,0.007
19603,-0.027
19604,-0.046
19605,-0.02
19606,0.002
19607,-0.024
19608,-0.046
19609,-0.173
19610,-0.044
19611,0.134
19612,0.085
19613,0.012
19614,-0.137
19615,0.042
19616,-0.002
19617,-0.059
19618,0.027
19619,0.007
19620,-0.017
19621,0.076
19622,0.02
19623,0.061
19624,0.09
19625,0.007
19626,0.002
19627,-0.039
19628,0.085
19629,0.012
19630,-0.029
19631,0.017
19632,0.002
19633,-0.142
19634,0.037
19635,-0.044
19636,-0.027
19637,0.024
19638,0.017
19639,0.007
19640,-0.005
19641,-0.032
19642,0.024
19643,0.024
19644,0.12
19645,0.054
19646,-0.034
19647,0.093
19648,0.032
19649,-0.029
19650,-0.061
19651,0.0
19652,0.027
19653,-0.09
19654,-0.002
19655,-0.017
19656,-0.076
19657,0.054
19658,-0.063
19659,0.076
19660,0.129
19661,0.01
19662,0.063
19663,0.11
19664,-0.037
19665,-0.042
19666,-0.051
19667,-0.044
19668,0.066
19669,-0.073
19670,-0.12
19671,-0.107
19672,-0.125
19673,0.002
19674,-0.039
19675,-0.09
19676,-0.066
19677,0.029
19678,0.083
19679,-0.022
19680,-0.034
19681,0.02
19682,0.022
19683,0.005
19684,0.029
19685,0.071
19686,-0.095
19687,-0.005
19688,0.076
19689,-0.071
19690,-0.125
19691,-0.083
19692,-0.083
19693,-0.037
19694,-0.015
19695,0.012
19696,0.032
19697,0.071
19698,0.066
19699,-0.029
19700,0.02
19701,0.01
19702,0.115
19703,0.051
19704,-0.039
19705,-0.022
19706,0.0
19707,-0.09
19708,-0.066
19709,-0.098
19710,-0.085
19711,0.007
19712,0.01
19713,-0.164
19714,-0.083
19715,0.063
19716,0.127
19717,-0.132
19718,-0.068
19719,0.164
19720,0.022
19721,0.073
19722,-0.042
19723,0.049
19724,0.134
19725,0.039
19726,0.056
19727,-0.034
19728,0.054
19729,0.217
19730,0.115
19731,0.034
19732,-0.066
19733,-0.017
19734,0.066
19735,-0.073
19736,-0.063
19737,0.002
19738,0.037
19739,0.037
19740,0.054
19741,0.02
19742,0.007
19743,-0.046
19744,-0.039
19745,-0.005
19746,-0.005
19747,0.029
19748,-0.007
19749,0.042
19750,-0.024
19751,-0.046
19752,0.007
19753,-0.034
19754,-0.103
19755,-0.107
19756,0.012
19757,-0.081
19758,-0.129
19759,-0.029
19760,-0.007
19761,0.0
19762,-0.042
19763,-0.134
19764,-0.073
19765,0.098
19766,0.073
19767,-0.032
19768,-0.071
19769,-0.078
19770,-0.037
19771,-0.081
19772,-0.105
19773,-0.007
19774,-0.046
19775,-0.056
19776,0.017
19777,-0.024
19778,0.039
19779,-0.002
19780,-0.105
19781,-0.078
19782,0.063
19783,-0.093
19784,-0.037
19785,-0.01
19786,-0.066
19787,-0.061
19788,-0.115
19789,0.027
19790,-0.076
19791,-0.093
19792,-0.012
19793,0.02
19794,0.012
19795,0.039
19796,0.095
19797,-0.034
19798,-0.081
19799,0.085
19800,0.054
19801,-0.039
19802,0.066
19803,0.068
19804,0.042
19805,0.051
19806,-0.01
19807,-0.017
19808,-0.039
19809,0.027
19810,-0.02
19811,-0.134
19812,-0.051
19813,-0.02
19814,-0.107
19815,-0.032
19816,0.032
19817,0.042
19818,-0.056
19819,-0.112
19820,0.027
19821,0.0
19822,-0.01
19823,0.188
19824,0.024
19825,0.142
19826,0.054
19827,0.032
19828,0.059
19829,0.127
19830,0.076
19831,0.059
19832,0.022
19833,0.037
19834,0.068
19835,-0.027
19836,-0.044
19837,-0.139
19838,0.034
19839,0.002
19840,-0.068
19841,-0.054
19842,-0.012
19843,0.066
19844,0.029
19845,-0.017
19846,-0.061
19847,0.1
19848,-0.076
19849,-0.051
19850,-0.068
19851,-0.103
19852,0.063
19853,0.059
19854,-0.117
19855,-0.105
19856,-0.081
19857,-0.132
19858,-0.083
19859,-0.02
19860,-0.164
19861,-0.049
19862,0.024
19863,0.005
19864,-0.022
19865,-0.029
19866,0.005
19867,-0.005
19868,-0.037
19869,0.017
19870,-0.032
19871,-0.044
19872,0.051
19873,-0.042
19874,-0.007
19875,0.02
19876,-0.022
19877,-0.012
19878,-0.024
19879,-0.1
19880,-0.029
19881,-0.085
19882,0.059
19883,0.015
19884,-0.054
19885,-0.059
19886,-0.015
19887,0.068
19888,-0.037
19889,-0.139
19890,0.022
19891,0.012
19892,0.027
19893,0.002
19894,0.022
19895,-0.024
19896,-0.024
19897,-0.093
19898,-0.037
19899,0.024
19900,0.002
19901,0.022
19902,-0.029
19903,-0.042
19904,0.134
19905,-0.029
19906,0.063
19907,0.105
19908,0.01
19909,-0.068
19910,-0.144
19911,0.027
19912,-0.027
19913,-0.039
19914,0.0
19915,0.046
19916,0.056
19917,0.117
19918,-0.1
19919,-0.039
19920,0.022
19921,-0.039
19922,0.027
19923,0.0
19924,0.073
19925,0.112
19926,0.01
19927,-0.027
19928,-0.051
19929,0.054
19930,0.039
19931,0.017
19932,-0.007
19933,-0.059
19934,0.0
19935,0.066
19936,-0.042
19937,-0.066
19938,-0.01
19939,-0.046
19940,-0.056
19941,-0.046
19942,0.029
19943,0.078
19944,0.051
19945,0.042
19946,-0.012
19947,0.081
19948,0.015
19949,0.049
19950,0.127
19951,-0.002
19952,-0.095
19953,-0.054
19954,-0.127
19955,-0.081
19956,-0.081
19957,-0.122
19958,-0.107
19959,-0.061
19960,-0.051
19961,-0.112
19962,-0.051
19963,-0.11
19964,0.061
19965,0.012
19966,-0.002
19967,0.039
19968,0.017
19969,-0.002
19970,-0.02
19971,0.063
19972,0.024
19973,-0.039
19974,0.002
19975,0.034
19976,-0.044
19977,-0.181
19978,0.037
19979,0.032
19980,0.005
19981,-0.071
19982,0.027
19983,0.051
19984,-0.015
19985,-0.005
19986,0.02
19987,0.039
19988,0.039
19989,-0.037
19990,0.068
19991,0.098
19992,0.129
19993,0.056
19994,-0.076
19995,0.007
19996,0.007
19997,-0.015
19998,-0.056
19999,-0.083
20000,0.046
20001,0.005
20002,0.012
20003,0.02
20004,0.037
20005,0.132
20006,0.042
20007,0.0
20008,0.076
20009,0.017
20010,0.1
20011,0.107
20012,-0.034
20013,-0.002
20014,0.059
20015,0.061
20016,-0.056
20017,-0.046
20018,-0.071
20019,-0.078
20020,0.032
20021,-0.037
20022,-0.066
20023,-0.012
20024,0.01
20025,0.051
20026,0.032
20027,-0.046
20028,-0.054
20029,0.027
20030,-0.015
20031,-0.034
20032,0.012
20033,-0.083
20034,-0.032
20035,0.02
20036,-0.042
20037,-0.093
20038,0.034
20039,-0.093
20040,-0.1
20041,0.012
20042,-0.061
20043,-0.005
20044,-0.029
20045,0.017
20046,-0.012
20047,-0.032
20048,0.051
20049,0.029
20050,-0.051
20051,-0.015
20052,0.081
20053,-0.039
20054,-0.183
20055,-0.054
20056,0.034
20057,-0.095
20058,-0.054
20059,-0.122
20060,-0.105
20061,-0.103
20062,-0.046
20063,-0.051
20064,-0.11
20065,-0.09
20066,0.029
20067,0.049
20068,-0.039
20069,0.127
20070,0.017
20071,0.02
20072,0.146
20073,0.032
20074,0.034
20075,0.027
20076,-0.049
20077,0.054
20078,0.037
20079,-0.105
20080,-0.144
20081,-0.081
20082,0.027
20083,-0.037
20084,0.076
20085,-0.039
20086,-0.042
20087,0.022
20088,0.042
20089,-0.032
20090,0.037
20091,0.049
20092,-0.007
20093,0.049
20094,-0.012
20095,0.1
20096,0.098
20097,0.059
20098,0.007
20099,-0.032
20100,-0.022
20101,0.066
20102,-0.088
20103,0.112
20104,0.049
20105,0.11
20106,0.095
20107,0.01
20108,0.054
20109,0.049
20110,0.095
20111,0.137
20112,0.061
20113,0.051
20114,0.139
20115,0.051
20116,-0.029
20117,-0.063
20118,0.059
20119,0.012
20120,0.042
20121,0.049
20122,-0.073
20123,-0.024
20124,-0.039
20125,-0.071
20126,-0.002
20127,0.071
20128,-0.061
20129,0.034
20130,0.027
20131,-0.01
20132,-0.007
20133,-0.024
20134,0.029
20135,-0.042
20136,0.007
20137,0.034
20138,0.081
20139,0.09
20140,0.002
20141,0.09
20142,0.007
20143,-0.037
20144,0.032
20145,0.005
20146,0.034
20147,-0.027
20148,-0.051
20149,0.115
20150,0.029
20151,-0.049
20152,-0.01
20153,0.027
20154,-0.044
20155,-0.02
20156,-0.081
20157,-0.093
20158,-0.068
20159,-0.139
20160,-0.171
20161,-0.11
20162,-0.081
20163,-0.032
20164,-0.078
20165,-0.117
20166,0.127
20167,-0.059
20168,-0.044
20169,-0.032
20170,0.032
20171,0.049
20172,0.081
20173,0.095
20174,-0.007
20175,0.076
20176,0.066
20177,-0.103
20178,0.054
20179,-0.01
20180,0.024
20181,0.063
20182,-0.066
20183,-0.078
20184,0.034
20185,0.1
20186,0.029
20187,-0.146
20188,0.11
20189,0.09
20190,0.066
20191,0.051
20192,-0.024
20193,0.073
20194,0.037
20195,-0.015
20196,-0.127
20197,-0.073
20198,0.037
20199,0.081
20200,-0.156
20201,-0.188
20202,-0.017
20203,-0.02
20204,-0.09
20205,-0.051
20206,-0.037
20207,-0.051
20208,-0.034
20209,-0.015
20210,-0.083
20211,-0.12
20212,0.017
20213,-0.02
20214,0.01
20215,-0.02
20216,-0.022
20217,0.054
20218,-0.085
20219,-0.059
20220,-0.046
20221,-0.007
20222,0.039
20223,0.01
20224,0.042
20225,0.015
20226,0.056
20227,0.068
20228,-0.005
20229,0.037
20230,0.161
20231,0.017
20232,0.093
20233,-0.042
20234,-0.032
20235,0.137
20236,0.044
20237,0.039
20238,0.129
20239,0.085
20240,0.059
20241,-0.078
20242,-0.046
20243,0.046
20244,-0.063
20245,0.007
20246,-0.066
20247,0.005
20248,0.022
20249,-0.042
20250,0.078
20251,0.105
20252,-0.068
20253,-0.073
20254,0.063
20255,0.066
20256,0.002
20257,0.044
20258,-0.029
20259,0.005
20260,-0.063
20261,0.054
20262,0.0
20263,-0.078
20264,-0.034
20265,0.063
20266,0.027
20267,-0.078
20268,-0.037
20269,0.042
20270,0.125
20271,-0.09
20272,0.046
20273,0.181
20274,-0.01
20275,0.007
20276,0.063
20277,0.12
20278,0.012
20279,-0.044
20280,0.017
20281,-0.034
20282,-0.122
20283,-0.105
20284,0.068
20285,-0.012
20286,-0.066
20287,0.032
20288,-0.076
20289,-0.105
20290,0.032
20291,0.107
20292,0.054
20293,-0.012
20294,0.051
20295,0.1
20296,-0.039
20297,-0.032
20298,0.024
20299,0.02
20300,0.061
20301,-0.005
20302,-0.024
20303,-0.081
20304,-0.09
20305,0.054
20306,0.066
20307,0.024
20308,0.083
20309,-0.066
20310,-0.034
20311,0.085
20312,0.117
20313,0.0
20314,0.02
20315,0.046
20316,0.002
20317,-0.032
20318,-0.042
20319,0.034
20320,-0.061
20321,-0.081
20322,0.037
20323,0.0
20324,-0.154
20325,0.042
20326,0.081
20327,0.098
20328,0.088
20329,0.042
20330,0.032
20331,0.049
20332,0.034
20333,0.12
20334,0.042
20335,0.012
20336,-0.012
20337,0.073
20338,-0.037
20339,-0.073
20340,0.007
20341,0.049
20342,0.054
20343,0.12
20344,0.154
20345,-0.183
20346,-0.059
20347,0.1
20348,0.1
20349,0.149
20350,-0.059
20351,0.063
20352,-0.015
20353,-0.005
20354,0.049
20355,0.132
20356,0.002
20357,0.037
20358,0.063
20359,0.044
20360,0.012
20361,-0.051
20362,-0.007
20363,0.027
20364,-0.139
20365,-0.068
20366,-0.042
20367,-0.027
20368,0.017
20369,-0.103
20370,-0.09
20371,0.002
20372,-0.049
20373,-0.083
20374,-0.039
20375,-0.046
20376,-0.037
20377,0.005
20378,-0.071
20379,-0.125
20380,-0.105
20381,-0.044
20382,-0.049
20383,-0.115
20384,-0.127
20385,-0.056
20386,-0.027
20387,-0.115
20388,0.0
20389,0.056
20390,0.027
20391,-0.015
20392,-0.066
20393,0.037
20394,0.015
20395,0.039
20396,0.027
20397,-0.056
20398,-0.11
20399,-0.107
20400,-0.027
20401,0.01
20402,-0.063
20403,-0.051
20404,-0.044
20405,-0.068
20406,-0.022
20407,-0.073
20408,-0.024
20409,0.149
20410,0.078
20411,0.042
20412,-0.005
20413,0.015
20414,0.125
20415,0.049
20416,-0.09
20417,0.049
20418,0.142
20419,-0.061
20420,-0.142
20421,0.046
20422,-0.007
20423,-0.02
20424,0.02
20425,-0.024
20426,-0.085
20427,-0.073
20428,-0.002
20429,0.059
20430,0.002
20431,0.0
20432,0.012
20433,-0.051
20434,0.054
20435,-0.061
20436,-0.012
20437,0.044
20438,0.032
20439,0.002
20440,-0.088
20441,-0.081
20442,0.022
20443,-0.105
20444,-0.063
20445,-0.076
20446,-0.044
20447,-0.02
20448,-0.046
20449,-0.039
20450,-0.125
20451,-0.039
20452,0.046
20453,-0.066
20454,-0.017
20455,0.12
20456,0.02
20457,-0.146
20458,-0.085
20459,0.0
20460,-0.154
20461,-0.085
20462,-0.078
20463,-0.132
20464,-0.12
20465,-0.061
20466,-0.059
20467,-0.125
20468,-0.105
20469,-0.09
20470,-0.127
20471,-0.059
20472,-0.029
20473,-0.078
20474,-0.059
20475,0.027
20476,0.095
20477,0.061
20478,-0.049
