,0.010
0,0.0
1,-0.024
2,0.005
3,-0.122
4,0.059
5,0.186
6,0.081
7,0.071
8,0.088
9,0.125
10,0.083
11,0.139
12,0.239
13,0.19
14,0.042
15,0.046
16,0.01
17,-0.02
18,-0.012
19,0.007
20,0.007
21,-0.005
22,0.095
23,0.034
24,-0.061
25,0.029
26,0.078
27,0.125
28,0.063
29,0.024
30,0.044
31,-0.012
32,0.024
33,-0.005
34,0.017
35,-0.002
36,-0.076
37,-0.034
38,0.054
39,0.039
40,-0.071
41,-0.042
42,-0.186
43,-0.054
44,0.059
45,-0.037
46,-0.051
47,-0.115
48,0.071
49,-0.02
50,-0.081
51,0.037
52,0.139
53,0.134
54,-0.029
55,-0.146
56,-0.107
57,0.012
58,-0.188
59,-0.122
60,-0.076
61,-0.029
62,-0.017
63,-0.195
64,-0.156
65,0.044
66,-0.127
67,-0.017
68,-0.034
69,0.007
70,0.056
71,-0.073
72,0.098
73,-0.015
74,-0.044
75,-0.071
76,-0.024
77,0.1
78,-0.005
79,-0.015
80,-0.002
81,0.029
82,0.085
83,-0.046
84,-0.007
85,0.093
86,-0.039
87,-0.066
88,0.093
89,-0.02
90,0.129
91,-0.068
92,0.105
93,0.11
94,0.042
95,0.01
96,0.071
97,-0.024
98,0.137
99,0.005
100,-0.073
101,-0.002
102,0.049
103,0.059
104,-0.029
105,-0.01
106,0.139
107,0.071
108,0.061
109,0.073
110,0.015
111,0.012
112,0.095
113,-0.046
114,-0.007
115,-0.012
116,0.051
117,-0.042
118,-0.039
119,0.022
120,0.005
121,0.024
122,-0.039
123,0.056
124,-0.029
125,-0.029
126,-0.012
127,-0.056
128,0.107
129,0.063
130,0.066
131,0.046
132,0.042
133,-0.168
134,0.015
135,0.0
136,-0.063
137,0.017
138,-0.083
139,-0.09
140,-0.125
141,-0.127
142,-0.127
143,-0.112
144,-0.195
145,-0.005
146,0.098
147,0.042
148,-0.115
149,-0.137
150,-0.034
151,-0.012
152,0.02
153,-0.166
154,-0.034
155,-0.059
156,-0.139
157,-0.098
158,0.01
159,0.073
160,-0.146
161,-0.117
162,-0.078
163,-0.029
164,-0.059
165,-0.034
166,0.046
167,-0.027
168,-0.056
169,0.002
170,0.166
171,0.088
172,0.095
173,-0.042
174,0.112
175,0.161
176,0.02
177,-0.015
178,-0.088
179,0.017
180,-0.051
181,0.044
182,0.107
183,-0.083
184,-0.049
185,0.012
186,-0.044
187,0.037
188,-0.056
189,0.127
190,0.168
191,-0.103
192,-0.007
193,0.085
194,0.02
195,-0.022
196,0.029
197,0.017
198,0.1
199,0.01
200,0.049
201,0.01
202,-0.115
203,0.061
204,0.034
205,0.039
206,0.139
207,-0.054
208,0.071
209,-0.022
210,-0.005
211,0.122
212,-0.095
213,0.022
214,0.029
215,0.017
216,-0.005
217,-0.034
218,-0.081
219,0.059
220,-0.085
221,-0.09
222,-0.132
223,-0.054
224,-0.032
225,-0.078
226,-0.037
227,-0.083
228,-0.081
229,-0.005
230,-0.029
231,-0.159
232,-0.039
233,-0.049
234,-0.024
235,-0.056
236,-0.078
237,-0.154
238,-0.237
239,0.068
240,-0.029
241,-0.142
242,-0.085
243,-0.007
244,0.01
245,-0.037
246,-0.073
247,0.005
248,0.088
249,0.017
250,-0.071
251,-0.027
252,-0.02
253,-0.042
254,-0.017
255,-0.022
256,0.042
257,0.034
258,0.007
259,-0.137
260,-0.12
261,0.032
262,0.029
263,-0.034
264,-0.059
265,-0.088
266,-0.022
267,0.037
268,0.01
269,-0.076
270,0.012
271,-0.051
272,0.122
273,0.095
274,0.015
275,0.022
276,-0.044
277,-0.024
278,-0.1
279,0.002
280,-0.061
281,-0.017
282,-0.061
283,0.085
284,-0.002
285,0.073
286,-0.007
287,-0.046
288,0.02
289,0.051
290,0.012
291,0.044
292,-0.037
293,-0.029
294,0.132
295,-0.081
296,0.005
297,0.042
298,-0.059
299,0.022
300,-0.144
301,0.029
302,-0.049
303,-0.083
304,-0.12
305,-0.044
306,-0.029
307,-0.002
308,0.002
309,0.017
310,0.117
311,-0.046
312,-0.007
313,-0.034
314,0.005
315,-0.049
316,-0.1
317,-0.1
318,-0.083
319,-0.007
320,-0.193
321,-0.154
322,-0.144
323,0.12
324,0.002
325,-0.115
326,0.027
327,0.046
328,0.103
329,0.002
330,-0.015
331,0.042
332,0.044
333,0.015
334,0.0
335,-0.012
336,0.051
337,0.056
338,-0.098
339,-0.1
340,-0.132
341,-0.081
342,-0.032
343,-0.015
344,-0.115
345,-0.054
346,-0.066
347,-0.029
348,0.01
349,0.076
350,0.117
351,-0.042
352,0.081
353,-0.078
354,0.154
355,0.132
356,-0.144
357,-0.095
358,0.098
359,0.029
360,0.039
361,-0.051
362,-0.093
363,-0.068
364,0.01
365,0.1
366,0.071
367,0.049
368,0.198
369,0.063
370,0.117
371,0.029
372,0.134
373,0.103
374,0.034
375,0.061
376,0.017
377,-0.066
378,-0.068
379,0.002
380,-0.1
381,-0.063
382,-0.02
383,-0.085
384,-0.117
385,-0.051
386,-0.02
387,-0.005
388,-0.02
389,0.042
390,-0.005
391,-0.132
392,-0.002
393,-0.032
394,0.063
395,0.027
396,-0.061
397,0.059
398,-0.09
399,-0.051
400,-0.066
401,-0.166
402,-0.049
403,0.015
404,-0.034
405,-0.112
406,-0.107
407,0.085
408,-0.095
409,-0.154
410,-0.012
411,-0.063
412,0.081
413,-0.039
414,0.01
415,0.076
416,-0.046
417,-0.002
418,-0.066
419,0.007
420,-0.017
421,-0.027
422,-0.032
423,-0.056
424,0.078
425,0.017
426,-0.154
427,-0.066
428,-0.088
429,-0.005
430,0.01
431,-0.037
432,-0.039
433,0.054
434,0.083
435,0.042
436,0.007
437,0.024
438,0.012
439,0.0
440,-0.083
441,0.02
442,0.083
443,0.049
444,-0.054
445,0.042
446,0.11
447,0.017
448,-0.029
449,-0.042
450,0.103
451,0.142
452,0.156
453,0.039
454,0.063
455,0.146
456,0.083
457,-0.049
458,-0.063
459,-0.02
460,-0.024
461,-0.02
462,0.068
463,0.051
464,-0.083
465,-0.127
466,0.068
467,0.107
468,-0.027
469,-0.115
470,-0.042
471,-0.005
472,-0.105
473,-0.078
474,0.103
475,-0.022
476,-0.061
477,-0.107
478,0.022
479,0.017
480,-0.049
481,-0.083
482,0.005
483,0.093
484,-0.012
485,-0.063
486,-0.098
487,0.015
488,0.095
489,0.049
490,0.012
491,-0.059
492,-0.049
493,-0.01
494,-0.007
495,-0.02
496,-0.01
497,-0.029
498,-0.029
499,-0.095
500,-0.161
501,-0.107
502,-0.161
503,-0.095
504,-0.115
505,0.002
506,-0.042
507,-0.076
508,0.032
509,-0.076
510,0.007
511,0.049
512,0.061
513,0.059
514,-0.015
515,-0.01
516,0.007
517,0.0
518,0.066
519,0.071
520,-0.068
521,0.149
522,0.085
523,0.073
524,-0.007
525,-0.042
526,-0.024
527,0.071
528,-0.007
529,-0.054
530,0.085
531,0.122
532,0.073
533,0.01
534,0.051
535,0.081
536,0.022
537,0.164
538,0.085
539,-0.017
540,0.022
541,0.015
542,-0.042
543,-0.017
544,0.024
545,0.002
546,0.054
547,0.054
548,0.022
549,0.012
550,-0.002
551,0.098
552,0.122
553,0.002
554,-0.098
555,-0.024
556,0.063
557,0.037
558,0.081
559,-0.105
560,0.015
561,0.039
562,0.037
563,-0.029
564,-0.049
565,-0.051
566,-0.093
567,-0.11
568,-0.081
569,0.046
570,0.034
571,0.085
572,0.046
573,-0.02
574,-0.051
575,0.098
576,0.095
577,0.01
578,0.056
579,-0.122
580,-0.017
581,0.017
582,-0.027
583,-0.012
584,-0.076
585,-0.017
586,0.024
587,-0.081
588,-0.095
589,-0.061
590,-0.066
591,-0.02
592,0.044
593,-0.103
594,-0.073
595,-0.01
596,0.02
597,0.027
598,0.015
599,-0.098
600,0.061
601,0.034
602,0.027
603,-0.007
604,-0.063
605,0.056
606,-0.09
607,-0.01
608,0.093
609,-0.032
610,0.115
611,0.032
612,0.017
613,0.161
614,0.024
615,0.007
616,0.007
617,0.068
618,0.293
619,0.098
620,0.044
621,0.122
622,0.017
623,0.056
624,-0.022
625,0.078
626,0.078
627,-0.007
628,-0.076
629,0.051
630,-0.029
631,-0.032
632,0.054
633,0.024
634,0.02
635,0.088
636,0.129
637,0.066
638,0.012
639,0.073
640,0.11
641,0.0
642,0.046
643,0.037
644,-0.005
645,-0.027
646,0.01
647,-0.024
648,-0.007
649,0.046
650,0.017
651,-0.063
652,-0.042
653,-0.032
654,-0.012
655,0.007
656,0.071
657,0.054
658,0.046
659,0.01
660,-0.076
661,-0.012
662,0.02
663,-0.044
664,-0.037
665,-0.046
666,-0.1
667,-0.022
668,-0.051
669,-0.061
670,-0.103
671,-0.073
672,0.037
673,-0.039
674,-0.103
675,-0.044
676,-0.01
677,0.022
678,-0.02
679,0.042
680,-0.012
681,-0.02
682,-0.029
683,-0.046
684,0.042
685,0.115
686,-0.039
687,0.044
688,0.017
689,-0.085
690,0.039
691,0.005
692,-0.032
693,0.027
694,0.098
695,0.042
696,0.078
697,-0.066
698,0.024
699,0.044
700,0.076
701,0.046
702,-0.005
703,0.037
704,0.09
705,0.002
706,0.032
707,0.027
708,-0.017
709,0.051
710,0.049
711,-0.017
712,0.056
713,0.005
714,0.024
715,0.083
716,0.088
717,-0.039
718,0.071
719,0.227
720,0.061
721,-0.017
722,-0.027
723,0.061
724,0.071
725,0.007
726,-0.015
727,-0.012
728,-0.02
729,0.034
730,0.032
731,-0.005
732,0.078
733,0.046
734,0.039
735,0.002
736,0.081
737,0.095
738,0.037
739,0.056
740,-0.032
741,-0.027
742,-0.095
743,-0.095
744,-0.056
745,-0.061
746,-0.171
747,-0.1
748,-0.161
749,-0.061
750,-0.056
751,-0.132
752,-0.088
753,-0.151
754,-0.068
755,-0.046
756,0.007
757,-0.09
758,-0.127
759,0.007
760,-0.088
761,-0.076
762,-0.032
763,0.034
764,-0.015
765,0.034
766,-0.032
767,-0.073
768,-0.049
769,-0.051
770,-0.007
771,-0.095
772,0.068
773,-0.002
774,0.002
775,-0.054
776,0.015
777,0.022
778,0.022
779,0.042
780,0.149
781,0.015
782,0.146
783,0.068
784,0.002
785,0.063
786,0.017
787,0.066
788,0.085
789,-0.073
790,0.11
791,0.081
792,0.068
793,0.049
794,0.103
795,0.195
796,0.125
797,0.017
798,0.049
799,0.044
800,0.107
801,0.073
802,-0.066
803,-0.017
804,0.054
805,0.046
806,0.061
807,-0.012
808,-0.076
809,-0.007
810,-0.002
811,0.0
812,-0.105
813,-0.027
814,0.051
815,0.042
816,-0.046
817,-0.01
818,-0.012
819,-0.061
820,-0.02
821,0.115
822,0.051
823,0.005
824,-0.005
825,0.115
826,-0.044
827,-0.081
828,-0.002
829,-0.144
830,-0.122
831,-0.098
832,-0.044
833,-0.107
834,-0.227
835,-0.027
836,-0.122
837,-0.042
838,0.1
839,-0.132
840,-0.215
841,0.105
842,-0.02
843,-0.063
844,-0.193
845,-0.142
846,0.061
847,0.012
848,-0.122
849,-0.046
850,-0.051
851,-0.034
852,-0.049
853,-0.144
854,-0.178
855,0.063
856,0.083
857,-0.154
858,-0.073
859,0.051
860,0.21
861,-0.049
862,-0.142
863,0.11
864,0.146
865,0.005
866,-0.032
867,-0.039
868,0.037
869,-0.034
870,-0.076
871,-0.066
872,-0.11
873,0.12
874,0.056
875,0.051
876,0.068
877,0.051
878,0.171
879,0.117
880,-0.122
881,0.059
882,0.054
883,0.034
884,0.093
885,0.085
886,0.12
887,0.09
888,-0.095
889,-0.061
890,0.098
891,0.042
892,-0.071
893,-0.125
894,-0.017
895,0.01
896,0.046
897,0.063
898,0.01
899,-0.073
900,0.002
901,0.12
902,0.061
903,0.007
904,-0.005
905,0.115
906,0.168
907,-0.083
908,-0.122
909,-0.095
910,0.034
911,0.078
912,-0.022
913,-0.112
914,-0.112
915,-0.115
916,-0.061
917,-0.134
918,-0.205
919,-0.081
920,-0.073
921,0.093
922,-0.042
923,-0.088
924,-0.056
925,-0.081
926,-0.12
927,-0.129
928,-0.068
929,0.154
930,-0.183
931,-0.186
932,-0.051
933,-0.129
934,0.022
935,-0.059
936,-0.142
937,0.0
938,-0.063
939,0.022
940,0.107
941,-0.054
942,0.083
943,0.012
944,-0.017
945,-0.012
946,0.01
947,0.0
948,0.046
949,-0.022
950,0.139
951,0.002
952,-0.056
953,0.081
954,0.078
955,-0.107
956,0.117
957,0.181
958,0.146
959,-0.151
960,-0.029
961,0.061
962,0.095
963,0.061
964,-0.085
965,0.032
966,0.017
967,0.005
968,-0.088
969,0.039
970,0.063
971,0.02
972,-0.017
973,-0.103
974,-0.002
975,0.1
976,0.032
977,0.063
978,0.017
979,0.154
980,-0.007
981,0.01
982,0.056
983,-0.029
984,0.046
985,0.02
986,-0.027
987,0.005
988,0.002
989,-0.073
990,-0.095
991,-0.022
992,-0.061
993,-0.212
994,-0.112
995,0.024
996,0.017
997,-0.056
998,-0.073
999,-0.083
1000,0.11
1001,-0.056
1002,-0.005
1003,0.039
1004,-0.059
1005,-0.078
1006,0.002
1007,-0.093
1008,-0.046
1009,-0.051
1010,-0.044
1011,-0.139
1012,-0.247
1013,-0.161
1014,-0.005
1015,-0.22
1016,-0.098
1017,-0.085
1018,-0.039
1019,-0.054
1020,-0.161
1021,-0.034
1022,0.02
1023,0.054
1024,0.063
1025,0.029
1026,-0.042
1027,0.054
1028,0.034
1029,0.015
1030,-0.037
1031,0.032
1032,-0.054
1033,-0.085
1034,-0.066
1035,-0.127
1036,-0.044
1037,-0.066
1038,-0.12
1039,0.027
1040,0.005
1041,-0.005
1042,0.049
1043,0.042
1044,0.168
1045,0.117
1046,0.12
1047,0.117
1048,0.042
1049,-0.01
1050,-0.005
1051,0.027
1052,-0.032
1053,-0.046
1054,0.0
1055,-0.12
1056,0.024
1057,0.022
1058,-0.029
1059,0.137
1060,0.044
1061,0.032
1062,-0.066
1063,-0.071
1064,0.205
1065,0.039
1066,-0.037
1067,0.146
1068,0.117
1069,0.078
1070,0.051
1071,-0.01
1072,0.103
1073,0.081
1074,0.01
1075,0.034
1076,-0.085
1077,-0.142
1078,-0.054
1079,-0.134
1080,-0.029
1081,-0.037
1082,0.098
1083,0.024
1084,-0.103
1085,-0.046
1086,-0.059
1087,0.017
1088,0.002
1089,-0.088
1090,0.046
1091,-0.017
1092,-0.044
1093,-0.117
1094,-0.176
1095,-0.044
1096,-0.117
1097,-0.229
1098,0.005
1099,-0.005
1100,-0.076
1101,-0.178
1102,-0.068
1103,0.081
1104,-0.049
1105,-0.105
1106,-0.022
1107,-0.081
1108,0.039
1109,-0.034
1110,-0.103
1111,0.068
1112,0.005
1113,-0.002
1114,-0.073
1115,0.037
1116,0.09
1117,0.007
1118,-0.015
1119,0.042
1120,-0.042
1121,0.01
1122,0.034
1123,-0.034
1124,0.117
1125,0.076
1126,0.146
1127,0.044
1128,0.046
1129,0.144
1130,0.093
1131,0.186
1132,0.208
1133,0.027
1134,-0.015
1135,0.002
1136,0.024
1137,0.017
1138,0.046
1139,0.083
1140,0.112
1141,0.051
1142,0.217
1143,0.129
1144,0.059
1145,0.042
1146,-0.032
1147,0.051
1148,0.02
1149,0.149
1150,-0.034
1151,-0.015
1152,0.024
1153,0.095
1154,0.007
1155,-0.027
1156,-0.068
1157,-0.027
1158,0.076
1159,0.159
1160,-0.007
1161,-0.11
1162,0.093
1163,0.115
1164,0.027
1165,-0.017
1166,0.195
1167,0.017
1168,0.02
1169,-0.015
1170,-0.117
1171,-0.056
1172,0.051
1173,-0.061
1174,-0.137
1175,-0.032
1176,-0.088
1177,-0.071
1178,-0.056
1179,-0.112
1180,-0.103
1181,-0.066
1182,0.002
1183,-0.112
1184,-0.151
1185,-0.005
1186,-0.051
1187,-0.034
1188,-0.107
1189,-0.034
1190,0.02
1191,-0.068
1192,-0.059
1193,-0.107
1194,-0.112
1195,0.029
1196,-0.149
1197,-0.088
1198,-0.039
1199,0.002
1200,-0.039
1201,-0.024
1202,0.02
1203,0.032
1204,0.054
1205,-0.01
1206,0.012
1207,0.068
1208,0.054
1209,0.056
1210,0.032
1211,0.012
1212,0.039
1213,-0.042
1214,0.054
1215,0.073
1216,0.037
1217,0.005
1218,-0.029
1219,-0.049
1220,0.024
1221,0.068
1222,0.142
1223,0.11
1224,-0.012
1225,0.156
1226,0.105
1227,0.132
1228,0.068
1229,0.115
1230,0.049
1231,0.027
1232,0.012
1233,-0.066
1234,0.034
1235,-0.01
1236,-0.054
1237,0.02
1238,-0.002
1239,0.071
1240,0.051
1241,0.005
1242,0.046
1243,-0.007
1244,0.071
1245,0.059
1246,0.007
1247,0.027
1248,0.056
1249,0.034
1250,0.032
1251,0.0
1252,0.098
1253,0.002
1254,-0.098
1255,-0.11
1256,-0.1
1257,-0.017
1258,-0.007
1259,-0.056
1260,-0.19
1261,-0.066
1262,0.076
1263,-0.054
1264,-0.007
1265,-0.039
1266,0.0
1267,0.044
1268,-0.027
1269,-0.051
1270,0.117
1271,0.007
1272,0.037
1273,0.059
1274,-0.1
1275,-0.088
1276,-0.112
1277,-0.156
1278,-0.081
1279,-0.139
1280,-0.125
1281,0.002
1282,-0.012
1283,-0.002
1284,-0.027
1285,-0.059
1286,-0.042
1287,-0.061
1288,0.022
1289,-0.02
1290,-0.015
1291,-0.09
1292,-0.017
1293,0.005
1294,0.01
1295,0.005
1296,0.017
1297,0.137
1298,-0.022
1299,0.007
1300,-0.042
1301,-0.073
1302,-0.046
1303,0.007
1304,0.2
1305,0.115
1306,0.012
1307,-0.034
1308,0.078
1309,0.198
1310,0.178
1311,0.068
1312,0.107
1313,0.137
1314,0.049
1315,0.103
1316,-0.012
1317,0.044
1318,0.139
1319,0.073
1320,0.024
1321,-0.015
1322,0.061
1323,-0.071
1324,-0.093
1325,-0.027
1326,-0.02
1327,0.02
1328,0.042
1329,-0.022
1330,0.012
1331,0.027
1332,-0.042
1333,-0.061
1334,-0.029
1335,0.073
1336,0.125
1337,0.002
1338,-0.002
1339,-0.017
1340,0.068
1341,0.0
1342,-0.083
1343,-0.034
1344,0.037
1345,-0.034
1346,0.01
1347,-0.066
1348,-0.061
1349,0.015
1350,0.015
1351,0.01
1352,-0.024
1353,-0.042
1354,0.015
1355,0.066
1356,-0.12
1357,-0.071
1358,-0.034
1359,-0.117
1360,-0.107
1361,-0.137
1362,-0.095
1363,0.029
1364,0.056
1365,-0.134
1366,-0.051
1367,-0.015
1368,0.027
1369,-0.061
1370,-0.032
1371,0.051
1372,0.02
1373,-0.051
1374,-0.088
1375,-0.002
1376,-0.044
1377,-0.037
1378,-0.012
1379,0.002
1380,0.083
1381,0.037
1382,0.151
1383,0.054
1384,0.049
1385,0.015
1386,0.12
1387,0.195
1388,0.076
1389,0.078
1390,0.129
1391,0.19
1392,0.112
1393,0.0
1394,-0.034
1395,0.012
1396,0.046
1397,0.015
1398,-0.066
1399,0.005
1400,0.049
1401,0.005
1402,-0.017
1403,0.005
1404,0.083
1405,0.061
1406,0.066
1407,0.042
1408,0.093
1409,0.134
1410,0.027
1411,0.063
1412,0.1
1413,0.1
1414,0.066
1415,-0.042
1416,0.068
1417,0.005
1418,-0.02
1419,0.005
1420,0.044
1421,0.107
1422,-0.005
1423,0.0
1424,-0.012
1425,0.032
1426,0.007
1427,-0.063
1428,0.061
1429,0.024
1430,-0.027
1431,-0.042
1432,-0.007
1433,-0.022
1434,-0.017
1435,-0.056
1436,-0.039
1437,0.073
1438,-0.059
1439,-0.027
1440,-0.059
1441,-0.144
1442,0.0
1443,0.002
1444,0.002
1445,-0.044
1446,-0.024
1447,-0.007
1448,-0.051
1449,-0.046
1450,0.063
1451,-0.115
1452,-0.002
1453,0.01
1454,-0.032
1455,-0.059
1456,-0.076
1457,0.037
1458,0.02
1459,0.051
1460,-0.022
1461,-0.146
1462,-0.039
1463,0.044
1464,0.112
1465,0.032
1466,-0.051
1467,0.076
1468,-0.063
1469,-0.034
1470,0.024
1471,0.02
1472,0.01
1473,0.098
1474,0.017
1475,-0.039
1476,0.034
1477,0.037
1478,-0.002
1479,-0.005
1480,0.027
1481,0.198
1482,0.073
1483,-0.042
1484,0.063
1485,0.073
1486,0.134
1487,0.093
1488,0.027
1489,0.073
1490,0.085
1491,0.09
1492,0.005
1493,0.056
1494,0.164
1495,0.034
1496,-0.042
1497,0.081
1498,0.051
1499,0.103
1500,0.085
1501,0.01
1502,-0.085
1503,-0.115
1504,0.029
1505,0.081
1506,-0.002
1507,0.068
1508,0.11
1509,-0.02
1510,-0.129
1511,-0.01
1512,-0.061
1513,-0.061
1514,-0.037
1515,0.088
1516,-0.024
1517,-0.042
1518,-0.081
1519,-0.164
1520,-0.083
1521,-0.054
1522,-0.151
1523,-0.151
1524,-0.1
1525,0.042
1526,0.076
1527,-0.115
1528,-0.027
1529,0.022
1530,0.029
1531,-0.068
1532,-0.081
1533,-0.015
1534,-0.02
1535,-0.085
1536,-0.076
1537,-0.085
1538,-0.129
1539,-0.115
1540,-0.142
1541,-0.005
1542,-0.066
1543,-0.11
1544,-0.166
1545,-0.186
1546,-0.059
1547,-0.232
1548,-0.088
1549,0.215
1550,0.117
1551,0.056
1552,-0.127
1553,0.024
1554,0.264
1555,0.149
1556,0.054
1557,-0.132
1558,-0.037
1559,0.044
1560,0.085
1561,0.1
1562,-0.056
1563,0.039
1564,0.039
1565,0.063
1566,0.054
1567,0.005
1568,0.125
1569,0.107
1570,0.005
1571,-0.081
1572,-0.037
1573,0.171
1574,0.073
1575,0.088
1576,0.039
1577,0.029
1578,0.027
1579,-0.049
1580,-0.02
1581,-0.115
1582,-0.027
1583,0.012
1584,-0.012
1585,-0.024
1586,-0.129
1587,0.017
1588,0.151
1589,-0.007
1590,-0.029
1591,0.063
1592,0.146
1593,0.164
1594,-0.015
1595,0.054
1596,-0.007
1597,0.002
1598,0.046
1599,-0.061
1600,-0.002
1601,0.002
1602,-0.046
1603,-0.002
1604,-0.134
1605,0.02
1606,0.093
1607,0.002
1608,-0.232
1609,-0.088
1610,-0.015
1611,-0.002
1612,-0.088
1613,-0.027
1614,0.134
1615,0.115
1616,-0.125
1617,-0.188
1618,-0.09
1619,0.005
1620,-0.125
1621,-0.154
1622,-0.061
1623,-0.032
1624,-0.076
1625,-0.183
1626,-0.129
1627,-0.066
1628,-0.051
1629,0.1
1630,0.02
1631,-0.085
1632,0.078
1633,0.042
1634,0.044
1635,0.015
1636,0.007
1637,0.073
1638,-0.127
1639,-0.12
1640,-0.059
1641,-0.073
1642,-0.032
1643,-0.024
1644,-0.024
1645,-0.054
1646,0.056
1647,0.051
1648,0.007
1649,0.02
1650,-0.073
1651,0.068
1652,0.1
1653,0.142
1654,0.029
1655,0.071
1656,0.1
1657,0.029
1658,0.054
1659,-0.027
1660,0.01
1661,0.078
1662,-0.09
1663,0.022
1664,0.09
1665,-0.068
1666,0.007
1667,0.142
1668,0.051
1669,0.046
1670,0.066
1671,0.103
1672,0.078
1673,-0.002
1674,0.061
1675,0.034
1676,0.051
1677,0.076
1678,0.027
1679,-0.061
1680,-0.061
1681,-0.005
1682,-0.039
1683,-0.071
1684,-0.024
1685,0.037
1686,0.007
1687,-0.042
1688,-0.122
1689,-0.098
1690,0.037
1691,-0.071
1692,-0.022
1693,0.0
1694,-0.034
1695,-0.017
1696,-0.129
1697,-0.061
1698,-0.125
1699,-0.154
1700,-0.105
1701,-0.154
1702,-0.142
1703,-0.151
1704,-0.078
1705,-0.103
1706,-0.103
1707,0.015
1708,-0.012
1709,-0.088
1710,0.002
1711,-0.085
1712,-0.134
1713,-0.029
1714,0.034
1715,0.122
1716,-0.01
1717,-0.132
1718,-0.071
1719,-0.034
1720,-0.103
1721,-0.059
1722,-0.117
1723,-0.063
1724,-0.012
1725,-0.085
1726,-0.054
1727,-0.1
1728,0.002
1729,-0.017
1730,-0.051
1731,0.049
1732,0.066
1733,0.105
1734,0.139
1735,-0.022
1736,0.037
1737,0.149
1738,0.081
1739,0.066
1740,0.022
1741,-0.002
1742,-0.071
1743,-0.117
1744,-0.037
1745,0.037
1746,0.076
1747,0.022
1748,-0.107
1749,0.056
1750,0.02
1751,-0.017
1752,0.046
1753,0.042
1754,0.098
1755,0.11
1756,0.012
1757,0.01
1758,0.146
1759,0.095
1760,-0.034
1761,-0.071
1762,-0.093
1763,0.007
1764,0.051
1765,-0.049
1766,0.032
1767,-0.078
1768,-0.012
1769,-0.024
1770,0.01
1771,-0.02
1772,-0.066
1773,0.034
1774,-0.081
1775,0.012
1776,-0.056
1777,-0.107
1778,-0.02
1779,-0.046
1780,-0.1
1781,0.051
1782,0.071
1783,-0.095
1784,-0.127
1785,-0.071
1786,-0.051
1787,-0.022
1788,-0.093
1789,-0.024
1790,-0.039
1791,-0.095
1792,-0.042
1793,-0.002
1794,0.005
1795,-0.005
1796,0.117
1797,0.032
1798,-0.071
1799,-0.037
1800,-0.017
1801,-0.098
1802,-0.063
1803,-0.12
1804,-0.046
1805,-0.107
1806,-0.076
1807,-0.225
1808,-0.1
1809,0.024
1810,0.066
1811,-0.017
1812,-0.059
1813,-0.007
1814,0.002
1815,0.078
1816,-0.005
1817,0.0
1818,0.073
1819,0.078
1820,0.12
1821,0.037
1822,0.066
1823,-0.044
1824,-0.032
1825,-0.005
1826,0.085
1827,-0.042
1828,-0.164
1829,-0.002
1830,0.066
1831,0.129
1832,0.122
1833,-0.029
1834,-0.032
1835,-0.042
1836,0.044
1837,0.071
1838,0.049
1839,0.115
1840,0.122
1841,0.1
1842,-0.066
1843,-0.049
1844,0.027
1845,-0.078
1846,-0.146
1847,-0.098
1848,-0.042
1849,0.0
1850,-0.051
1851,-0.032
1852,-0.046
1853,-0.051
1854,0.056
1855,0.073
1856,-0.007
1857,0.1
1858,0.037
1859,0.012
1860,0.002
1861,0.002
1862,-0.02
1863,-0.078
1864,-0.076
1865,-0.144
1866,-0.063
1867,-0.11
1868,-0.11
1869,-0.149
1870,-0.068
1871,-0.063
1872,-0.159
1873,-0.037
1874,-0.042
1875,-0.09
1876,-0.098
1877,-0.078
1878,-0.024
1879,-0.032
1880,-0.132
1881,-0.005
1882,0.107
1883,0.039
1884,0.073
1885,-0.046
1886,-0.022
1887,-0.002
1888,-0.024
1889,-0.088
1890,-0.19
1891,-0.051
1892,0.0
1893,0.027
1894,-0.017
1895,-0.005
1896,0.166
1897,-0.039
1898,0.02
1899,0.015
1900,0.142
1901,0.11
1902,0.029
1903,0.015
1904,0.237
1905,0.154
1906,0.051
1907,0.107
1908,0.029
1909,0.054
1910,0.234
1911,0.095
1912,0.029
1913,0.078
1914,0.125
1915,0.027
1916,-0.034
1917,0.083
1918,0.093
1919,0.007
1920,0.085
1921,0.088
1922,0.027
1923,-0.005
1924,0.054
1925,0.078
1926,0.107
1927,0.012
1928,0.09
1929,0.071
1930,0.027
1931,-0.02
1932,0.039
1933,0.024
1934,0.029
1935,0.01
1936,0.054
1937,0.107
1938,-0.063
1939,0.042
1940,0.061
1941,-0.112
1942,0.0
1943,-0.005
1944,0.002
1945,0.034
1946,-0.059
1947,0.002
1948,0.01
1949,-0.029
1950,-0.022
1951,0.063
1952,0.02
1953,-0.005
1954,-0.115
1955,0.015
1956,0.103
1957,0.051
1958,-0.027
1959,-0.049
1960,0.007
1961,0.027
1962,-0.205
1963,-0.132
1964,-0.156
1965,0.063
1966,-0.049
1967,-0.271
1968,-0.132
1969,-0.034
1970,-0.081
1971,-0.115
1972,-0.063
1973,-0.005
1974,0.024
1975,0.002
1976,0.066
1977,0.034
1978,0.01
1979,-0.039
1980,-0.085
1981,0.068
1982,0.093
1983,0.024
1984,-0.068
1985,-0.056
1986,0.129
1987,0.007
1988,0.037
1989,0.042
1990,0.081
1991,0.02
1992,-0.032
1993,0.042
1994,0.095
1995,0.037
1996,0.024
1997,0.132
1998,0.049
1999,0.002
2000,0.127
2001,0.078
2002,0.063
2003,0.017
2004,0.024
2005,0.012
2006,0.063
2007,0.088
2008,0.037
2009,0.103
2010,0.066
2011,0.137
2012,0.107
2013,0.068
2014,0.112
2015,0.078
2016,0.142
2017,0.117
2018,0.095
2019,0.093
2020,0.029
2021,0.081
2022,0.073
2023,-0.037
2024,-0.022
2025,0.007
2026,-0.005
2027,0.085
2028,0.015
2029,0.044
2030,0.022
2031,-0.034
2032,0.134
2033,0.059
2034,-0.012
2035,0.032
2036,-0.068
2037,0.027
2038,0.017
2039,-0.005
2040,0.044
2041,-0.115
2042,-0.107
2043,-0.103
2044,-0.095
2045,-0.088
2046,-0.105
2047,-0.081
2048,-0.168
2049,-0.115
2050,-0.095
2051,-0.107
2052,-0.217
2053,-0.132
2054,-0.046
2055,0.037
2056,-0.02
2057,-0.088
2058,-0.042
2059,-0.073
2060,-0.076
2061,-0.122
2062,-0.01
2063,0.005
2064,-0.042
2065,-0.198
2066,-0.022
2067,0.034
2068,0.022
2069,-0.046
2070,-0.088
2071,-0.073
2072,0.098
2073,0.029
2074,0.073
2075,0.005
2076,-0.024
2077,0.093
2078,0.063
2079,0.039
2080,0.127
2081,0.073
2082,0.088
2083,-0.007
2084,-0.032
2085,-0.002
2086,-0.005
2087,0.012
2088,-0.046
2089,-0.107
2090,-0.024
2091,-0.054
2092,0.01
2093,0.051
2094,-0.085
2095,0.046
2096,0.127
2097,0.044
2098,0.142
2099,0.1
2100,0.139
2101,0.039
2102,-0.027
2103,0.068
2104,0.029
2105,0.081
2106,0.117
2107,0.039
2108,-0.032
2109,-0.051
2110,-0.042
2111,-0.037
2112,-0.103
2113,-0.042
2114,-0.078
2115,-0.144
2116,-0.029
2117,-0.015
2118,-0.027
2119,-0.098
2120,-0.029
2121,0.063
2122,-0.024
2123,-0.044
2124,0.007
2125,0.137
2126,-0.046
2127,0.068
2128,-0.09
2129,-0.022
2130,-0.024
2131,-0.046
2132,-0.076
2133,-0.034
2134,0.032
2135,0.01
2136,-0.095
2137,-0.071
2138,-0.068
2139,-0.076
2140,-0.01
2141,-0.095
2142,-0.027
2143,0.005
2144,-0.056
2145,-0.015
2146,0.029
2147,-0.02
2148,-0.051
2149,-0.039
2150,0.002
2151,-0.046
2152,-0.02
2153,0.037
2154,0.027
2155,-0.085
2156,-0.076
2157,0.032
2158,0.002
2159,0.005
2160,-0.002
2161,0.017
2162,0.032
2163,-0.012
2164,0.066
2165,0.059
2166,0.046
2167,-0.017
2168,0.051
2169,0.049
2170,-0.007
2171,-0.002
2172,-0.046
2173,-0.061
2174,-0.007
2175,0.181
2176,0.044
2177,0.029
2178,0.105
2179,0.11
2180,0.056
2181,0.024
2182,0.081
2183,0.015
2184,0.01
2185,0.081
2186,0.022
2187,-0.02
2188,0.046
2189,0.066
2190,0.068
2191,-0.024
2192,0.0
2193,-0.029
2194,0.039
2195,0.068
2196,0.117
2197,0.073
2198,-0.002
2199,0.063
2200,0.095
2201,0.122
2202,0.239
2203,0.105
2204,0.061
2205,0.103
2206,-0.002
2207,0.024
2208,0.029
2209,0.015
2210,-0.042
2211,-0.049
2212,-0.039
2213,-0.093
2214,-0.09
2215,0.044
2216,-0.051
2217,-0.073
2218,-0.032
2219,0.059
2220,0.049
2221,-0.049
2222,0.068
2223,-0.068
2224,-0.078
2225,-0.081
2226,-0.029
2227,0.002
2228,-0.051
2229,-0.12
2230,-0.183
2231,-0.088
2232,-0.012
2233,-0.098
2234,0.034
2235,-0.012
2236,-0.083
2237,0.046
2238,0.007
2239,0.127
2240,0.024
2241,0.007
2242,0.051
2243,-0.076
2244,-0.032
2245,-0.029
2246,0.02
2247,0.0
2248,0.107
2249,0.132
2250,-0.056
2251,0.081
2252,0.09
2253,0.054
2254,-0.005
2255,0.034
2256,0.0
2257,0.085
2258,0.129
2259,0.005
2260,0.01
2261,0.12
2262,0.112
2263,0.034
2264,0.017
2265,0.078
2266,0.095
2267,0.071
2268,0.005
2269,-0.112
2270,-0.005
2271,0.017
2272,0.027
2273,-0.071
2274,-0.061
2275,0.051
2276,0.002
2277,0.044
2278,0.056
2279,0.0
2280,-0.073
2281,0.02
2282,-0.012
2283,0.027
2284,0.044
2285,-0.039
2286,0.054
2287,0.117
2288,0.073
2289,0.125
2290,0.117
2291,0.039
2292,-0.027
2293,-0.024
2294,0.029
2295,-0.034
2296,-0.005
2297,0.01
2298,-0.017
2299,0.012
2300,0.081
2301,0.042
2302,-0.015
2303,0.034
2304,-0.005
2305,-0.093
2306,-0.046
2307,0.002
2308,0.059
2309,-0.073
2310,-0.085
2311,-0.137
2312,-0.129
2313,-0.107
2314,-0.088
2315,0.024
2316,0.059
2317,0.098
2318,0.107
2319,0.098
2320,0.112
2321,0.01
2322,0.066
2323,0.068
2324,0.11
2325,0.049
2326,0.0
2327,-0.076
2328,0.005
2329,-0.01
2330,0.076
2331,-0.042
2332,-0.02
2333,0.015
2334,-0.02
2335,-0.049
2336,-0.098
2337,-0.081
2338,0.115
2339,-0.046
2340,-0.09
2341,0.015
2342,-0.032
2343,0.061
2344,0.007
2345,0.017
2346,-0.01
2347,-0.066
2348,-0.049
2349,-0.007
2350,-0.081
2351,-0.034
2352,-0.029
2353,-0.061
2354,-0.029
2355,0.056
2356,0.024
2357,0.024
2358,0.034
2359,0.049
2360,0.039
2361,0.078
2362,0.068
2363,0.063
2364,0.098
2365,0.002
2366,-0.044
2367,0.029
2368,-0.039
2369,-0.034
2370,-0.032
2371,-0.044
2372,0.01
2373,-0.09
2374,-0.042
2375,-0.017
2376,-0.083
2377,0.083
2378,-0.039
2379,-0.093
2380,0.02
2381,-0.039
2382,-0.012
2383,-0.059
2384,-0.188
2385,-0.049
2386,0.032
2387,-0.039
2388,-0.166
2389,-0.105
2390,-0.112
2391,-0.015
2392,-0.142
2393,-0.149
2394,-0.078
2395,0.024
2396,-0.107
2397,-0.056
2398,-0.032
2399,-0.068
2400,0.034
2401,0.054
2402,-0.059
2403,-0.088
2404,-0.11
2405,-0.1
2406,-0.076
2407,0.039
2408,0.085
2409,-0.146
2410,-0.056
2411,-0.046
2412,-0.083
2413,0.007
2414,0.049
2415,0.007
2416,-0.039
2417,0.103
2418,-0.078
2419,-0.039
2420,0.078
2421,0.012
2422,0.083
2423,0.056
2424,0.083
2425,0.103
2426,-0.071
2427,-0.083
2428,-0.005
2429,-0.112
2430,-0.037
2431,-0.024
2432,-0.046
2433,-0.02
2434,-0.046
2435,-0.056
2436,-0.122
2437,-0.068
2438,0.022
2439,0.117
2440,-0.02
2441,-0.015
2442,-0.085
2443,0.088
2444,0.051
2445,-0.103
2446,0.0
2447,0.024
2448,0.059
2449,0.117
2450,-0.132
2451,-0.073
2452,0.066
2453,-0.085
2454,-0.127
2455,-0.142
2456,-0.09
2457,-0.059
2458,-0.088
2459,0.049
2460,-0.093
2461,-0.024
2462,-0.076
2463,-0.095
2464,-0.046
2465,0.015
2466,0.068
2467,0.02
2468,-0.088
2469,-0.032
2470,-0.042
2471,-0.188
2472,-0.12
2473,-0.12
2474,-0.061
2475,-0.017
2476,-0.166
2477,-0.034
2478,-0.066
2479,-0.107
2480,-0.044
2481,-0.105
2482,0.01
2483,0.027
2484,-0.042
2485,-0.044
2486,-0.085
2487,-0.02
2488,0.002
2489,-0.039
2490,0.027
2491,-0.068
2492,-0.105
2493,-0.066
2494,-0.166
2495,-0.046
2496,-0.098
2497,-0.054
2498,0.02
2499,0.063
2500,0.0
2501,-0.029
2502,-0.046
2503,-0.034
2504,-0.027
2505,0.022
2506,0.068
2507,-0.046
2508,0.081
2509,-0.015
2510,0.059
2511,0.078
2512,-0.032
2513,-0.073
2514,0.015
2515,-0.078
2516,-0.02
2517,0.015
2518,0.032
2519,0.022
2520,-0.02
2521,0.063
2522,0.022
2523,0.017
2524,0.081
2525,0.015
2526,0.171
2527,0.093
2528,-0.044
2529,-0.037
2530,0.015
2531,0.037
2532,-0.046
2533,-0.044
2534,0.029
2535,-0.095
2536,0.002
2537,0.027
2538,0.012
2539,0.146
2540,0.032
2541,-0.034
2542,0.042
2543,0.022
2544,-0.024
2545,0.034
2546,0.002
2547,0.039
2548,0.098
2549,-0.01
2550,-0.054
2551,0.012
2552,-0.063
2553,-0.051
2554,-0.146
2555,-0.071
2556,-0.044
2557,-0.012
2558,-0.034
2559,-0.044
2560,-0.037
2561,-0.046
2562,-0.076
2563,-0.032
2564,-0.012
2565,-0.024
2566,-0.088
2567,-0.11
2568,-0.032
2569,-0.154
2570,-0.083
2571,-0.083
2572,-0.095
2573,-0.122
2574,-0.002
2575,-0.103
2576,-0.081
2577,0.029
2578,0.005
2579,-0.024
2580,-0.032
2581,-0.017
2582,-0.073
2583,-0.054
2584,0.027
2585,0.022
2586,-0.066
2587,-0.088
2588,0.002
2589,0.051
2590,0.059
2591,0.005
2592,0.107
2593,0.017
2594,-0.073
2595,0.017
2596,-0.061
2597,-0.002
2598,0.012
2599,0.095
2600,0.095
2601,0.056
2602,0.117
2603,0.007
2604,0.024
2605,0.09
2606,0.098
2607,0.051
2608,0.02
2609,0.066
2610,0.068
2611,0.083
2612,0.056
2613,0.032
2614,-0.024
2615,-0.049
2616,-0.024
2617,-0.056
2618,0.059
2619,0.076
2620,0.088
2621,0.083
2622,0.076
2623,0.056
2624,0.12
2625,0.012
2626,0.002
2627,0.017
2628,0.137
2629,0.042
2630,0.01
2631,0.054
2632,-0.046
2633,-0.122
2634,-0.051
2635,-0.029
2636,0.042
2637,-0.012
2638,-0.044
2639,-0.061
2640,-0.054
2641,0.173
2642,0.127
2643,0.02
2644,0.054
2645,-0.015
2646,0.017
2647,-0.01
2648,-0.01
2649,0.049
2650,-0.059
2651,-0.081
2652,-0.105
2653,0.005
2654,-0.037
2655,-0.093
2656,-0.105
2657,-0.046
2658,-0.027
2659,0.007
2660,0.002
2661,-0.039
2662,-0.12
2663,-0.024
2664,-0.083
2665,0.042
2666,0.088
2667,0.081
2668,0.127
2669,-0.024
2670,-0.029
2671,0.1
2672,0.034
2673,0.002
2674,-0.046
2675,-0.115
2676,-0.044
2677,-0.022
2678,-0.076
2679,-0.413
2680,0.032
2681,0.376
2682,0.049
2683,0.024
2684,0.12
2685,0.088
2686,0.071
2687,-0.054
2688,0.117
2689,0.098
2690,-0.01
2691,0.002
2692,0.024
2693,-0.049
2694,-0.02
2695,0.032
2696,0.063
2697,-0.027
2698,-0.017
2699,0.146
2700,0.146
2701,0.029
2702,-0.042
2703,0.107
2704,0.144
2705,0.044
2706,0.098
2707,0.073
2708,0.037
2709,0.164
2710,0.159
2711,0.029
2712,0.024
2713,-0.029
2714,0.044
2715,0.034
2716,-0.129
2717,-0.051
2718,0.059
2719,0.01
2720,-0.056
2721,0.022
2722,0.103
2723,0.186
2724,0.129
2725,-0.01
2726,0.073
2727,-0.002
2728,-0.002
2729,-0.034
2730,0.051
2731,-0.01
2732,0.017
2733,-0.112
2734,-0.078
2735,-0.063
2736,-0.083
2737,-0.095
2738,0.0
2739,-0.098
2740,-0.049
2741,0.186
2742,0.115
2743,0.017
2744,0.005
2745,0.054
2746,-0.103
2747,-0.063
2748,-0.002
2749,-0.02
2750,-0.071
2751,-0.156
2752,-0.054
2753,-0.068
2754,-0.081
2755,-0.12
2756,-0.037
2757,0.012
2758,-0.042
2759,-0.085
2760,0.059
2761,-0.054
2762,0.024
2763,0.073
2764,0.071
2765,0.049
2766,0.066
2767,0.117
2768,0.046
2769,0.051
2770,0.049
2771,0.034
2772,0.049
2773,0.02
2774,0.078
2775,-0.01
2776,0.032
2777,-0.002
2778,0.01
2779,0.022
2780,0.012
2781,-0.039
2782,0.073
2783,0.046
2784,0.032
2785,-0.037
2786,0.015
2787,0.125
2788,0.066
2789,0.029
2790,0.11
2791,0.034
2792,0.029
2793,-0.002
2794,-0.015
2795,0.024
2796,-0.046
2797,-0.002
2798,-0.063
2799,-0.061
2800,-0.066
2801,0.007
2802,0.054
2803,0.0
2804,0.039
2805,0.164
2806,0.149
2807,0.051
2808,0.044
2809,0.061
2810,0.088
2811,0.059
2812,0.024
2813,-0.039
2814,-0.012
2815,0.059
2816,0.039
2817,-0.166
2818,-0.237
2819,0.095
2820,0.007
2821,-0.054
2822,-0.068
2823,-0.142
2824,-0.054
2825,-0.005
2826,-0.032
2827,-0.034
2828,0.059
2829,-0.005
2830,-0.017
2831,0.105
2832,0.046
2833,0.049
2834,-0.144
2835,-0.044
2836,0.032
2837,-0.024
2838,-0.046
2839,-0.027
2840,-0.037
2841,-0.032
2842,-0.042
2843,0.024
2844,0.129
2845,0.002
2846,-0.02
2847,-0.015
2848,0.017
2849,0.11
2850,0.042
2851,0.012
2852,0.083
2853,0.032
2854,0.02
2855,-0.007
2856,0.039
2857,0.049
2858,0.068
2859,0.01
2860,0.042
2861,-0.017
2862,0.073
2863,0.12
2864,-0.076
2865,0.039
2866,0.068
2867,0.017
2868,0.01
2869,0.029
2870,0.042
2871,0.017
2872,-0.012
2873,-0.044
2874,-0.076
2875,-0.024
2876,0.022
2877,0.039
2878,0.083
2879,0.005
2880,0.046
2881,0.024
2882,0.02
2883,0.081
2884,0.027
2885,-0.078
2886,0.059
2887,0.081
2888,0.09
2889,-0.017
2890,-0.112
2891,0.107
2892,-0.022
2893,-0.015
2894,-0.037
2895,-0.066
2896,0.027
2897,-0.098
2898,-0.015
2899,-0.171
2900,-0.022
2901,0.042
2902,-0.027
2903,-0.151
2904,-0.085
2905,0.078
2906,0.039
2907,-0.01
2908,0.0
2909,-0.02
2910,0.044
2911,-0.02
2912,-0.046
2913,-0.144
2914,-0.085
2915,-0.049
2916,-0.056
2917,-0.11
2918,-0.076
2919,-0.02
2920,-0.02
2921,-0.095
2922,0.051
2923,-0.071
2924,-0.01
2925,0.105
2926,0.02
2927,0.032
2928,-0.12
2929,-0.115
2930,0.029
2931,-0.022
2932,0.005
2933,0.061
2934,0.068
2935,-0.027
2936,-0.078
2937,-0.139
2938,-0.037
2939,-0.017
2940,-0.168
2941,-0.034
2942,0.034
2943,-0.039
2944,0.012
2945,0.061
2946,-0.012
2947,-0.071
2948,0.005
2949,0.034
2950,0.088
2951,0.029
2952,-0.039
2953,0.039
2954,0.068
2955,0.056
2956,0.073
2957,-0.198
2958,-0.105
2959,-0.002
2960,0.044
2961,0.015
2962,0.137
2963,0.051
2964,-0.012
2965,0.059
2966,0.002
2967,0.1
2968,0.085
2969,0.066
2970,0.044
2971,0.103
2972,-0.022
2973,-0.1
2974,-0.037
2975,0.027
2976,0.02
2977,-0.049
2978,0.017
2979,-0.044
2980,-0.068
2981,-0.098
2982,0.002
2983,-0.068
2984,-0.09
2985,-0.039
2986,-0.01
2987,0.007
2988,-0.029
2989,-0.068
2990,-0.156
2991,-0.022
2992,-0.115
2993,-0.002
2994,-0.051
2995,-0.083
2996,-0.105
2997,-0.142
2998,-0.161
2999,-0.142
3000,-0.107
3001,-0.181
3002,-0.085
3003,0.034
3004,-0.056
3005,-0.103
3006,-0.063
3007,-0.049
3008,-0.112
3009,-0.078
3010,0.017
3011,-0.032
3012,-0.029
3013,0.0
3014,0.039
3015,0.027
3016,-0.002
3017,-0.073
3018,-0.081
3019,-0.015
3020,0.044
3021,0.02
3022,-0.059
3023,-0.022
3024,-0.068
3025,-0.093
3026,0.093
3027,0.037
3028,-0.049
3029,-0.042
3030,0.046
3031,0.078
3032,-0.022
3033,0.049
3034,0.073
3035,-0.044
3036,-0.054
3037,-0.088
3038,0.015
3039,-0.01
3040,-0.012
3041,-0.039
3042,-0.032
3043,-0.088
3044,-0.076
3045,0.134
3046,0.015
3047,-0.066
3048,0.02
3049,0.068
3050,-0.012
3051,0.059
3052,0.042
3053,0.088
3054,0.068
3055,-0.005
3056,0.061
3057,-0.066
3058,-0.037
3059,0.01
3060,-0.012
3061,0.029
3062,0.059
3063,-0.056
3064,-0.051
3065,-0.125
3066,-0.063
3067,-0.007
3068,0.01
3069,0.085
3070,-0.022
3071,0.0
3072,-0.09
3073,-0.042
3074,0.007
3075,-0.071
3076,-0.024
3077,-0.081
3078,-0.129
3079,-0.122
3080,-0.088
3081,-0.073
3082,0.032
3083,0.012
3084,-0.049
3085,-0.146
3086,-0.037
3087,-0.02
3088,-0.015
3089,-0.129
3090,-0.073
3091,-0.078
3092,0.01
3093,-0.066
3094,-0.088
3095,0.056
3096,0.046
3097,0.024
3098,0.02
3099,-0.093
3100,0.0
3101,-0.056
3102,-0.015
3103,0.039
3104,-0.039
3105,0.02
3106,0.029
3107,-0.024
3108,-0.061
3109,0.078
3110,-0.056
3111,0.017
3112,0.051
3113,0.005
3114,0.005
3115,0.059
3116,0.002
3117,-0.012
3118,0.034
3119,-0.022
3120,-0.017
3121,0.0
3122,0.085
3123,0.012
3124,-0.037
3125,0.015
3126,-0.01
3127,0.029
3128,0.076
3129,0.015
3130,0.054
3131,0.032
3132,0.066
3133,0.188
3134,0.039
3135,0.09
3136,0.161
3137,-0.107
3138,-0.032
3139,-0.034
3140,-0.017
3141,0.0
3142,-0.007
3143,0.081
3144,-0.01
3145,-0.051
3146,-0.024
3147,0.022
3148,-0.071
3149,-0.005
3150,-0.024
3151,-0.037
3152,0.076
3153,0.061
3154,-0.085
3155,0.002
3156,0.034
3157,0.068
3158,0.046
3159,-0.134
3160,-0.051
3161,0.015
3162,-0.027
3163,-0.037
3164,-0.115
3165,0.022
3166,-0.044
3167,-0.115
3168,-0.09
3169,-0.076
3170,0.039
3171,0.037
3172,-0.002
3173,-0.059
3174,-0.024
3175,-0.002
3176,-0.01
3177,-0.073
3178,0.037
3179,0.015
3180,-0.122
3181,-0.039
3182,-0.024
3183,-0.024
3184,0.007
3185,-0.105
3186,-0.076
3187,0.015
3188,-0.059
3189,0.015
3190,0.007
3191,0.044
3192,0.032
3193,-0.039
3194,0.022
3195,0.107
3196,0.088
3197,0.051
3198,-0.022
3199,-0.027
3200,0.112
3201,0.112
3202,0.034
3203,-0.039
3204,-0.056
3205,-0.015
3206,0.049
3207,0.046
3208,0.0
3209,0.061
3210,0.063
3211,0.049
3212,0.042
3213,-0.002
3214,0.034
3215,-0.046
3216,0.051
3217,0.115
3218,-0.007
3219,-0.051
3220,0.0
3221,-0.024
3222,0.017
3223,-0.039
3224,0.049
3225,0.081
3226,-0.037
3227,-0.032
3228,0.1
3229,0.051
3230,-0.061
3231,-0.022
3232,0.063
3233,0.146
3234,-0.017
3235,0.012
3236,0.098
3237,0.056
3238,0.085
3239,-0.066
3240,-0.11
3241,-0.037
3242,-0.042
3243,-0.063
3244,-0.027
3245,0.015
3246,0.042
3247,-0.103
3248,-0.11
3249,-0.027
3250,0.088
3251,0.112
3252,-0.039
3253,0.015
3254,0.039
3255,0.042
3256,-0.095
3257,-0.051
3258,-0.068
3259,-0.034
3260,-0.063
3261,-0.076
3262,-0.054
3263,-0.093
3264,-0.068
3265,-0.098
3266,-0.032
3267,0.051
3268,-0.061
3269,0.005
3270,-0.012
3271,-0.068
3272,-0.139
3273,-0.115
3274,-0.049
3275,0.054
3276,0.032
3277,0.027
3278,-0.022
3279,-0.002
3280,0.083
3281,-0.134
3282,-0.137
3283,0.117
3284,-0.073
3285,-0.071
3286,-0.046
3287,0.012
3288,0.19
3289,0.166
3290,-0.029
3291,0.061
3292,0.029
3293,0.183
3294,0.1
3295,-0.039
3296,0.186
3297,0.132
3298,0.044
3299,-0.02
3300,0.068
3301,0.007
3302,-0.027
3303,-0.039
3304,-0.042
3305,-0.042
3306,-0.01
3307,0.071
3308,0.032
3309,-0.107
3310,0.088
3311,-0.005
3312,0.024
3313,0.015
3314,-0.007
3315,0.093
3316,0.012
3317,0.039
3318,-0.046
3319,0.007
3320,0.066
3321,0.046
3322,-0.012
3323,-0.034
3324,-0.049
3325,-0.017
3326,-0.1
3327,0.044
3328,-0.063
3329,-0.068
3330,0.042
3331,-0.044
3332,-0.095
3333,-0.005
3334,0.01
3335,0.02
3336,-0.044
3337,-0.032
3338,0.007
3339,-0.034
3340,-0.027
3341,-0.095
3342,-0.044
3343,-0.029
3344,-0.039
3345,0.044
3346,-0.046
3347,-0.044
3348,-0.042
3349,-0.024
3350,0.022
3351,-0.005
3352,-0.007
3353,0.022
3354,-0.01
3355,0.034
3356,-0.005
3357,-0.022
3358,0.056
3359,-0.034
3360,-0.151
3361,0.022
3362,-0.024
3363,-0.024
3364,0.022
3365,0.093
3366,0.046
3367,-0.049
3368,-0.046
3369,0.117
3370,0.09
3371,-0.037
3372,0.002
3373,0.061
3374,0.061
3375,0.0
3376,-0.076
3377,-0.012
3378,-0.017
3379,0.083
3380,-0.054
3381,0.044
3382,0.063
3383,-0.132
3384,0.0
3385,0.046
3386,-0.007
3387,0.088
3388,0.051
3389,0.088
3390,0.063
3391,0.068
3392,0.181
3393,0.093
3394,0.063
3395,0.002
3396,0.037
3397,0.056
3398,-0.024
3399,0.007
3400,0.022
3401,0.098
3402,0.049
3403,0.042
3404,0.015
3405,-0.183
3406,-0.12
3407,0.039
3408,0.002
3409,-0.129
3410,0.007
3411,0.044
3412,-0.083
3413,-0.056
3414,-0.012
3415,0.095
3416,0.095
3417,0.024
3418,0.012
3419,0.061
3420,-0.056
3421,0.005
3422,-0.054
3423,-0.039
3424,-0.071
3425,-0.088
3426,0.066
3427,-0.056
3428,-0.149
3429,-0.017
3430,0.002
3431,0.059
3432,-0.005
3433,-0.007
3434,0.1
3435,0.037
3436,-0.039
3437,0.049
3438,0.027
3439,0.063
3440,0.015
3441,-0.051
3442,-0.12
3443,-0.127
3444,-0.037
3445,0.024
3446,-0.056
3447,0.024
3448,0.176
3449,0.093
3450,0.017
3451,-0.037
3452,0.107
3453,0.044
3454,-0.063
3455,-0.085
3456,0.1
3457,0.208
3458,0.125
3459,0.01
3460,-0.024
3461,-0.054
3462,-0.044
3463,-0.1
3464,0.002
3465,-0.044
3466,-0.056
3467,-0.01
3468,-0.051
3469,-0.032
3470,-0.051
3471,0.093
3472,0.093
3473,0.034
3474,0.066
3475,0.068
3476,0.105
3477,0.066
3478,0.037
3479,0.161
3480,0.083
3481,0.066
3482,0.137
3483,-0.063
3484,-0.02
3485,-0.02
3486,-0.007
3487,-0.083
3488,-0.005
3489,0.024
3490,0.007
3491,0.042
3492,0.022
3493,0.042
3494,0.01
3495,0.068
3496,0.037
3497,0.037
3498,0.044
3499,-0.034
3500,0.039
3501,0.01
3502,0.024
3503,0.039
3504,-0.027
3505,-0.054
3506,-0.078
3507,-0.093
3508,0.032
3509,-0.085
3510,-0.117
3511,-0.181
3512,-0.127
3513,0.051
3514,-0.066
3515,-0.115
3516,-0.098
3517,-0.061
3518,-0.024
3519,-0.085
3520,-0.112
3521,-0.02
3522,0.002
3523,-0.027
3524,-0.042
3525,0.005
3526,0.034
3527,-0.068
3528,0.005
3529,0.039
3530,0.029
3531,0.0
3532,-0.059
3533,0.0
3534,-0.005
3535,-0.059
3536,0.044
3537,0.073
3538,0.098
3539,0.015
3540,0.1
3541,0.073
3542,0.078
3543,0.051
3544,-0.024
3545,-0.027
3546,0.017
3547,0.044
3548,0.02
3549,-0.01
3550,-0.044
3551,0.01
3552,0.034
3553,0.054
3554,0.054
3555,0.088
3556,0.046
3557,0.022
3558,0.024
3559,0.066
3560,0.063
3561,-0.015
3562,0.02
3563,0.054
3564,0.059
3565,0.051
3566,-0.017
3567,-0.125
3568,-0.098
3569,-0.01
3570,0.022
3571,0.012
3572,-0.085
3573,0.032
3574,0.139
3575,0.129
3576,0.007
3577,0.02
3578,0.139
3579,0.012
3580,-0.022
3581,0.037
3582,0.095
3583,0.034
3584,-0.02
3585,-0.073
3586,-0.007
3587,0.002
3588,0.005
3589,-0.139
3590,-0.151
3591,-0.054
3592,0.002
3593,-0.032
3594,-0.056
3595,-0.066
3596,-0.088
3597,-0.007
3598,-0.081
3599,-0.107
3600,0.063
3601,0.085
3602,-0.007
3603,-0.015
3604,-0.112
3605,-0.181
3606,-0.068
3607,-0.09
3608,-0.051
3609,-0.112
3610,-0.083
3611,0.002
3612,-0.012
3613,-0.049
3614,-0.105
3615,0.037
3616,0.039
3617,0.059
3618,0.02
3619,-0.059
3620,0.02
3621,-0.02
3622,0.076
3623,-0.046
3624,0.022
3625,0.046
3626,-0.007
3627,-0.042
3628,0.034
3629,-0.007
3630,-0.051
3631,-0.027
3632,0.007
3633,-0.088
3634,-0.015
3635,-0.002
3636,0.037
3637,0.142
3638,0.005
3639,-0.017
3640,0.103
3641,0.088
3642,0.103
3643,0.076
3644,-0.005
3645,0.02
3646,0.059
3647,0.022
3648,0.076
3649,-0.112
3650,-0.051
3651,0.005
3652,-0.017
3653,0.139
3654,0.037
3655,0.127
3656,0.076
3657,0.0
3658,0.122
3659,0.105
3660,0.076
3661,0.049
3662,-0.032
3663,-0.022
3664,0.054
3665,0.139
3666,0.042
3667,-0.144
3668,-0.076
3669,-0.12
3670,0.037
3671,-0.112
3672,-0.105
3673,-0.022
3674,-0.017
3675,-0.063
3676,-0.09
3677,-0.044
3678,-0.073
3679,0.046
3680,0.056
3681,-0.022
3682,-0.09
3683,-0.046
3684,-0.01
3685,-0.093
3686,-0.149
3687,-0.029
3688,-0.11
3689,-0.146
3690,-0.093
3691,-0.12
3692,-0.115
3693,-0.117
3694,-0.12
3695,-0.054
3696,-0.095
3697,-0.073
3698,-0.063
3699,-0.027
3700,0.049
3701,0.029
3702,-0.054
3703,0.073
3704,0.007
3705,-0.078
3706,-0.01
3707,0.044
3708,0.015
3709,0.022
3710,-0.01
3711,0.012
3712,-0.044
3713,-0.02
3714,0.007
3715,-0.063
3716,-0.037
3717,-0.029
3718,0.0
3719,-0.007
3720,0.044
3721,0.056
3722,0.039
3723,0.105
3724,0.139
3725,0.049
3726,0.037
3727,0.173
3728,0.042
3729,-0.024
3730,0.005
3731,-0.034
3732,0.083
3733,0.024
3734,-0.09
3735,0.029
3736,-0.017
3737,0.015
3738,-0.027
3739,0.027
3740,0.037
3741,-0.037
3742,0.037
3743,0.051
3744,0.103
3745,0.156
3746,0.076
3747,-0.01
3748,-0.046
3749,0.012
3750,0.034
3751,0.061
3752,0.0
3753,-0.012
3754,-0.083
3755,0.093
3756,0.071
3757,0.01
3758,0.022
3759,-0.01
3760,0.059
3761,0.027
3762,0.076
3763,0.037
3764,0.076
3765,0.027
3766,-0.095
3767,-0.107
3768,-0.042
3769,-0.029
3770,-0.144
3771,-0.132
3772,-0.083
3773,-0.129
3774,-0.129
3775,-0.032
3776,-0.081
3777,-0.034
3778,-0.078
3779,-0.11
3780,0.02
3781,0.005
3782,-0.056
3783,-0.027
3784,0.012
3785,0.029
3786,-0.076
3787,-0.098
3788,-0.093
3789,-0.098
3790,-0.095
3791,-0.049
3792,-0.103
3793,-0.129
3794,-0.117
3795,-0.081
3796,-0.049
3797,-0.09
3798,0.042
3799,0.029
3800,0.068
3801,0.02
3802,0.005
3803,0.017
3804,-0.02
3805,0.059
3806,0.02
3807,0.068
3808,0.024
3809,0.024
3810,0.051
3811,0.012
3812,-0.056
3813,0.042
3814,-0.007
3815,-0.154
3816,-0.063
3817,0.037
3818,-0.005
3819,-0.042
3820,0.034
3821,0.095
3822,0.042
3823,0.024
3824,0.0
3825,0.049
3826,0.071
3827,0.139
3828,0.002
3829,-0.032
3830,0.029
3831,-0.032
3832,-0.01
3833,-0.095
3834,-0.083
3835,-0.015
3836,-0.061
3837,-0.085
3838,-0.125
3839,-0.056
3840,0.12
3841,0.034
3842,0.039
3843,0.125
3844,-0.024
3845,0.085
3846,0.037
3847,0.046
3848,0.088
3849,-0.056
3850,-0.068
3851,-0.005
3852,0.01
3853,-0.039
3854,-0.032
3855,-0.188
3856,-0.063
3857,-0.037
3858,-0.012
3859,-0.032
3860,-0.144
3861,0.068
3862,0.103
3863,0.005
3864,-0.042
3865,-0.095
3866,-0.007
3867,-0.022
3868,0.005
3869,0.066
3870,-0.007
3871,0.034
3872,-0.115
3873,0.002
3874,0.002
3875,0.007
3876,0.034
3877,-0.059
3878,-0.105
3879,0.002
3880,0.01
3881,0.051
3882,-0.073
3883,0.02
3884,0.129
3885,0.005
3886,0.024
3887,-0.027
3888,0.078
3889,0.071
3890,0.125
3891,0.007
3892,-0.085
3893,-0.125
3894,0.063
3895,0.127
3896,0.105
3897,-0.046
3898,0.085
3899,0.044
3900,-0.017
3901,0.012
3902,0.027
3903,0.188
3904,0.095
3905,-0.005
3906,-0.039
3907,-0.034
3908,0.159
3909,0.042
3910,-0.02
3911,0.078
3912,0.088
3913,-0.034
3914,0.007
3915,0.117
3916,-0.012
3917,-0.029
3918,-0.037
3919,0.012
3920,-0.063
3921,0.0
3922,0.125
3923,-0.037
3924,0.02
3925,0.112
3926,0.049
3927,0.051
3928,-0.017
3929,-0.02
3930,-0.073
3931,-0.037
3932,-0.068
3933,0.005
3934,0.02
3935,0.015
3936,-0.137
3937,-0.095
3938,-0.063
3939,-0.044
3940,-0.022
3941,-0.037
3942,-0.063
3943,0.01
3944,0.037
3945,0.007
3946,-0.081
3947,-0.051
3948,-0.012
3949,-0.083
3950,-0.039
3951,0.095
3952,0.083
3953,-0.037
3954,-0.032
3955,0.007
3956,0.054
3957,0.039
3958,-0.093
3959,0.022
3960,0.02
3961,-0.042
3962,-0.042
3963,0.044
3964,-0.02
3965,0.027
3966,0.059
3967,-0.022
3968,0.002
3969,-0.081
3970,-0.027
3971,-0.076
3972,-0.002
3973,0.0
3974,0.002
3975,-0.056
3976,-0.002
3977,-0.017
3978,-0.02
3979,0.027
3980,-0.02
3981,-0.095
3982,0.051
3983,0.054
3984,0.039
3985,0.081
3986,0.117
3987,0.107
3988,-0.007
3989,0.154
3990,0.061
3991,-0.022
3992,0.212
3993,0.005
3994,0.054
3995,0.032
3996,0.007
3997,-0.017
3998,-0.027
3999,0.042
4000,-0.046
4001,0.01
4002,0.012
4003,0.037
4004,0.027
4005,-0.068
4006,0.002
4007,-0.129
4008,-0.078
4009,-0.032
4010,-0.063
4011,-0.022
4012,-0.073
4013,-0.042
4014,-0.066
4015,0.017
4016,0.015
4017,-0.081
4018,-0.054
4019,-0.051
4020,0.029
4021,0.027
4022,-0.076
4023,-0.012
4024,-0.02
4025,0.073
4026,-0.034
4027,0.032
4028,0.017
4029,0.0
4030,-0.037
4031,-0.088
4032,-0.063
4033,-0.044
4034,-0.112
4035,-0.139
4036,-0.139
4037,-0.164
4038,-0.061
4039,-0.039
4040,-0.12
4041,-0.161
4042,-0.166
4043,0.063
4044,0.051
4045,-0.017
4046,-0.093
4047,0.051
4048,0.156
4049,-0.032
4050,0.015
4051,0.049
4052,0.156
4053,0.198
4054,0.037
4055,0.034
4056,-0.039
4057,0.071
4058,0.007
4059,0.0
4060,0.161
4061,0.059
4062,-0.024
4063,-0.005
4064,0.015
4065,0.1
4066,0.073
4067,0.132
4068,0.12
4069,0.117
4070,0.115
4071,-0.115
4072,-0.117
4073,0.081
4074,-0.081
4075,-0.085
4076,-0.044
4077,-0.085
4078,0.005
4079,-0.098
4080,-0.134
4081,0.034
4082,-0.073
4083,-0.071
4084,-0.081
4085,-0.063
4086,-0.049
4087,0.024
4088,-0.066
4089,0.078
4090,0.017
4091,-0.01
4092,0.042
4093,-0.068
4094,0.005
4095,0.049
4096,0.103
4097,0.068
4098,0.073
4099,-0.037
4100,-0.017
4101,-0.015
4102,0.007
4103,-0.076
4104,-0.142
4105,-0.063
4106,-0.061
4107,-0.105
4108,-0.029
4109,-0.007
4110,-0.037
4111,0.002
4112,-0.112
4113,-0.149
4114,-0.125
4115,-0.068
4116,-0.1
4117,-0.098
4118,-0.039
4119,-0.02
4120,0.002
4121,-0.034
4122,-0.039
4123,-0.09
4124,-0.068
4125,0.029
4126,0.032
4127,0.11
4128,0.042
4129,0.095
4130,0.144
4131,0.049
4132,0.034
4133,0.015
4134,0.042
4135,0.134
4136,-0.024
4137,-0.066
4138,0.002
4139,-0.059
4140,-0.076
4141,0.029
4142,0.127
4143,0.134
4144,-0.039
4145,-0.071
4146,-0.032
4147,0.01
4148,0.171
4149,0.176
4150,0.049
4151,0.078
4152,0.085
4153,0.107
4154,0.02
4155,0.002
4156,0.076
4157,-0.071
4158,-0.007
4159,0.103
4160,0.09
4161,-0.022
4162,-0.024
4163,0.032
4164,-0.027
4165,0.037
4166,0.034
4167,0.063
4168,0.12
4169,0.122
4170,0.071
4171,0.034
4172,-0.024
4173,0.076
4174,0.076
4175,-0.012
4176,0.037
4177,0.037
4178,0.193
4179,-0.037
4180,-0.098
4181,0.081
4182,0.022
4183,-0.083
4184,-0.076
4185,-0.027
4186,0.049
4187,-0.022
4188,-0.012
4189,-0.037
4190,-0.049
4191,0.088
4192,0.129
4193,-0.032
4194,0.056
4195,0.037
4196,0.01
4197,-0.115
4198,-0.027
4199,-0.007
4200,-0.046
4201,-0.02
4202,-0.032
4203,-0.112
4204,-0.027
4205,0.051
4206,0.0
4207,-0.039
4208,-0.085
4209,0.161
4210,0.012
4211,0.005
4212,0.156
4213,0.007
4214,0.061
4215,0.015
4216,-0.051
4217,-0.042
4218,-0.005
4219,0.007
4220,-0.049
4221,-0.125
4222,-0.056
4223,0.154
4224,0.024
4225,-0.144
4226,0.059
4227,0.073
4228,0.103
4229,0.015
4230,0.024
4231,0.061
4232,0.166
4233,0.039
4234,0.056
4235,-0.005
4236,0.12
4237,0.037
4238,0.039
4239,-0.027
4240,-0.022
4241,0.061
4242,0.071
4243,0.085
4244,0.02
4245,-0.005
4246,0.107
4247,0.229
4248,0.071
4249,0.049
4250,0.198
4251,0.098
4252,0.066
4253,0.056
4254,0.015
4255,0.054
4256,0.049
4257,-0.012
4258,0.002
4259,0.015
4260,0.017
4261,-0.046
4262,-0.071
4263,-0.01
4264,-0.09
4265,0.02
4266,0.063
4267,0.061
4268,-0.007
4269,0.027
4270,-0.066
4271,-0.042
4272,0.051
4273,0.007
4274,0.024
4275,0.005
4276,0.032
4277,0.085
4278,0.005
4279,-0.046
4280,-0.061
4281,0.0
4282,-0.076
4283,-0.02
4284,-0.005
4285,0.0
4286,0.049
4287,0.02
4288,-0.076
4289,-0.063
4290,-0.054
4291,-0.093
4292,-0.024
4293,-0.078
4294,-0.115
4295,-0.09
4296,0.02
4297,0.005
4298,-0.012
4299,-0.107
4300,-0.146
4301,-0.056
4302,-0.093
4303,-0.054
4304,-0.02
4305,-0.005
4306,0.039
4307,0.046
4308,-0.005
4309,-0.037
4310,0.083
4311,0.046
4312,0.063
4313,0.01
4314,0.132
4315,-0.012
4316,-0.022
4317,0.044
4318,-0.081
4319,0.01
4320,0.042
4321,0.073
4322,-0.032
4323,-0.032
4324,0.01
4325,0.046
4326,0.029
4327,0.022
4328,0.027
4329,0.059
4330,0.039
4331,0.034
4332,0.061
4333,0.034
4334,0.081
4335,-0.005
4336,-0.034
4337,0.071
4338,0.105
4339,0.015
4340,-0.007
4341,0.0
4342,0.02
4343,0.12
4344,-0.022
4345,-0.049
4346,-0.015
4347,0.098
4348,0.083
4349,-0.029
4350,-0.012
4351,-0.049
4352,-0.007
4353,-0.054
4354,-0.015
4355,-0.093
4356,-0.103
4357,-0.012
4358,0.027
4359,0.103
4360,0.037
4361,-0.203
4362,-0.095
4363,0.005
4364,-0.02
4365,-0.032
4366,-0.1
4367,0.063
4368,-0.044
4369,-0.139
4370,0.039
4371,-0.042
4372,-0.007
4373,-0.076
4374,-0.085
4375,-0.054
4376,0.015
4377,-0.125
4378,-0.054
4379,-0.098
4380,-0.051
4381,0.007
4382,-0.12
4383,-0.012
4384,0.034
4385,0.002
4386,0.0
4387,-0.037
4388,-0.01
4389,0.005
4390,-0.027
4391,-0.027
4392,0.056
4393,0.005
4394,0.002
4395,-0.029
4396,0.012
4397,-0.068
4398,-0.015
4399,-0.103
4400,-0.132
4401,-0.017
4402,0.0
4403,-0.115
4404,-0.142
4405,-0.098
4406,0.042
4407,-0.032
4408,-0.164
4409,-0.168
4410,0.002
4411,-0.029
4412,-0.044
4413,-0.056
4414,0.068
4415,0.022
4416,-0.012
4417,0.02
4418,-0.078
4419,0.005
4420,0.037
4421,-0.005
4422,-0.024
4423,-0.085
4424,-0.015
4425,0.061
4426,-0.056
4427,-0.034
4428,0.007
4429,0.056
4430,0.188
4431,0.042
4432,-0.034
4433,0.044
4434,0.132
4435,0.046
4436,0.1
4437,0.112
4438,0.012
4439,-0.037
4440,-0.054
4441,-0.01
4442,0.039
4443,-0.059
4444,-0.063
4445,-0.081
4446,-0.073
4447,0.054
4448,-0.034
4449,-0.115
4450,-0.122
4451,-0.007
4452,0.051
4453,-0.017
4454,0.032
4455,0.051
4456,-0.012
4457,-0.122
4458,-0.017
4459,-0.054
4460,-0.078
4461,-0.12
4462,-0.144
4463,-0.063
4464,-0.071
4465,-0.063
4466,-0.063
4467,-0.029
4468,-0.024
4469,0.081
4470,0.015
4471,-0.115
4472,0.046
4473,0.044
4474,0.022
4475,-0.01
4476,-0.027
4477,0.037
4478,-0.098
4479,-0.051
4480,-0.046
4481,-0.105
4482,-0.081
4483,0.024
4484,-0.044
4485,-0.105
4486,-0.017
4487,-0.063
4488,-0.105
4489,-0.012
4490,-0.042
4491,0.024
4492,0.005
4493,-0.112
4494,0.146
4495,0.085
4496,0.115
4497,-0.012
4498,0.034
4499,0.029
4500,0.034
4501,0.1
4502,0.1
4503,0.015
4504,-0.083
4505,-0.032
4506,0.083
4507,0.098
4508,-0.042
4509,0.0
4510,0.051
4511,0.12
4512,0.173
4513,0.046
4514,0.005
4515,0.117
4516,0.024
4517,0.051
4518,0.022
4519,0.029
4520,0.063
4521,-0.059
4522,-0.122
4523,-0.11
4524,-0.002
4525,0.017
4526,-0.144
4527,-0.098
4528,-0.044
4529,0.146
4530,-0.056
4531,-0.088
4532,-0.034
4533,-0.037
4534,0.078
4535,0.024
4536,-0.029
4537,-0.002
4538,0.066
4539,0.046
4540,0.034
4541,-0.063
4542,-0.046
4543,-0.061
4544,-0.037
4545,-0.044
4546,-0.015
4547,-0.115
4548,-0.076
4549,0.049
4550,0.01
4551,-0.061
4552,-0.027
4553,0.051
4554,0.0
4555,0.081
4556,-0.012
4557,-0.022
4558,0.051
4559,-0.02
4560,-0.032
4561,-0.037
4562,-0.012
4563,-0.117
4564,-0.103
4565,-0.071
4566,-0.115
4567,0.044
4568,-0.012
4569,-0.1
4570,-0.024
4571,-0.054
4572,0.017
4573,0.083
4574,-0.059
4575,-0.139
4576,0.107
4577,0.039
4578,0.078
4579,-0.005
4580,-0.022
4581,0.02
4582,-0.056
4583,0.012
4584,-0.046
4585,-0.022
4586,0.051
4587,0.107
4588,0.039
4589,0.068
4590,0.146
4591,0.11
4592,-0.015
4593,-0.054
4594,-0.012
4595,0.093
4596,0.056
4597,0.051
4598,0.068
4599,0.103
4600,0.022
4601,0.044
4602,0.032
4603,0.034
4604,0.098
4605,0.046
4606,-0.181
4607,-0.017
4608,0.01
4609,0.015
4610,0.037
4611,-0.076
4612,-0.007
4613,0.017
4614,0.085
4615,0.088
4616,-0.068
4617,0.054
4618,0.054
4619,-0.037
4620,-0.015
4621,0.002
4622,-0.054
4623,-0.049
4624,-0.063
4625,-0.022
4626,-0.046
4627,-0.073
4628,-0.117
4629,-0.02
4630,-0.073
4631,0.093
4632,-0.1
4633,-0.078
4634,0.083
4635,0.037
4636,0.09
4637,-0.022
4638,-0.002
4639,0.056
4640,-0.01
4641,0.02
4642,-0.115
4643,-0.112
4644,-0.029
4645,-0.139
4646,-0.139
4647,-0.132
4648,-0.11
4649,-0.083
4650,-0.103
4651,-0.168
4652,-0.085
4653,-0.066
4654,0.037
4655,0.007
4656,0.071
4657,0.103
4658,0.056
4659,0.056
4660,0.029
4661,0.034
4662,0.007
4663,0.09
4664,-0.002
4665,-0.059
4666,-0.071
4667,0.068
4668,-0.01
4669,-0.076
4670,-0.037
4671,-0.022
4672,0.034
4673,0.039
4674,-0.049
4675,0.01
4676,0.066
4677,0.02
4678,0.093
4679,0.085
4680,0.142
4681,0.117
4682,0.02
4683,0.027
4684,-0.02
4685,0.024
4686,0.076
4687,-0.032
4688,-0.042
4689,-0.11
4690,-0.054
4691,-0.112
4692,-0.12
4693,-0.002
4694,-0.037
4695,0.01
4696,-0.032
4697,-0.012
4698,0.044
4699,-0.037
4700,0.012
4701,0.039
4702,0.078
4703,0.059
4704,0.073
4705,0.078
4706,0.073
4707,0.176
4708,0.066
4709,-0.117
4710,-0.022
4711,0.037
4712,-0.032
4713,0.061
4714,0.117
4715,0.029
4716,0.1
4717,0.085
4718,-0.063
4719,0.105
4720,0.071
4721,0.066
4722,0.046
4723,-0.027
4724,-0.022
4725,0.112
4726,-0.051
4727,0.01
4728,-0.083
4729,-0.081
4730,-0.02
4731,0.059
4732,0.027
4733,0.059
4734,-0.012
4735,0.032
4736,0.051
4737,-0.01
4738,0.068
4739,0.034
4740,-0.015
4741,0.042
4742,-0.024
4743,0.007
4744,0.029
4745,-0.046
4746,-0.022
4747,-0.027
4748,-0.015
4749,-0.032
4750,0.034
4751,0.005
4752,0.005
4753,0.095
4754,0.217
4755,0.117
4756,0.049
4757,0.02
4758,0.022
4759,0.022
4760,-0.017
4761,-0.042
4762,0.02
4763,-0.127
4764,-0.037
4765,-0.002
4766,0.012
4767,0.005
4768,-0.056
4769,0.046
4770,0.12
4771,0.007
4772,-0.002
4773,0.032
4774,0.071
4775,0.112
4776,0.156
4777,0.081
4778,0.173
4779,0.146
4780,-0.024
4781,0.044
4782,-0.073
4783,-0.029
4784,0.02
4785,-0.081
4786,-0.007
4787,-0.056
4788,-0.017
4789,-0.032
4790,-0.095
4791,0.051
4792,-0.017
4793,-0.061
4794,-0.078
4795,-0.061
4796,0.054
4797,0.081
4798,-0.012
4799,0.024
4800,-0.046
4801,0.034
4802,-0.01
4803,0.015
4804,0.129
4805,0.0
4806,-0.056
4807,-0.134
4808,-0.139
4809,-0.022
4810,0.164
4811,-0.02
4812,-0.154
4813,0.005
4814,0.0
4815,0.125
4816,0.029
4817,-0.046
4818,-0.063
4819,0.125
4820,0.027
4821,-0.051
4822,-0.01
4823,0.088
4824,-0.093
4825,-0.066
4826,-0.01
4827,-0.02
4828,0.037
4829,0.046
4830,0.002
4831,-0.042
4832,0.073
4833,0.132
4834,0.005
4835,0.164
4836,0.093
4837,0.122
4838,0.117
4839,0.029
4840,-0.012
4841,0.002
4842,-0.002
4843,-0.066
4844,0.007
4845,-0.068
4846,-0.042
4847,-0.056
4848,-0.059
4849,0.007
4850,0.066
4851,-0.054
4852,-0.027
4853,0.085
4854,0.112
4855,0.12
4856,0.007
4857,-0.044
4858,0.032
4859,0.044
4860,-0.059
4861,-0.073
4862,-0.154
4863,0.015
4864,-0.076
4865,-0.176
4866,-0.134
4867,-0.19
4868,-0.1
4869,-0.068
4870,-0.037
4871,-0.142
4872,-0.063
4873,0.034
4874,0.032
4875,0.063
4876,-0.054
4877,0.125
4878,0.054
4879,-0.034
4880,0.19
4881,0.11
4882,0.002
4883,0.0
4884,-0.039
4885,-0.054
4886,-0.059
4887,-0.117
4888,-0.039
4889,-0.146
4890,-0.068
4891,-0.063
4892,-0.049
4893,-0.027
4894,-0.056
4895,-0.042
4896,0.056
4897,0.063
4898,-0.002
4899,-0.024
4900,-0.032
4901,-0.061
4902,0.054
4903,-0.044
4904,-0.066
4905,-0.093
4906,-0.042
4907,0.034
4908,0.081
4909,-0.117
4910,-0.183
4911,-0.127
4912,-0.054
4913,-0.107
4914,0.012
4915,0.09
4916,0.042
4917,-0.063
4918,0.081
4919,0.19
4920,-0.042
4921,-0.029
4922,0.059
4923,-0.002
4924,0.0
4925,-0.022
4926,0.049
4927,0.071
4928,0.002
4929,-0.005
4930,0.02
4931,-0.005
4932,0.032
4933,0.02
4934,-0.002
4935,-0.017
4936,0.034
4937,0.027
4938,-0.012
4939,0.071
4940,0.12
4941,0.034
4942,0.044
4943,-0.029
4944,0.112
4945,0.061
4946,-0.01
4947,0.073
4948,-0.015
4949,-0.051
4950,0.129
4951,0.076
4952,-0.005
4953,-0.059
4954,0.042
4955,0.107
4956,-0.137
4957,0.027
4958,-0.039
4959,-0.034
4960,-0.093
4961,-0.137
4962,-0.061
4963,-0.042
4964,0.054
4965,-0.046
4966,-0.049
4967,0.1
4968,-0.059
4969,-0.034
4970,0.022
4971,-0.015
4972,-0.029
4973,-0.042
4974,0.002
4975,-0.056
4976,-0.071
4977,-0.063
4978,-0.017
4979,0.007
4980,-0.039
4981,0.061
4982,-0.002
4983,-0.027
4984,0.039
4985,-0.071
4986,0.007
4987,-0.017
4988,-0.022
4989,0.049
4990,-0.066
4991,0.022
4992,0.037
4993,-0.09
4994,0.071
4995,-0.085
4996,-0.085
4997,-0.01
4998,-0.032
4999,-0.093
5000,-0.005
5001,0.132
5002,0.059
5003,-0.066
5004,-0.083
5005,0.093
5006,0.015
5007,-0.007
5008,0.093
5009,0.034
5010,0.046
5011,0.088
5012,0.073
5013,0.132
5014,-0.002
5015,0.061
5016,0.051
5017,0.071
5018,0.09
5019,0.066
5020,0.049
5021,0.066
5022,0.066
5023,-0.024
5024,0.049
5025,0.017
5026,-0.103
5027,-0.061
5028,-0.015
5029,-0.054
5030,-0.1
5031,0.017
5032,-0.022
5033,0.051
5034,0.027
5035,0.046
5036,-0.007
5037,0.0
5038,-0.029
5039,0.005
5040,0.029
5041,0.081
5042,0.012
5043,0.007
5044,-0.017
5045,-0.02
5046,0.056
5047,0.068
5048,0.046
5049,-0.037
5050,-0.039
5051,-0.042
5052,-0.105
5053,-0.093
5054,-0.063
5055,-0.078
5056,-0.039
5057,0.093
5058,-0.027
5059,-0.027
5060,-0.066
5061,-0.061
5062,-0.046
5063,0.022
5064,-0.046
5065,-0.015
5066,-0.044
5067,-0.049
5068,-0.034
5069,-0.068
5070,-0.115
5071,-0.044
5072,0.061
5073,0.078
5074,-0.012
5075,-0.161
5076,-0.059
5077,0.01
5078,0.029
5079,0.032
5080,0.0
5081,0.12
5082,0.125
5083,0.085
5084,0.029
5085,-0.078
5086,0.0
5087,-0.007
5088,0.0
5089,0.029
5090,0.1
5091,0.037
5092,-0.002
5093,-0.024
5094,-0.005
5095,0.02
5096,0.056
5097,0.024
5098,0.022
5099,0.088
5100,-0.012
5101,0.051
5102,0.122
5103,-0.002
5104,0.081
5105,0.059
5106,-0.01
5107,0.078
5108,0.029
5109,0.046
5110,0.127
5111,-0.059
5112,0.107
5113,-0.037
5114,-0.012
5115,0.12
5116,0.115
5117,0.059
5118,0.078
5119,0.051
5120,0.105
5121,-0.005
5122,0.029
5123,-0.044
5124,0.076
5125,0.09
5126,-0.042
5127,0.037
5128,-0.071
5129,-0.032
5130,-0.007
5131,-0.151
5132,-0.039
5133,-0.09
5134,0.063
5135,-0.095
5136,-0.134
5137,0.088
5138,0.0
5139,0.01
5140,-0.015
5141,0.056
5142,0.125
5143,0.066
5144,-0.005
5145,-0.09
5146,-0.081
5147,0.088
5148,0.027
5149,-0.081
5150,-0.037
5151,-0.063
5152,-0.085
5153,-0.088
5154,0.007
5155,-0.095
5156,-0.007
5157,-0.042
5158,-0.046
5159,-0.012
5160,0.012
5161,0.027
5162,0.042
5163,-0.068
5164,-0.056
5165,-0.061
5166,-0.134
5167,-0.063
5168,-0.051
5169,-0.042
5170,-0.024
5171,0.0
5172,-0.061
5173,-0.09
5174,-0.007
5175,0.051
5176,0.034
5177,-0.029
5178,0.027
5179,-0.027
5180,-0.037
5181,0.046
5182,0.112
5183,-0.027
5184,0.017
5185,0.024
5186,0.034
5187,-0.034
5188,0.044
5189,-0.012
5190,-0.083
5191,0.015
5192,-0.046
5193,-0.063
5194,-0.056
5195,0.027
5196,-0.007
5197,-0.078
5198,0.132
5199,0.071
5200,-0.015
5201,0.029
5202,0.085
5203,0.012
5204,-0.015
5205,0.071
5206,0.054
5207,0.12
5208,0.0
5209,-0.173
5210,-0.005
5211,0.059
5212,0.049
5213,0.024
5214,0.034
5215,-0.046
5216,0.042
5217,0.037
5218,-0.007
5219,-0.02
5220,-0.039
5221,-0.044
5222,-0.022
5223,-0.01
5224,-0.015
5225,0.046
5226,-0.137
5227,-0.168
5228,-0.181
5229,-0.039
5230,-0.068
5231,-0.073
5232,-0.117
5233,-0.117
5234,-0.132
5235,-0.066
5236,-0.081
5237,-0.022
5238,-0.044
5239,-0.151
5240,-0.059
5241,0.11
5242,0.042
5243,-0.037
5244,-0.144
5245,0.0
5246,-0.007
5247,-0.022
5248,-0.005
5249,-0.098
5250,-0.1
5251,-0.195
5252,-0.1
5253,-0.022
5254,-0.049
5255,-0.137
5256,-0.046
5257,-0.176
5258,-0.112
5259,-0.105
5260,-0.034
5261,-0.015
5262,-0.002
5263,0.0
5264,0.125
5265,0.046
5266,-0.005
5267,-0.017
5268,0.073
5269,0.098
5270,-0.01
5271,-0.012
5272,-0.005
5273,-0.022
5274,0.042
5275,-0.139
5276,0.049
5277,0.098
5278,-0.027
5279,-0.012
5280,-0.103
5281,-0.081
5282,0.002
5283,-0.002
5284,0.085
5285,0.042
5286,-0.083
5287,0.042
5288,0.039
5289,-0.056
5290,-0.068
5291,-0.005
5292,-0.032
5293,-0.081
5294,-0.107
5295,-0.098
5296,-0.066
5297,-0.081
5298,0.09
5299,-0.059
5300,-0.164
5301,-0.024
5302,0.105
5303,-0.022
5304,0.066
5305,0.059
5306,0.005
5307,-0.046
5308,-0.081
5309,0.015
5310,0.032
5311,-0.103
5312,-0.066
5313,-0.005
5314,-0.054
5315,-0.088
5316,-0.083
5317,-0.095
5318,-0.09
5319,0.024
5320,-0.046
5321,-0.054
5322,-0.066
5323,0.024
5324,-0.078
5325,0.039
5326,0.012
5327,-0.032
5328,-0.1
5329,-0.034
5330,-0.012
5331,-0.073
5332,-0.024
5333,-0.071
5334,-0.012
5335,0.01
5336,0.005
5337,-0.037
5338,-0.142
5339,-0.044
5340,0.007
5341,-0.068
5342,0.0
5343,-0.015
5344,-0.046
5345,-0.037
5346,-0.071
5347,-0.01
5348,-0.022
5349,-0.024
5350,-0.117
5351,-0.073
5352,-0.093
5353,-0.125
5354,0.002
5355,-0.039
5356,-0.093
5357,-0.027
5358,0.044
5359,0.029
5360,0.027
5361,-0.02
5362,0.09
5363,0.166
5364,0.051
5365,0.088
5366,0.076
5367,0.049
5368,0.168
5369,0.073
5370,0.068
5371,0.088
5372,-0.007
5373,-0.049
5374,-0.107
5375,-0.103
5376,-0.002
5377,-0.083
5378,-0.078
5379,-0.076
5380,0.129
5381,0.103
5382,-0.037
5383,-0.081
5384,0.012
5385,0.107
5386,0.081
5387,0.037
5388,0.12
5389,0.085
5390,0.071
5391,0.081
5392,0.046
5393,0.032
5394,0.12
5395,0.0
5396,0.066
5397,0.002
5398,0.063
5399,0.032
5400,0.042
5401,0.168
5402,-0.024
5403,-0.066
5404,0.125
5405,0.103
5406,0.129
5407,0.066
5408,-0.085
5409,0.032
5410,-0.068
5411,-0.088
5412,0.037
5413,-0.2
5414,-0.059
5415,-0.01
5416,-0.12
5417,-0.186
5418,-0.078
5419,-0.095
5420,-0.017
5421,-0.073
5422,-0.044
5423,-0.061
5424,0.093
5425,0.125
5426,-0.159
5427,0.078
5428,0.066
5429,0.01
5430,0.037
5431,-0.059
5432,-0.027
5433,-0.002
5434,0.046
5435,0.0
5436,0.027
5437,0.049
5438,0.142
5439,0.022
5440,0.076
5441,0.156
5442,0.137
5443,0.005
5444,0.044
5445,0.107
5446,0.039
5447,0.007
5448,-0.071
5449,-0.017
5450,-0.044
5451,0.0
5452,-0.024
5453,0.032
5454,-0.051
5455,-0.049
5456,0.1
5457,-0.044
5458,0.11
5459,0.098
5460,0.056
5461,0.122
5462,0.093
5463,0.073
5464,0.015
5465,0.042
5466,0.085
5467,0.063
5468,0.093
5469,0.063
5470,0.01
5471,0.056
5472,0.044
5473,-0.071
5474,-0.159
5475,-0.049
5476,-0.039
5477,-0.173
5478,-0.044
5479,0.034
5480,0.078
5481,-0.042
5482,0.022
5483,0.01
5484,0.056
5485,0.02
5486,-0.042
5487,0.103
5488,-0.037
5489,-0.01
5490,-0.007
5491,0.051
5492,-0.032
5493,-0.071
5494,0.081
5495,0.1
5496,-0.029
5497,-0.139
5498,0.005
5499,0.037
5500,-0.002
5501,-0.032
5502,0.037
5503,0.0
5504,-0.002
5505,0.051
5506,0.103
5507,0.21
5508,0.066
5509,0.076
5510,0.017
5511,0.024
5512,-0.029
5513,0.007
5514,-0.022
5515,0.051
5516,0.044
5517,-0.127
5518,-0.073
5519,0.002
5520,0.054
5521,0.161
5522,-0.193
5523,-0.144
5524,0.164
5525,0.117
5526,-0.183
5527,-0.015
5528,0.061
5529,0.139
5530,0.01
5531,0.054
5532,0.149
5533,0.032
5534,-0.039
5535,-0.012
5536,-0.081
5537,-0.002
5538,0.042
5539,-0.042
5540,0.005
5541,0.005
5542,-0.061
5543,0.139
5544,0.078
5545,0.066
5546,-0.002
5547,0.032
5548,0.046
5549,0.073
5550,0.044
5551,0.139
5552,-0.032
5553,-0.027
5554,0.029
5555,0.012
5556,-0.049
5557,-0.085
5558,-0.005
5559,-0.083
5560,-0.093
5561,-0.039
5562,0.168
5563,0.032
5564,-0.022
5565,-0.007
5566,-0.085
5567,0.085
5568,0.056
5569,0.11
5570,0.056
5571,-0.02
5572,0.054
5573,-0.112
5574,-0.039
5575,-0.027
5576,-0.137
5577,0.017
5578,0.032
5579,-0.095
5580,-0.002
5581,-0.039
5582,0.029
5583,0.007
5584,-0.029
5585,-0.037
5586,0.115
5587,0.027
5588,0.066
5589,0.049
5590,-0.105
5591,-0.068
5592,0.095
5593,0.054
5594,-0.073
5595,-0.12
5596,0.137
5597,-0.144
5598,-0.156
5599,0.027
5600,-0.103
5601,0.054
5602,0.073
5603,-0.042
5604,-0.01
5605,-0.098
5606,0.051
5607,0.054
5608,-0.034
5609,0.085
5610,0.073
5611,0.051
5612,0.029
5613,0.015
5614,0.02
5615,0.088
5616,-0.022
5617,0.0
5618,-0.017
5619,-0.059
5620,0.061
5621,-0.068
5622,-0.02
5623,0.1
5624,-0.078
5625,0.095
5626,0.017
5627,0.037
5628,0.034
5629,0.103
5630,0.093
5631,-0.046
5632,0.044
5633,-0.005
5634,0.034
5635,0.042
5636,0.02
5637,-0.037
5638,0.032
5639,-0.117
5640,0.02
5641,0.098
5642,0.066
5643,-0.093
5644,0.078
5645,0.037
5646,0.0
5647,-0.002
5648,0.007
5649,0.125
5650,-0.095
5651,0.005
5652,0.0
5653,0.017
5654,0.012
5655,0.022
5656,0.032
5657,0.024
5658,0.029
5659,-0.117
5660,0.051
5661,-0.007
5662,0.037
5663,0.0
5664,-0.044
5665,0.02
5666,-0.039
5667,0.078
5668,-0.01
5669,-0.027
5670,0.059
5671,0.076
5672,0.056
5673,-0.125
5674,0.029
5675,0.093
5676,-0.063
5677,-0.139
5678,0.037
5679,0.112
5680,0.054
5681,-0.063
5682,-0.017
5683,0.007
5684,0.0
5685,-0.081
5686,-0.056
5687,0.063
5688,0.117
5689,0.078
5690,-0.02
5691,-0.12
5692,0.027
5693,-0.012
5694,-0.039
5695,-0.037
5696,-0.044
5697,-0.054
5698,0.005
5699,-0.027
5700,0.039
5701,-0.063
5702,0.042
5703,0.046
5704,-0.042
5705,0.054
5706,0.115
5707,0.085
5708,-0.02
5709,0.039
5710,0.076
5711,0.022
5712,0.078
5713,0.029
5714,-0.032
5715,0.027
5716,-0.049
5717,-0.034
5718,0.017
5719,-0.088
5720,0.056
5721,-0.042
5722,-0.173
5723,0.005
5724,0.164
5725,0.037
5726,-0.081
5727,0.068
5728,-0.027
5729,0.066
5730,0.066
5731,0.022
5732,-0.024
5733,-0.139
5734,0.042
5735,0.054
5736,-0.078
5737,-0.11
5738,0.002
5739,-0.054
5740,-0.176
5741,-0.166
5742,0.056
5743,0.051
5744,0.005
5745,-0.122
5746,-0.049
5747,-0.071
5748,-0.142
5749,-0.078
5750,0.027
5751,-0.068
5752,-0.083
5753,-0.095
5754,-0.149
5755,-0.054
5756,-0.039
5757,-0.103
5758,-0.012
5759,-0.2
5760,-0.054
5761,-0.007
5762,-0.11
5763,-0.042
5764,-0.083
5765,0.051
5766,-0.081
5767,0.061
5768,0.12
5769,0.073
5770,0.083
5771,-0.044
5772,0.129
5773,0.061
5774,-0.046
5775,0.024
5776,0.063
5777,-0.127
5778,-0.11
5779,-0.066
5780,-0.054
5781,-0.039
5782,-0.063
5783,-0.039
5784,0.007
5785,0.061
5786,0.066
5787,-0.012
5788,-0.01
5789,0.105
5790,-0.024
5791,-0.073
5792,-0.068
5793,-0.059
5794,0.037
5795,-0.007
5796,-0.049
5797,-0.085
5798,-0.034
5799,-0.049
5800,0.066
5801,0.156
5802,-0.024
5803,0.022
5804,0.02
5805,0.071
5806,0.127
5807,0.061
5808,-0.051
5809,-0.012
5810,0.071
5811,0.02
5812,0.015
5813,0.039
5814,-0.046
5815,-0.046
5816,0.098
5817,-0.071
5818,-0.005
5819,-0.022
5820,-0.066
5821,0.015
5822,-0.037
5823,-0.12
5824,0.007
5825,0.046
5826,0.09
5827,0.02
5828,-0.173
5829,-0.037
5830,-0.037
5831,0.01
5832,-0.012
5833,-0.137
5834,-0.034
5835,-0.098
5836,-0.073
5837,-0.059
5838,-0.044
5839,-0.1
5840,-0.107
5841,-0.183
5842,-0.051
5843,-0.032
5844,-0.151
5845,-0.024
5846,-0.01
5847,0.017
5848,-0.056
5849,-0.073
5850,-0.017
5851,-0.056
5852,-0.005
5853,0.093
5854,-0.056
5855,-0.056
5856,-0.037
5857,-0.093
5858,-0.085
5859,-0.115
5860,0.024
5861,-0.093
5862,-0.061
5863,0.049
5864,-0.115
5865,-0.105
5866,-0.071
5867,-0.005
5868,0.09
5869,0.051
5870,-0.042
5871,-0.078
5872,-0.061
5873,0.007
5874,-0.049
5875,-0.063
5876,0.073
5877,-0.039
5878,-0.005
5879,-0.042
5880,0.042
5881,-0.056
5882,-0.015
5883,-0.085
5884,-0.083
5885,0.115
5886,0.051
5887,0.063
5888,-0.051
5889,-0.037
5890,0.059
5891,0.056
5892,0.061
5893,-0.015
5894,0.054
5895,0.037
5896,0.066
5897,0.049
5898,-0.056
5899,-0.112
5900,-0.068
5901,-0.049
5902,-0.081
5903,0.066
5904,0.103
5905,-0.037
5906,0.073
5907,0.085
5908,0.071
5909,0.146
5910,-0.156
5911,-0.017
5912,0.034
5913,-0.02
5914,-0.032
5915,-0.081
5916,-0.029
5917,-0.103
5918,-0.076
5919,0.012
5920,-0.085
5921,-0.061
5922,-0.044
5923,-0.063
5924,-0.012
5925,-0.068
5926,-0.115
5927,-0.056
5928,0.002
5929,0.032
5930,-0.056
5931,-0.076
5932,0.005
5933,-0.002
5934,0.071
5935,0.071
5936,-0.066
5937,-0.051
5938,-0.027
5939,-0.103
5940,-0.071
5941,-0.12
5942,-0.085
5943,0.01
5944,-0.063
5945,0.002
5946,0.017
5947,0.017
5948,-0.017
5949,-0.032
5950,-0.015
5951,-0.046
5952,0.068
5953,0.11
5954,0.042
5955,0.02
5956,0.083
5957,-0.042
5958,0.024
5959,0.059
5960,-0.049
5961,-0.01
5962,0.015
5963,0.049
5964,0.049
5965,-0.051
5966,0.144
5967,0.198
5968,-0.093
5969,0.095
5970,0.037
5971,0.0
5972,0.024
5973,0.007
5974,0.083
5975,0.007
5976,-0.071
5977,0.068
5978,0.007
5979,0.02
5980,-0.022
5981,0.01
5982,0.081
5983,0.029
5984,-0.024
5985,-0.076
5986,-0.044
5987,0.098
5988,0.034
5989,0.107
5990,0.054
5991,0.032
5992,-0.129
5993,0.005
5994,0.061
5995,0.1
5996,0.027
5997,-0.085
5998,-0.017
5999,0.083
6000,-0.076
6001,-0.161
6002,-0.046
6003,0.085
6004,-0.029
6005,-0.146
6006,0.005
6007,-0.005
6008,-0.049
6009,-0.073
6010,-0.022
6011,-0.034
6012,-0.037
6013,0.0
6014,-0.007
6015,-0.09
6016,0.032
6017,0.144
6018,-0.042
6019,-0.085
6020,0.0
6021,0.015
6022,-0.049
6023,-0.056
6024,0.012
6025,0.029
6026,-0.017
6027,0.01
6028,-0.046
6029,-0.01
6030,-0.029
6031,-0.066
6032,-0.059
6033,-0.042
6034,0.01
6035,-0.049
6036,-0.103
6037,-0.015
6038,-0.09
6039,-0.012
6040,-0.042
6041,-0.076
6042,-0.044
6043,-0.032
6044,0.134
6045,0.012
6046,-0.063
6047,-0.005
6048,0.056
6049,0.151
6050,0.115
6051,0.032
6052,0.098
6053,-0.022
6054,0.144
6055,0.217
6056,0.083
6057,0.103
6058,0.059
6059,0.061
6060,0.054
6061,0.061
6062,0.01
6063,0.103
6064,0.068
6065,0.042
6066,0.007
6067,-0.039
6068,0.061
6069,0.039
6070,0.022
6071,0.081
6072,-0.01
6073,0.11
6074,0.054
6075,-0.02
6076,0.024
6077,0.012
6078,0.11
6079,0.002
6080,-0.044
6081,-0.049
6082,-0.127
6083,0.063
6084,0.056
6085,-0.09
6086,-0.066
6087,0.027
6088,-0.027
6089,-0.029
6090,0.039
6091,-0.017
6092,0.024
6093,0.146
6094,0.037
6095,-0.063
6096,-0.005
6097,0.134
6098,0.071
6099,0.002
6100,-0.044
6101,0.056
6102,-0.056
6103,-0.095
6104,-0.09
6105,-0.186
6106,-0.037
6107,0.029
6108,0.0
6109,-0.188
6110,-0.125
6111,-0.022
6112,0.034
6113,0.034
6114,-0.049
6115,-0.012
6116,-0.037
6117,-0.078
6118,-0.012
6119,-0.056
6120,-0.054
6121,0.029
6122,0.02
6123,0.046
6124,-0.115
6125,-0.051
6126,0.085
6127,-0.005
6128,0.005
6129,0.046
6130,0.007
6131,0.071
6132,0.103
6133,0.117
6134,0.1
6135,-0.068
6136,-0.051
6137,0.098
6138,0.164
6139,0.068
6140,-0.037
6141,-0.022
6142,-0.022
6143,0.073
6144,-0.01
6145,0.051
6146,0.071
6147,0.107
6148,-0.095
6149,-0.059
6150,0.034
6151,0.01
6152,0.015
6153,0.059
6154,0.127
6155,0.044
6156,0.088
6157,0.103
6158,-0.068
6159,-0.081
6160,0.076
6161,0.059
6162,-0.01
6163,-0.073
6164,-0.164
6165,-0.01
6166,-0.139
6167,-0.012
6168,0.027
6169,-0.078
6170,0.054
6171,0.002
6172,-0.02
6173,0.093
6174,0.061
6175,0.051
6176,0.078
6177,-0.051
6178,0.029
6179,0.029
6180,0.022
6181,0.056
6182,-0.032
6183,-0.105
6184,-0.059
6185,-0.068
6186,-0.12
6187,-0.083
6188,-0.042
6189,-0.054
6190,-0.127
6191,-0.005
6192,-0.061
6193,0.046
6194,0.024
6195,0.037
6196,0.02
6197,0.015
6198,0.032
6199,-0.015
6200,0.015
6201,-0.015
6202,0.122
6203,-0.042
6204,-0.024
6205,-0.049
6206,-0.005
6207,-0.078
6208,-0.039
6209,-0.095
6210,-0.12
6211,-0.022
6212,0.034
6213,-0.029
6214,0.042
6215,-0.015
6216,0.068
6217,0.012
6218,0.061
6219,0.027
6220,-0.015
6221,0.017
6222,0.012
6223,-0.022
6224,0.046
6225,-0.056
6226,-0.005
6227,0.002
6228,-0.051
6229,-0.039
6230,0.005
6231,0.01
6232,-0.007
6233,0.054
6234,0.044
6235,0.002
6236,0.034
6237,-0.002
6238,0.076
6239,-0.024
6240,0.059
6241,0.054
6242,0.098
6243,0.015
6244,0.027
6245,-0.022
6246,-0.017
6247,-0.046
6248,-0.034
6249,0.088
6250,0.029
6251,0.1
6252,0.034
6253,0.002
6254,0.068
6255,0.056
6256,-0.034
6257,-0.071
6258,0.056
6259,-0.007
6260,0.049
6261,0.039
6262,0.061
6263,-0.012
6264,-0.088
6265,-0.134
6266,-0.005
6267,0.046
6268,-0.076
6269,-0.103
6270,-0.11
6271,-0.071
6272,0.107
6273,-0.037
6274,-0.081
6275,0.032
6276,0.024
6277,-0.044
6278,-0.12
6279,-0.105
6280,0.032
6281,0.039
6282,-0.022
6283,-0.068
6284,-0.125
6285,0.044
6286,-0.005
6287,-0.076
6288,-0.117
6289,-0.027
6290,0.056
6291,0.0
6292,-0.051
6293,-0.032
6294,0.012
6295,0.051
6296,0.061
6297,0.012
6298,0.054
6299,0.037
6300,0.11
6301,0.1
6302,-0.024
6303,0.071
6304,0.105
6305,0.068
6306,0.09
6307,0.042
6308,0.073
6309,0.002
6310,0.051
6311,0.027
6312,-0.027
6313,0.129
6314,0.02
6315,0.081
6316,0.078
6317,0.049
6318,0.024
6319,0.117
6320,0.164
6321,0.034
6322,0.027
6323,0.042
6324,-0.017
6325,0.01
6326,0.02
6327,0.1
6328,0.0
6329,-0.007
6330,0.054
6331,0.078
6332,0.049
6333,0.044
6334,0.022
6335,0.066
6336,0.017
6337,0.005
6338,-0.037
6339,0.056
6340,0.085
6341,-0.066
6342,-0.037
6343,0.085
6344,0.061
6345,-0.002
6346,-0.088
6347,-0.051
6348,-0.005
6349,-0.029
6350,0.0
6351,-0.037
6352,-0.002
6353,0.066
6354,-0.066
6355,-0.056
6356,0.032
6357,-0.012
6358,0.054
6359,0.037
6360,-0.103
6361,-0.032
6362,0.012
6363,-0.09
6364,-0.125
6365,-0.049
6366,-0.117
6367,-0.002
6368,-0.032
6369,-0.032
6370,-0.01
6371,0.005
6372,0.012
6373,-0.093
6374,-0.034
6375,0.063
6376,-0.046
6377,0.093
6378,-0.017
6379,-0.002
6380,0.068
6381,-0.054
6382,0.056
6383,0.027
6384,0.059
6385,0.01
6386,-0.095
6387,0.059
6388,-0.171
6389,-0.044
6390,-0.002
6391,-0.071
6392,-0.061
6393,-0.017
6394,-0.034
6395,0.037
6396,-0.005
6397,0.137
6398,-0.01
6399,0.005
6400,-0.037
6401,0.09
6402,0.081
6403,-0.105
6404,-0.017
6405,0.02
6406,0.037
6407,-0.022
6408,-0.049
6409,0.049
6410,-0.015
6411,-0.083
6412,-0.042
6413,0.032
6414,0.21
6415,0.046
6416,0.098
6417,0.027
6418,0.076
6419,0.032
6420,0.027
6421,-0.032
6422,0.059
6423,0.007
6424,-0.039
6425,-0.078
6426,0.032
6427,0.076
6428,-0.061
6429,-0.032
6430,-0.068
6431,-0.093
6432,-0.146
6433,0.005
6434,-0.024
6435,0.051
6436,0.056
6437,-0.139
6438,-0.11
6439,0.002
6440,0.027
6441,-0.054
6442,-0.051
6443,0.105
6444,-0.085
6445,-0.095
6446,-0.146
6447,-0.107
6448,-0.024
6449,-0.066
6450,-0.11
6451,-0.154
6452,-0.154
6453,0.007
6454,-0.071
6455,-0.029
6456,0.076
6457,0.032
6458,-0.012
6459,-0.012
6460,0.027
6461,-0.01
6462,-0.056
6463,0.085
6464,0.125
6465,-0.144
6466,-0.105
6467,-0.049
6468,-0.1
6469,-0.12
6470,-0.015
6471,-0.186
6472,-0.1
6473,0.02
6474,0.037
6475,-0.073
6476,-0.107
6477,-0.01
6478,0.061
6479,-0.02
6480,-0.037
6481,0.078
6482,0.149
6483,0.054
6484,-0.054
6485,0.051
6486,0.103
6487,-0.005
6488,0.066
6489,0.085
6490,-0.042
6491,-0.015
6492,-0.168
6493,0.007
6494,-0.11
6495,-0.164
6496,0.051
6497,0.039
6498,0.007
6499,-0.034
6500,-0.063
6501,0.061
6502,0.071
6503,0.056
6504,-0.005
6505,0.115
6506,0.195
6507,0.027
6508,-0.044
6509,-0.059
6510,-0.12
6511,-0.061
6512,0.09
6513,-0.063
6514,-0.049
6515,-0.054
6516,-0.032
6517,0.017
6518,-0.11
6519,0.054
6520,0.105
6521,-0.088
6522,0.115
6523,0.046
6524,0.032
6525,-0.037
6526,-0.085
6527,-0.107
6528,0.044
6529,0.0
6530,0.022
6531,-0.081
6532,-0.142
6533,-0.017
6534,0.059
6535,-0.154
6536,-0.042
6537,0.071
6538,0.056
6539,0.068
6540,-0.115
6541,-0.042
6542,0.078
6543,0.056
6544,0.022
6545,0.02
6546,0.098
6547,-0.059
6548,-0.029
6549,-0.017
6550,0.061
6551,0.012
6552,-0.073
6553,-0.112
6554,-0.054
6555,-0.024
6556,0.012
6557,0.098
6558,-0.054
6559,-0.002
6560,0.093
6561,0.09
6562,0.056
6563,-0.098
6564,-0.125
6565,0.049
6566,-0.059
6567,0.095
6568,-0.02
6569,-0.073
6570,0.01
6571,-0.059
6572,0.044
6573,0.002
6574,-0.049
6575,0.002
6576,-0.107
6577,0.049
6578,0.081
6579,-0.044
6580,0.054
6581,-0.085
6582,0.012
6583,0.19
6584,0.059
6585,-0.007
6586,0.076
6587,0.046
6588,-0.059
6589,-0.12
6590,-0.054
6591,0.034
6592,0.01
6593,-0.068
6594,-0.068
6595,-0.083
6596,-0.19
6597,-0.093
6598,-0.005
6599,0.085
6600,0.017
6601,0.034
6602,0.071
6603,0.078
6604,0.066
6605,0.0
6606,0.1
6607,-0.007
6608,-0.051
6609,0.046
6610,-0.112
6611,-0.027
6612,-0.193
6613,-0.188
6614,0.098
6615,0.059
6616,-0.056
6617,0.007
6618,-0.01
6619,0.005
6620,0.015
6621,-0.015
6622,0.015
6623,-0.088
6624,0.073
6625,-0.017
6626,-0.081
6627,0.066
6628,0.034
6629,-0.012
6630,0.012
6631,0.054
6632,-0.005
6633,-0.002
6634,0.027
6635,-0.068
6636,-0.037
6637,-0.071
6638,-0.12
6639,-0.068
6640,-0.039
6641,0.032
6642,0.022
6643,0.105
6644,-0.027
6645,0.049
6646,0.054
6647,0.076
6648,0.149
6649,0.137
6650,0.159
6651,0.076
6652,-0.049
6653,0.049
6654,0.056
6655,-0.042
6656,-0.11
6657,0.085
6658,-0.068
6659,-0.09
6660,-0.039
6661,-0.054
6662,0.015
6663,-0.034
6664,0.02
6665,-0.032
6666,0.012
6667,0.071
6668,-0.027
6669,-0.042
6670,-0.002
6671,0.098
6672,0.046
6673,-0.042
6674,0.078
6675,0.027
6676,0.066
6677,-0.017
6678,-0.073
6679,-0.015
6680,0.022
6681,0.015
6682,0.039
6683,-0.017
6684,0.007
6685,-0.059
6686,-0.034
6687,-0.024
6688,0.032
6689,0.234
6690,0.132
6691,0.051
6692,-0.051
6693,-0.076
6694,-0.081
6695,-0.105
6696,-0.132
6697,0.012
6698,-0.029
6699,-0.027
6700,-0.032
6701,-0.034
6702,0.078
6703,-0.117
6704,-0.085
6705,0.017
6706,0.056
6707,0.007
6708,0.137
6709,-0.002
6710,0.034
6711,0.029
6712,-0.095
6713,-0.002
6714,0.066
6715,0.022
6716,0.002
6717,-0.024
6718,0.017
6719,-0.054
6720,0.01
6721,-0.068
6722,-0.051
6723,0.144
6724,0.176
6725,0.007
6726,-0.093
6727,0.081
6728,0.142
6729,0.122
6730,-0.103
6731,-0.046
6732,0.007
6733,-0.002
6734,0.037
6735,0.049
6736,0.002
6737,-0.093
6738,-0.073
6739,0.015
6740,-0.051
6741,-0.005
6742,0.051
6743,-0.063
6744,-0.015
6745,0.046
6746,0.085
6747,0.017
6748,-0.049
6749,0.042
6750,0.112
6751,0.112
6752,-0.022
6753,-0.027
6754,0.1
6755,-0.059
6756,-0.044
6757,0.02
6758,0.103
6759,0.11
6760,0.085
6761,0.015
6762,0.02
6763,0.125
6764,0.11
6765,0.037
6766,0.024
6767,0.103
6768,0.071
6769,0.027
6770,-0.115
6771,-0.049
6772,0.01
6773,0.0
6774,0.0
6775,-0.117
6776,-0.039
6777,0.115
6778,0.032
6779,-0.076
6780,-0.132
6781,-0.083
6782,-0.059
6783,-0.073
6784,0.039
6785,-0.022
6786,-0.1
6787,-0.083
6788,-0.076
6789,-0.059
6790,-0.095
6791,-0.01
6792,-0.002
6793,0.068
6794,-0.044
6795,-0.103
6796,-0.039
6797,0.176
6798,-0.022
6799,-0.208
6800,-0.002
6801,-0.024
6802,-0.066
6803,-0.005
6804,-0.085
6805,0.012
6806,0.015
6807,-0.01
6808,-0.027
6809,-0.068
6810,-0.046
6811,0.017
6812,-0.024
6813,-0.115
6814,-0.076
6815,0.02
6816,-0.088
6817,-0.054
6818,-0.061
6819,-0.01
6820,0.044
6821,0.029
6822,0.027
6823,0.081
6824,0.146
6825,0.142
6826,0.129
6827,0.117
6828,0.117
6829,0.061
6830,0.024
6831,0.029
6832,0.034
6833,0.012
6834,0.024
6835,0.098
6836,0.015
6837,-0.024
6838,-0.073
6839,0.002
6840,-0.015
6841,0.02
6842,0.01
6843,0.039
6844,0.1
6845,0.017
6846,-0.049
6847,0.034
6848,0.115
6849,0.056
6850,0.002
6851,0.066
6852,-0.029
6853,0.12
6854,-0.02
6855,-0.088
6856,-0.076
6857,-0.107
6858,-0.112
6859,-0.032
6860,-0.073
6861,-0.093
6862,0.005
6863,-0.012
6864,0.027
6865,-0.054
6866,-0.078
6867,-0.054
6868,-0.076
6869,0.005
6870,0.007
6871,-0.024
6872,-0.066
6873,-0.068
6874,-0.061
6875,0.11
6876,-0.073
6877,-0.1
6878,-0.073
6879,-0.076
6880,-0.107
6881,-0.122
6882,-0.068
6883,-0.066
6884,0.044
6885,0.007
6886,-0.144
6887,-0.027
6888,-0.032
6889,0.029
6890,-0.112
6891,-0.149
6892,-0.063
6893,0.046
6894,-0.09
6895,-0.049
6896,-0.11
6897,0.02
6898,-0.002
6899,-0.164
6900,0.068
6901,0.056
6902,0.007
6903,0.046
6904,-0.027
6905,0.107
6906,0.063
6907,-0.005
6908,0.098
6909,0.088
6910,0.063
6911,0.173
6912,-0.012
6913,0.01
6914,0.012
6915,0.046
6916,0.017
6917,-0.022
6918,-0.044
6919,-0.002
6920,-0.054
6921,-0.093
6922,-0.066
6923,-0.098
6924,-0.007
6925,0.005
6926,0.0
6927,0.027
6928,0.037
6929,0.066
6930,0.049
6931,0.059
6932,-0.042
6933,-0.017
6934,0.134
6935,-0.002
6936,-0.01
6937,0.132
6938,0.029
6939,0.081
6940,0.059
6941,0.005
6942,0.125
6943,0.037
6944,-0.046
6945,-0.083
6946,0.083
6947,0.115
6948,-0.066
6949,-0.095
6950,-0.027
6951,0.054
6952,0.042
6953,-0.024
6954,-0.071
6955,-0.029
6956,-0.046
6957,-0.02
6958,-0.022
6959,-0.105
6960,0.037
6961,0.051
6962,-0.012
6963,-0.024
6964,-0.083
6965,0.066
6966,0.039
6967,-0.083
6968,-0.01
6969,-0.056
6970,0.115
6971,0.017
6972,-0.1
6973,-0.078
6974,-0.012
6975,0.149
6976,0.071
6977,-0.046
6978,-0.049
6979,0.159
6980,-0.007
6981,-0.078
6982,0.01
6983,-0.105
6984,0.181
6985,-0.068
6986,-0.12
6987,0.044
6988,-0.059
6989,-0.015
6990,0.132
6991,-0.022
6992,0.024
6993,-0.039
6994,-0.073
6995,0.081
6996,-0.002
6997,0.007
6998,0.01
6999,-0.02
7000,0.098
7001,-0.007
7002,0.029
7003,0.139
7004,0.103
7005,0.037
7006,-0.017
7007,0.054
7008,0.122
7009,0.12
7010,0.176
7011,0.059
7012,-0.02
7013,0.063
7014,0.098
7015,0.09
7016,0.142
7017,0.037
7018,0.046
7019,0.007
7020,-0.073
7021,0.066
7022,0.022
7023,0.073
7024,0.061
7025,0.032
7026,0.068
7027,0.107
7028,0.1
7029,0.081
7030,-0.01
7031,0.044
7032,0.046
7033,0.0
7034,0.078
7035,0.044
7036,0.007
7037,-0.051
7038,-0.085
7039,0.015
7040,-0.037
7041,-0.083
7042,-0.09
7043,-0.1
7044,-0.007
7045,-0.134
7046,0.0
7047,-0.034
7048,-0.071
7049,0.01
7050,-0.027
7051,-0.061
7052,-0.078
7053,-0.022
7054,0.01
7055,0.046
7056,0.024
7057,0.034
7058,-0.034
7059,0.002
7060,-0.134
7061,0.049
7062,0.02
7063,0.032
7064,0.059
7065,-0.032
7066,-0.11
7067,0.012
7068,0.049
7069,0.063
7070,0.005
7071,-0.071
7072,0.134
7073,0.01
7074,-0.032
7075,0.042
7076,0.093
7077,0.137
7078,-0.088
7079,-0.037
7080,-0.051
7081,-0.002
7082,0.093
7083,0.037
7084,-0.002
7085,-0.168
7086,-0.085
7087,0.154
7088,0.007
7089,-0.017
7090,0.071
7091,-0.068
7092,0.017
7093,0.024
7094,-0.005
7095,0.134
7096,0.029
7097,0.029
7098,0.076
7099,-0.015
7100,0.103
7101,0.034
7102,0.056
7103,0.1
7104,-0.088
7105,-0.115
7106,-0.032
7107,0.103
7108,0.007
7109,-0.034
7110,0.061
7111,0.1
7112,-0.012
7113,0.044
7114,0.024
7115,-0.044
7116,-0.029
7117,-0.051
7118,0.049
7119,-0.051
7120,0.024
7121,-0.024
7122,-0.144
7123,-0.034
7124,0.054
7125,-0.061
7126,0.037
7127,-0.034
7128,0.063
7129,0.117
7130,-0.12
7131,0.056
7132,0.068
7133,0.093
7134,0.12
7135,-0.051
7136,0.007
7137,0.015
7138,-0.132
7139,-0.115
7140,-0.054
7141,-0.015
7142,-0.107
7143,-0.083
7144,0.01
7145,0.024
7146,-0.012
7147,-0.027
7148,-0.002
7149,-0.059
7150,-0.015
7151,0.093
7152,0.044
7153,-0.061
7154,0.017
7155,0.071
7156,0.042
7157,-0.007
7158,-0.112
7159,-0.061
7160,-0.09
7161,-0.115
7162,-0.02
7163,-0.039
7164,-0.044
7165,-0.063
7166,0.024
7167,-0.103
7168,0.027
7169,0.049
7170,0.054
7171,0.027
7172,0.0
7173,0.068
7174,0.007
7175,-0.073
7176,-0.002
7177,-0.083
7178,-0.098
7179,0.015
7180,0.032
7181,0.044
7182,-0.056
7183,-0.1
7184,0.042
7185,-0.051
7186,-0.034
7187,0.032
7188,0.02
7189,0.054
7190,-0.039
7191,0.034
7192,0.132
7193,0.01
7194,-0.022
7195,0.017
7196,0.044
7197,0.112
7198,-0.071
7199,-0.059
7200,0.024
7201,-0.032
7202,-0.027
7203,-0.015
7204,-0.027
7205,-0.054
7206,-0.093
7207,-0.112
7208,-0.007
7209,-0.032
7210,-0.061
7211,0.01
7212,-0.015
7213,-0.044
7214,0.137
7215,-0.059
7216,-0.076
7217,-0.059
7218,-0.137
7219,-0.029
7220,-0.205
7221,-0.156
7222,-0.061
7223,-0.127
7224,-0.132
7225,-0.127
7226,-0.044
7227,-0.029
7228,-0.088
7229,0.002
7230,0.034
7231,0.061
7232,0.066
7233,0.01
7234,-0.032
7235,0.037
7236,0.11
7237,0.032
7238,-0.01
7239,-0.076
7240,0.02
7241,-0.024
7242,-0.068
7243,-0.034
7244,-0.039
7245,-0.051
7246,-0.085
7247,-0.061
7248,0.042
7249,-0.046
7250,-0.029
7251,-0.085
7252,0.093
7253,0.098
7254,0.046
7255,0.132
7256,0.088
7257,0.149
7258,0.022
7259,-0.002
7260,0.022
7261,0.01
7262,0.044
7263,-0.066
7264,0.037
7265,0.022
7266,-0.034
7267,-0.024
7268,0.029
7269,0.027
7270,0.12
7271,0.09
7272,0.134
7273,0.071
7274,-0.049
7275,0.146
7276,0.037
7277,-0.083
7278,0.071
7279,-0.002
7280,-0.017
7281,-0.042
7282,-0.046
7283,-0.046
7284,-0.132
7285,-0.042
7286,0.024
7287,-0.112
7288,-0.007
7289,-0.042
7290,-0.107
7291,-0.005
7292,-0.024
7293,-0.078
7294,0.073
7295,0.088
7296,-0.012
7297,0.049
7298,-0.02
7299,0.269
7300,-0.012
7301,-0.063
7302,0.078
7303,-0.085
7304,-0.12
7305,-0.122
7306,0.024
7307,-0.012
7308,-0.083
7309,0.037
7310,-0.027
7311,-0.132
7312,0.039
7313,0.161
7314,-0.002
7315,-0.193
7316,-0.022
7317,0.046
7318,-0.015
7319,-0.078
7320,0.002
7321,-0.042
7322,-0.059
7323,0.005
7324,-0.088
7325,-0.149
7326,-0.151
7327,-0.093
7328,-0.039
7329,-0.029
7330,0.002
7331,-0.005
7332,-0.042
7333,-0.01
7334,0.01
7335,0.044
7336,0.032
7337,-0.022
7338,-0.022
7339,0.09
7340,-0.01
7341,-0.01
7342,0.034
7343,-0.083
7344,-0.068
7345,-0.051
7346,-0.01
7347,-0.002
7348,-0.051
7349,-0.078
7350,-0.039
7351,-0.007
7352,0.022
7353,0.068
7354,0.098
7355,0.085
7356,0.039
7357,0.054
7358,0.076
7359,-0.007
7360,-0.049
7361,-0.022
7362,0.098
7363,-0.024
7364,-0.029
7365,-0.024
7366,-0.029
7367,-0.042
7368,-0.015
7369,-0.076
7370,-0.066
7371,-0.01
7372,0.054
7373,0.059
7374,0.017
7375,-0.005
7376,-0.09
7377,0.037
7378,-0.039
7379,-0.088
7380,-0.039
7381,-0.054
7382,-0.039
7383,-0.059
7384,0.007
7385,0.027
7386,-0.022
7387,-0.068
7388,-0.078
7389,-0.039
7390,-0.02
7391,0.012
7392,-0.024
7393,-0.076
7394,-0.073
7395,-0.005
7396,-0.051
7397,0.042
7398,0.051
7399,0.054
7400,0.024
7401,-0.081
7402,-0.032
7403,0.051
7404,0.066
7405,-0.105
7406,-0.139
7407,-0.09
7408,-0.073
7409,0.024
7410,-0.02
7411,-0.015
7412,0.066
7413,0.042
7414,0.01
7415,0.09
7416,-0.049
7417,-0.032
7418,0.024
7419,0.056
7420,0.164
7421,0.095
7422,-0.027
7423,0.068
7424,0.0
7425,-0.005
7426,0.063
7427,0.034
7428,0.127
7429,-0.037
7430,-0.017
7431,0.076
7432,0.051
7433,0.085
7434,-0.076
7435,0.044
7436,0.088
7437,0.129
7438,0.059
7439,0.085
7440,0.105
7441,0.034
7442,-0.02
7443,0.027
7444,0.083
7445,-0.068
7446,-0.076
7447,0.037
7448,-0.01
7449,0.005
7450,-0.073
7451,-0.127
7452,-0.066
7453,0.024
7454,-0.002
7455,-0.073
7456,-0.002
7457,0.078
7458,0.071
7459,0.037
7460,-0.085
7461,-0.142
7462,-0.005
7463,-0.037
7464,-0.127
7465,-0.098
7466,-0.063
7467,-0.083
7468,-0.056
7469,-0.042
7470,-0.103
7471,-0.103
7472,-0.088
7473,-0.005
7474,-0.024
7475,0.007
7476,0.039
7477,0.005
7478,0.027
7479,0.049
7480,0.027
7481,0.02
7482,0.054
7483,0.095
7484,0.066
7485,-0.071
7486,-0.012
7487,-0.073
7488,-0.112
7489,-0.095
7490,-0.176
7491,-0.024
7492,-0.071
7493,-0.105
7494,-0.198
7495,0.051
7496,0.09
7497,-0.042
7498,-0.032
7499,-0.024
7500,0.037
7501,0.015
7502,0.022
7503,-0.051
7504,0.063
7505,0.061
7506,0.103
7507,-0.068
7508,0.017
7509,0.173
7510,0.044
7511,0.054
7512,0.149
7513,0.11
7514,0.171
7515,0.071
7516,-0.039
7517,0.039
7518,0.134
7519,0.146
7520,0.0
7521,0.083
7522,0.237
7523,0.149
7524,0.015
7525,-0.015
7526,0.068
7527,0.164
7528,0.051
7529,0.042
7530,0.156
7531,0.117
7532,0.088
7533,0.054
7534,0.112
7535,0.051
7536,0.103
7537,0.132
7538,0.022
7539,0.022
7540,0.129
7541,-0.078
7542,-0.051
7543,0.027
7544,-0.005
7545,-0.032
7546,-0.01
7547,-0.061
7548,-0.024
7549,-0.068
7550,0.029
7551,-0.002
7552,-0.039
7553,0.037
7554,0.015
7555,0.044
7556,0.12
7557,-0.154
7558,0.098
7559,0.061
7560,-0.027
7561,0.044
7562,-0.042
7563,-0.073
7564,-0.002
7565,-0.151
7566,-0.129
7567,-0.046
7568,0.01
7569,-0.056
7570,-0.146
7571,-0.034
7572,0.098
7573,0.088
7574,0.061
7575,-0.09
7576,0.029
7577,0.073
7578,0.063
7579,-0.005
7580,-0.046
7581,0.037
7582,0.083
7583,-0.093
7584,-0.112
7585,0.0
7586,-0.083
7587,0.068
7588,-0.039
7589,-0.11
7590,-0.093
7591,0.044
7592,0.042
7593,-0.073
7594,-0.117
7595,0.054
7596,0.132
7597,0.137
7598,0.015
7599,0.09
7600,0.139
7601,0.037
7602,0.103
7603,-0.022
7604,-0.037
7605,0.054
7606,0.007
7607,-0.071
7608,-0.103
7609,0.039
7610,0.061
7611,0.127
7612,0.071
7613,0.115
7614,0.156
7615,-0.007
7616,0.068
7617,0.051
7618,0.176
7619,0.037
7620,0.115
7621,0.195
7622,0.132
7623,-0.007
7624,-0.015
7625,0.073
7626,0.103
7627,-0.007
7628,-0.002
7629,0.054
7630,0.073
7631,0.156
7632,0.024
7633,0.046
7634,0.11
7635,0.071
7636,0.078
7637,0.01
7638,-0.002
7639,0.076
7640,-0.012
7641,0.005
7642,-0.039
7643,-0.044
7644,-0.005
7645,-0.01
7646,-0.042
7647,-0.103
7648,-0.049
7649,0.049
7650,-0.007
7651,-0.054
7652,-0.171
7653,-0.073
7654,-0.01
7655,-0.137
7656,-0.151
7657,-0.081
7658,-0.056
7659,-0.01
7660,-0.093
7661,-0.166
7662,0.005
7663,0.049
7664,-0.032
7665,-0.078
7666,-0.208
7667,-0.115
7668,-0.039
7669,-0.061
7670,-0.132
7671,-0.12
7672,-0.088
7673,-0.068
7674,0.005
7675,-0.061
7676,-0.085
7677,-0.081
7678,-0.02
7679,-0.093
7680,-0.034
7681,0.049
7682,0.024
7683,-0.078
7684,-0.117
7685,-0.02
7686,-0.078
7687,-0.076
7688,-0.044
7689,-0.051
7690,-0.059
7691,-0.056
7692,-0.12
7693,0.012
7694,0.027
7695,-0.051
7696,0.076
7697,0.063
7698,0.024
7699,0.1
7700,0.159
7701,0.073
7702,0.029
7703,-0.002
7704,0.063
7705,0.078
7706,-0.015
7707,0.083
7708,0.02
7709,0.042
7710,-0.078
7711,-0.02
7712,0.1
7713,0.024
7714,0.0
7715,0.095
7716,-0.073
7717,-0.007
7718,0.181
7719,0.154
7720,0.112
7721,-0.049
7722,-0.005
7723,0.02
7724,0.056
7725,0.068
7726,-0.039
7727,-0.032
7728,0.002
7729,0.042
7730,-0.188
7731,-0.042
7732,0.005
7733,-0.103
7734,-0.166
7735,-0.166
7736,-0.029
7737,-0.007
7738,-0.032
7739,-0.115
7740,-0.054
7741,0.129
7742,0.122
7743,-0.029
7744,0.044
7745,0.103
7746,0.017
7747,-0.044
7748,0.022
7749,0.039
7750,-0.122
7751,-0.122
7752,-0.12
7753,-0.173
7754,-0.078
7755,0.071
7756,-0.049
7757,-0.125
7758,-0.059
7759,-0.032
7760,-0.11
7761,-0.027
7762,-0.022
7763,-0.002
7764,0.112
7765,0.024
7766,-0.02
7767,-0.112
7768,-0.071
7769,0.068
7770,-0.061
7771,0.024
7772,-0.061
7773,-0.01
7774,-0.012
7775,0.002
7776,-0.034
7777,-0.034
7778,-0.063
7779,-0.093
7780,0.042
7781,0.002
7782,0.076
7783,0.051
7784,-0.017
7785,0.161
7786,0.034
7787,0.027
7788,-0.029
7789,-0.007
7790,-0.015
7791,0.044
7792,-0.029
7793,0.103
7794,0.107
7795,0.017
7796,-0.034
7797,0.027
7798,-0.051
7799,-0.042
7800,0.039
7801,0.034
7802,0.046
7803,0.024
7804,0.046
7805,0.024
7806,0.1
7807,0.122
7808,-0.044
7809,-0.042
7810,-0.022
7811,0.046
7812,0.005
7813,0.0
7814,0.029
7815,0.134
7816,0.11
7817,-0.029
7818,0.068
7819,0.034
7820,-0.022
7821,0.105
7822,0.071
7823,0.061
7824,0.071
7825,0.129
7826,0.198
7827,-0.171
7828,-0.237
7829,0.117
7830,-0.098
7831,-0.195
7832,-0.061
7833,-0.103
7834,-0.015
7835,-0.12
7836,-0.046
7837,0.122
7838,0.02
7839,-0.105
7840,0.066
7841,-0.042
7842,0.117
7843,-0.017
7844,-0.071
7845,-0.024
7846,0.034
7847,-0.112
7848,0.051
7849,0.076
7850,0.037
7851,-0.029
7852,-0.083
7853,-0.046
7854,-0.061
7855,0.037
7856,-0.002
7857,-0.049
7858,0.024
7859,-0.037
7860,-0.061
7861,0.122
7862,0.044
7863,0.034
7864,-0.112
7865,-0.037
7866,0.066
7867,0.107
7868,-0.02
7869,0.02
7870,0.088
7871,0.022
7872,-0.037
7873,-0.044
7874,0.117
7875,-0.005
7876,0.044
7877,-0.027
7878,0.044
7879,0.1
7880,0.078
7881,0.02
7882,0.132
7883,0.112
7884,0.093
7885,0.034
7886,0.095
7887,0.083
7888,-0.027
7889,-0.049
7890,-0.037
7891,-0.088
7892,-0.051
7893,-0.115
7894,-0.024
7895,-0.02
7896,-0.027
7897,-0.027
7898,-0.046
7899,-0.024
7900,0.149
7901,0.027
7902,0.022
7903,0.046
7904,-0.032
7905,0.061
7906,-0.005
7907,-0.093
7908,0.005
7909,-0.005
7910,-0.042
7911,-0.02
7912,-0.103
7913,-0.042
7914,0.022
7915,-0.02
7916,0.083
7917,-0.002
7918,0.071
7919,0.09
7920,0.02
7921,0.125
7922,0.061
7923,0.037
7924,0.139
7925,0.083
7926,0.042
7927,0.017
7928,0.049
7929,0.105
7930,-0.117
7931,-0.032
7932,-0.059
7933,0.015
7934,0.139
7935,-0.073
7936,-0.007
7937,0.042
7938,-0.049
7939,0.09
7940,0.002
7941,-0.012
7942,0.024
7943,0.059
7944,0.081
7945,-0.054
7946,-0.029
7947,-0.024
7948,-0.017
7949,-0.022
7950,0.042
7951,-0.022
7952,-0.051
7953,0.015
7954,0.007
7955,-0.032
7956,-0.066
7957,-0.068
7958,0.098
7959,0.122
7960,0.066
7961,-0.076
7962,-0.056
7963,0.09
7964,0.068
7965,-0.078
7966,-0.034
7967,0.076
7968,-0.085
7969,-0.034
7970,-0.117
7971,-0.088
7972,0.024
7973,-0.029
7974,-0.127
7975,-0.122
7976,0.034
7977,-0.034
7978,0.007
7979,-0.029
7980,-0.042
7981,0.044
7982,0.005
7983,0.012
7984,-0.042
7985,0.017
7986,-0.098
7987,-0.046
7988,0.007
7989,-0.078
7990,-0.059
7991,-0.105
7992,-0.232
7993,-0.073
7994,-0.085
7995,-0.081
7996,0.0
7997,0.002
7998,-0.083
7999,-0.098
8000,0.01
8001,0.02
8002,-0.012
8003,-0.081
8004,-0.107
8005,0.093
8006,-0.034
8007,-0.037
8008,-0.056
8009,0.046
8010,-0.063
8011,-0.039
8012,-0.068
8013,-0.066
8014,0.02
8015,-0.076
8016,-0.056
8017,0.029
8018,0.0
8019,0.01
8020,-0.002
8021,0.056
8022,0.071
8023,0.022
8024,-0.005
8025,0.056
8026,-0.046
8027,0.068
8028,0.059
8029,0.017
8030,-0.015
8031,0.022
8032,0.027
8033,-0.034
8034,-0.059
8035,-0.112
8036,0.042
8037,-0.012
8038,0.078
8039,-0.02
8040,-0.12
8041,0.012
8042,0.046
8043,-0.024
8044,0.007
8045,0.002
8046,0.022
8047,0.027
8048,-0.044
8049,-0.054
8050,0.032
8051,0.044
8052,-0.042
8053,-0.122
8054,-0.017
8055,-0.005
8056,-0.059
8057,-0.039
8058,0.017
8059,0.01
8060,-0.005
8061,0.103
8062,-0.125
8063,-0.059
8064,0.032
8065,0.02
8066,0.027
8067,-0.071
8068,-0.034
8069,-0.095
8070,-0.12
8071,-0.042
8072,-0.017
8073,-0.122
8074,-0.1
8075,-0.066
8076,-0.09
8077,-0.027
8078,-0.01
8079,-0.049
8080,-0.125
8081,-0.12
8082,-0.066
8083,-0.061
8084,0.012
8085,0.01
8086,-0.059
8087,-0.063
8088,-0.078
8089,0.027
8090,-0.059
8091,-0.125
8092,0.017
8093,0.022
8094,-0.142
8095,-0.059
8096,-0.061
8097,-0.178
8098,-0.125
8099,0.037
8100,-0.012
8101,-0.085
8102,-0.137
8103,-0.029
8104,0.0
8105,-0.022
8106,-0.068
8107,-0.071
8108,0.044
8109,0.012
8110,-0.071
8111,-0.144
8112,-0.027
8113,0.024
8114,-0.024
8115,0.017
8116,-0.046
8117,-0.049
8118,0.034
8119,-0.105
8120,-0.022
8121,0.042
8122,0.034
8123,0.078
8124,0.081
8125,0.12
8126,0.132
8127,0.073
8128,0.005
8129,0.054
8130,0.088
8131,0.002
8132,-0.063
8133,-0.125
8134,-0.093
8135,-0.005
8136,0.027
8137,-0.063
8138,0.044
8139,-0.029
8140,0.0
8141,0.046
8142,0.132
8143,0.068
8144,0.024
8145,0.051
8146,0.027
8147,-0.044
8148,-0.042
8149,-0.012
8150,0.029
8151,-0.029
8152,-0.007
8153,0.059
8154,0.044
8155,0.005
8156,-0.071
8157,-0.071
8158,0.005
8159,0.054
8160,0.112
8161,-0.054
8162,0.061
8163,0.142
8164,0.022
8165,-0.105
8166,-0.037
8167,0.105
8168,0.046
8169,-0.11
8170,-0.081
8171,-0.066
8172,-0.056
8173,-0.007
8174,-0.139
8175,-0.146
8176,-0.037
8177,-0.012
8178,0.049
8179,0.027
8180,-0.046
8181,0.02
8182,-0.007
8183,-0.095
8184,0.007
8185,-0.01
8186,-0.032
8187,0.01
8188,-0.007
8189,0.015
8190,-0.085
8191,-0.061
8192,-0.022
8193,0.042
8194,0.051
8195,-0.049
8196,0.015
8197,0.01
8198,-0.012
8199,-0.027
8200,0.073
8201,0.063
8202,0.063
8203,0.007
8204,-0.024
8205,0.012
8206,0.093
8207,0.107
8208,0.042
8209,0.007
8210,0.112
8211,0.066
8212,-0.078
8213,-0.015
8214,0.054
8215,-0.012
8216,-0.005
8217,-0.024
8218,0.024
8219,0.083
8220,0.095
8221,0.051
8222,0.078
8223,0.132
8224,0.017
8225,0.073
8226,0.1
8227,0.107
8228,0.12
8229,-0.054
8230,0.017
8231,0.037
8232,-0.012
8233,0.063
8234,0.051
8235,0.032
8236,0.049
8237,0.007
8238,-0.042
8239,0.037
8240,-0.027
8241,-0.01
8242,-0.005
8243,-0.042
8244,0.024
8245,-0.037
8246,-0.088
8247,0.024
8248,-0.034
8249,-0.103
8250,-0.015
8251,0.01
8252,-0.046
8253,0.066
8254,0.164
8255,0.012
8256,0.007
8257,-0.034
8258,-0.024
8259,0.046
8260,0.029
8261,-0.039
8262,0.046
8263,0.049
8264,-0.01
8265,-0.029
8266,0.02
8267,0.007
8268,-0.015
8269,-0.107
8270,-0.044
8271,-0.007
8272,-0.076
8273,-0.081
8274,-0.1
8275,-0.098
8276,-0.144
8277,-0.076
8278,-0.11
8279,0.088
8280,-0.054
8281,-0.073
8282,0.046
8283,0.015
8284,-0.073
8285,-0.007
8286,0.0
8287,0.007
8288,0.076
8289,-0.044
8290,-0.073
8291,0.061
8292,-0.066
8293,0.029
8294,0.066
8295,0.002
8296,0.066
8297,-0.007
8298,-0.127
8299,0.122
8300,-0.012
8301,-0.068
8302,-0.012
8303,-0.139
8304,0.056
8305,0.046
8306,-0.046
8307,0.129
8308,0.024
8309,-0.042
8310,0.022
8311,0.005
8312,0.103
8313,0.088
8314,-0.017
8315,0.056
8316,0.088
8317,0.039
8318,0.051
8319,-0.051
8320,0.088
8321,0.125
8322,0.222
8323,0.098
8324,-0.139
8325,0.02
8326,0.11
8327,-0.034
8328,0.029
8329,-0.024
8330,0.225
8331,0.107
8332,-0.015
8333,0.054
8334,0.071
8335,0.012
8336,0.024
8337,0.022
8338,0.186
8339,-0.007
8340,-0.046
8341,0.002
8342,-0.071
8343,-0.139
8344,-0.015
8345,0.095
8346,0.105
8347,-0.044
8348,-0.078
8349,-0.046
8350,0.056
8351,-0.098
8352,-0.12
8353,-0.081
8354,-0.029
8355,-0.129
8356,-0.093
8357,-0.129
8358,-0.032
8359,-0.027
8360,0.005
8361,-0.017
8362,-0.1
8363,-0.007
8364,0.073
8365,0.046
8366,0.0
8367,-0.032
8368,-0.034
8369,0.146
8370,0.078
8371,0.046
8372,-0.029
8373,0.063
8374,0.056
8375,0.015
8376,0.1
8377,-0.032
8378,0.005
8379,0.034
8380,0.054
8381,-0.078
8382,0.032
8383,0.044
8384,-0.02
8385,0.054
8386,-0.005
8387,0.032
8388,0.117
8389,0.056
8390,0.127
8391,0.032
8392,-0.037
8393,0.044
8394,0.059
8395,0.015
8396,-0.054
8397,-0.007
8398,0.034
8399,-0.022
8400,-0.081
8401,0.022
8402,0.044
8403,0.02
8404,-0.01
8405,-0.061
8406,0.117
8407,0.073
8408,0.071
8409,0.122
8410,0.098
8411,0.095
8412,0.054
8413,0.081
8414,0.027
8415,-0.068
8416,-0.017
8417,-0.12
8418,0.029
8419,-0.015
8420,-0.017
8421,-0.059
8422,-0.125
8423,-0.024
8424,-0.078
8425,-0.01
8426,0.081
8427,0.0
8428,-0.059
8429,0.073
8430,0.059
8431,0.037
8432,0.066
8433,0.071
8434,0.002
8435,0.042
8436,0.034
8437,-0.015
8438,0.071
8439,-0.02
8440,0.029
8441,0.034
8442,0.005
8443,-0.002
8444,0.032
8445,0.112
8446,-0.002
8447,0.051
8448,0.037
8449,0.073
8450,0.129
8451,0.042
8452,-0.112
8453,-0.095
8454,-0.005
8455,0.068
8456,-0.122
8457,0.002
8458,0.012
8459,-0.054
8460,-0.01
8461,-0.073
8462,-0.066
8463,0.042
8464,-0.017
8465,0.049
8466,-0.027
8467,-0.022
8468,0.073
8469,0.01
8470,-0.042
8471,0.083
8472,-0.007
8473,-0.002
8474,0.042
8475,0.049
8476,0.029
8477,-0.022
8478,-0.002
8479,0.088
8480,0.085
8481,0.027
8482,0.059
8483,0.117
8484,0.09
8485,0.056
8486,0.044
8487,0.232
8488,0.139
8489,0.015
8490,0.093
8491,0.107
8492,-0.061
8493,0.015
8494,0.037
8495,-0.007
8496,-0.024
8497,0.022
8498,-0.056
8499,-0.068
8500,-0.098
8501,-0.012
8502,-0.029
8503,0.01
8504,0.017
8505,-0.129
8506,0.0
8507,0.044
8508,0.081
8509,0.085
8510,0.076
8511,0.112
8512,0.042
8513,-0.015
8514,-0.012
8515,0.034
8516,0.1
8517,-0.09
8518,0.042
8519,0.005
8520,-0.1
8521,-0.137
8522,0.0
8523,0.007
8524,0.132
8525,0.027
8526,-0.107
8527,0.095
8528,0.115
8529,0.007
8530,0.044
8531,0.105
8532,0.122
8533,-0.046
8534,-0.076
8535,-0.034
8536,0.024
8537,0.029
8538,-0.029
8539,0.022
8540,-0.122
8541,-0.098
8542,0.088
8543,0.017
8544,-0.122
8545,0.071
8546,0.071
8547,0.032
8548,0.0
8549,-0.159
8550,0.032
8551,0.095
8552,-0.037
8553,0.046
8554,-0.01
8555,-0.071
8556,-0.081
8557,-0.059
8558,-0.073
8559,-0.107
8560,-0.071
8561,-0.12
8562,0.002
8563,-0.046
8564,-0.078
8565,0.002
8566,-0.056
8567,0.024
8568,0.024
8569,-0.056
8570,-0.024
8571,0.015
8572,-0.002
8573,0.122
8574,0.073
8575,0.022
8576,-0.056
8577,-0.11
8578,-0.005
8579,-0.037
8580,-0.022
8581,0.029
8582,0.034
8583,-0.071
8584,-0.068
8585,-0.088
8586,0.081
8587,0.024
8588,-0.042
8589,-0.012
8590,-0.044
8591,0.083
8592,-0.042
8593,-0.027
8594,-0.027
8595,-0.107
8596,-0.151
8597,0.093
8598,-0.09
8599,-0.051
8600,-0.005
8601,-0.146
8602,-0.076
8603,-0.073
8604,-0.1
8605,-0.007
8606,-0.024
8607,0.127
8608,0.125
8609,0.0
8610,0.083
8611,0.002
8612,0.039
8613,0.103
8614,-0.02
8615,0.046
8616,-0.159
8617,-0.085
8618,0.032
8619,0.02
8620,0.024
8621,-0.144
8622,-0.137
8623,-0.088
8624,-0.1
8625,0.007
8626,0.027
8627,0.151
8628,0.005
8629,-0.022
8630,0.005
8631,-0.005
8632,-0.063
8633,0.056
8634,-0.083
8635,-0.066
8636,-0.046
8637,-0.042
8638,-0.037
8639,-0.115
8640,-0.105
8641,-0.054
8642,-0.137
8643,-0.051
8644,-0.017
8645,-0.044
8646,0.049
8647,0.054
8648,0.085
8649,-0.007
8650,-0.002
8651,0.01
8652,0.015
8653,0.073
8654,0.027
8655,0.042
8656,-0.051
8657,0.022
8658,0.042
8659,-0.12
8660,-0.051
8661,0.015
8662,-0.156
8663,-0.002
8664,0.01
8665,-0.049
8666,0.015
8667,-0.017
8668,0.034
8669,0.017
8670,-0.105
8671,0.054
8672,0.037
8673,-0.051
8674,0.034
8675,-0.034
8676,-0.071
8677,-0.007
8678,-0.166
8679,-0.098
8680,0.051
8681,0.059
8682,-0.154
8683,-0.068
8684,-0.085
8685,-0.085
8686,0.046
8687,-0.142
8688,-0.049
8689,-0.02
8690,0.01
8691,0.022
8692,-0.161
8693,0.037
8694,0.127
8695,0.046
8696,0.1
8697,-0.056
8698,-0.002
8699,-0.012
8700,-0.02
8701,-0.022
8702,-0.156
8703,-0.139
8704,0.032
8705,0.027
8706,0.046
8707,-0.012
8708,-0.034
8709,-0.005
8710,0.0
8711,-0.027
8712,-0.044
8713,0.017
8714,0.093
8715,-0.071
8716,-0.142
8717,0.032
8718,0.005
8719,-0.034
8720,-0.066
8721,-0.076
8722,0.083
8723,-0.071
8724,-0.005
8725,0.115
8726,0.093
8727,0.149
8728,0.09
8729,0.027
8730,-0.005
8731,0.078
8732,0.005
8733,-0.039
8734,0.066
8735,0.115
8736,-0.005
8737,-0.068
8738,0.027
8739,-0.049
8740,-0.044
8741,-0.01
8742,-0.034
8743,-0.083
8744,-0.061
8745,0.037
8746,0.078
8747,0.051
8748,0.01
8749,-0.017
8750,0.071
8751,0.161
8752,0.063
8753,0.02
8754,0.01
8755,0.029
8756,0.051
8757,-0.029
8758,0.0
8759,-0.054
8760,-0.054
8761,-0.059
8762,-0.056
8763,-0.034
8764,0.037
8765,0.068
8766,-0.049
8767,0.007
8768,-0.037
8769,0.017
8770,-0.032
8771,0.024
8772,0.134
8773,0.0
8774,-0.017
8775,0.007
8776,0.076
8777,0.103
8778,0.056
8779,-0.073
8780,0.015
8781,0.005
8782,0.061
8783,-0.063
8784,-0.129
8785,-0.056
8786,0.068
8787,0.076
8788,-0.02
8789,-0.017
8790,-0.002
8791,0.027
8792,-0.032
8793,0.005
8794,0.005
8795,0.022
8796,-0.054
8797,-0.068
8798,-0.049
8799,0.005
8800,0.076
8801,-0.007
8802,-0.059
8803,-0.154
8804,-0.032
8805,-0.01
8806,-0.017
8807,0.027
8808,0.022
8809,-0.034
8810,0.093
8811,0.032
8812,0.071
8813,0.122
8814,0.027
8815,0.1
8816,0.103
8817,0.068
8818,-0.078
8819,-0.142
8820,0.037
8821,-0.059
8822,-0.076
8823,-0.083
8824,-0.002
8825,0.046
8826,-0.044
8827,-0.044
8828,-0.066
8829,0.032
8830,-0.037
8831,-0.049
8832,0.015
8833,0.039
8834,0.076
8835,0.012
8836,-0.007
8837,-0.017
8838,-0.083
8839,0.044
8840,0.024
8841,-0.081
8842,-0.037
8843,0.007
8844,0.122
8845,-0.039
8846,-0.015
8847,-0.046
8848,0.007
8849,0.068
8850,-0.049
8851,0.002
8852,0.049
8853,0.129
8854,0.061
8855,-0.054
8856,-0.022
8857,-0.002
8858,0.022
8859,0.037
8860,0.059
8861,-0.002
8862,0.007
8863,-0.02
8864,-0.046
8865,0.032
8866,-0.139
8867,-0.134
8868,-0.002
8869,0.027
8870,0.02
8871,0.056
8872,-0.017
8873,0.105
8874,0.012
8875,-0.002
8876,-0.078
8877,0.032
8878,0.054
8879,0.083
8880,-0.049
8881,-0.068
8882,-0.044
8883,0.061
8884,-0.002
8885,-0.005
8886,-0.002
8887,-0.024
8888,0.005
8889,0.059
8890,0.137
8891,0.105
8892,-0.015
8893,0.129
8894,0.181
8895,0.132
8896,-0.049
8897,-0.095
8898,0.02
8899,0.015
8900,0.051
8901,0.022
8902,-0.081
8903,0.059
8904,-0.046
8905,-0.139
8906,0.066
8907,-0.012
8908,0.049
8909,0.015
8910,-0.063
8911,0.063
8912,0.007
8913,0.081
8914,0.073
8915,-0.071
8916,-0.061
8917,-0.044
8918,-0.027
8919,0.0
8920,-0.054
8921,-0.078
8922,0.017
8923,-0.022
8924,-0.017
8925,0.085
8926,0.083
8927,-0.039
8928,0.015
8929,0.054
8930,-0.022
8931,-0.054
8932,0.049
8933,0.068
8934,0.024
8935,0.005
8936,-0.039
8937,0.017
8938,0.022
8939,-0.007
8940,-0.037
8941,-0.122
8942,0.051
8943,-0.09
8944,0.02
8945,0.01
8946,-0.081
8947,0.046
8948,-0.1
8949,-0.007
8950,0.1
8951,0.022
8952,0.037
8953,0.012
8954,-0.051
8955,0.061
8956,0.107
8957,0.017
8958,-0.056
8959,0.0
8960,0.073
8961,0.066
8962,-0.171
8963,-0.088
8964,-0.029
8965,-0.115
8966,-0.056
8967,-0.166
8968,-0.037
8969,-0.032
8970,-0.068
8971,-0.056
8972,-0.02
8973,0.073
8974,0.142
8975,0.034
8976,0.081
8977,0.125
8978,0.051
8979,0.168
8980,0.0
8981,-0.017
8982,0.11
8983,-0.037
8984,-0.066
8985,-0.012
8986,0.012
8987,0.061
8988,-0.037
8989,-0.137
8990,-0.061
8991,0.012
8992,-0.059
8993,-0.051
8994,-0.095
8995,0.073
8996,0.059
8997,0.049
8998,-0.117
8999,-0.051
9000,0.125
9001,0.027
9002,0.005
9003,-0.056
9004,-0.002
9005,0.105
9006,-0.027
9007,-0.085
9008,0.066
9009,0.054
9010,-0.037
9011,-0.037
9012,-0.078
9013,0.11
9014,0.063
9015,-0.029
9016,0.066
9017,0.005
9018,0.125
9019,0.076
9020,-0.027
9021,-0.024
9022,-0.029
9023,0.083
9024,0.022
9025,-0.12
9026,-0.056
9027,-0.132
9028,0.034
9029,0.078
9030,-0.112
9031,-0.01
9032,0.054
9033,0.042
9034,-0.066
9035,-0.081
9036,0.056
9037,0.188
9038,0.227
9039,0.024
9040,-0.154
9041,-0.127
9042,-0.015
9043,-0.007
9044,0.042
9045,0.042
9046,0.149
9047,0.049
9048,-0.005
9049,-0.015
9050,0.002
9051,0.093
9052,0.154
9053,0.093
9054,-0.137
9055,0.09
9056,0.198
9057,0.11
9058,0.125
9059,-0.01
9060,-0.037
9061,-0.103
9062,-0.032
9063,0.132
9064,0.054
9065,0.054
9066,0.01
9067,-0.071
9068,0.083
9069,0.044
9070,-0.042
9071,0.159
9072,0.112
9073,0.005
9074,0.017
9075,-0.037
9076,0.127
9077,0.171
9078,0.103
9079,0.078
9080,-0.017
9081,-0.042
9082,0.012
9083,0.007
9084,-0.059
9085,-0.024
9086,0.127
9087,0.037
9088,-0.105
9089,-0.007
9090,0.088
9091,0.134
9092,0.017
9093,0.107
9094,-0.01
9095,0.081
9096,0.024
9097,-0.066
9098,0.01
9099,0.02
9100,-0.007
9101,0.054
9102,0.063
9103,0.007
9104,-0.027
9105,-0.059
9106,-0.044
9107,-0.081
9108,0.017
9109,0.012
9110,-0.01
9111,-0.061
9112,0.042
9113,-0.059
9114,-0.132
9115,-0.007
9116,0.129
9117,0.002
9118,0.083
9119,0.066
9120,0.032
9121,0.02
9122,-0.039
9123,0.034
9124,0.024
9125,-0.051
9126,-0.017
9127,-0.066
9128,-0.068
9129,0.083
9130,-0.088
9131,-0.081
9132,-0.051
9133,-0.01
9134,-0.024
9135,0.029
9136,-0.088
9137,-0.081
9138,0.042
9139,0.034
9140,0.071
9141,-0.061
9142,0.002
9143,0.12
9144,-0.037
9145,-0.071
9146,-0.054
9147,-0.051
9148,-0.02
9149,-0.02
9150,0.005
9151,-0.076
9152,-0.059
9153,0.017
9154,0.068
9155,-0.027
9156,-0.027
9157,-0.012
9158,0.144
9159,0.1
9160,0.022
9161,-0.054
9162,0.005
9163,0.056
9164,0.015
9165,0.01
9166,0.0
9167,0.039
9168,-0.088
9169,-0.042
9170,-0.107
9171,-0.046
9172,0.056
9173,-0.054
9174,-0.044
9175,0.012
9176,0.073
9177,0.068
9178,0.071
9179,0.093
9180,0.078
9181,0.005
9182,-0.049
9183,0.088
9184,0.063
9185,0.007
9186,-0.046
9187,-0.061
9188,-0.017
9189,-0.01
9190,-0.042
9191,-0.054
9192,0.029
9193,0.063
9194,-0.083
9195,-0.073
9196,-0.032
9197,0.056
9198,0.044
9199,-0.027
9200,-0.046
9201,0.034
9202,0.015
9203,0.007
9204,-0.007
9205,-0.083
9206,-0.103
9207,-0.051
9208,0.034
9209,-0.098
9210,-0.193
9211,-0.061
9212,-0.017
9213,-0.056
9214,0.0
9215,-0.1
9216,-0.024
9217,0.056
9218,0.063
9219,0.007
9220,0.005
9221,0.061
9222,0.105
9223,0.071
9224,0.027
9225,-0.017
9226,0.022
9227,-0.01
9228,-0.042
9229,-0.115
9230,-0.051
9231,-0.039
9232,-0.095
9233,-0.071
9234,-0.095
9235,0.056
9236,-0.029
9237,-0.005
9238,-0.024
9239,-0.081
9240,-0.063
9241,0.073
9242,0.002
9243,-0.032
9244,-0.007
9245,-0.034
9246,0.01
9247,-0.054
9248,-0.032
9249,-0.034
9250,-0.063
9251,-0.034
9252,-0.085
9253,-0.012
9254,-0.071
9255,0.017
9256,-0.027
9257,0.032
9258,0.068
9259,-0.032
9260,-0.046
9261,0.032
9262,0.02
9263,0.01
9264,-0.02
9265,-0.103
9266,0.022
9267,-0.056
9268,-0.176
9269,-0.068
9270,-0.061
9271,-0.073
9272,-0.186
9273,-0.129
9274,-0.129
9275,-0.098
9276,-0.1
9277,-0.081
9278,-0.005
9279,0.095
9280,-0.076
9281,-0.176
9282,-0.005
9283,0.071
9284,0.027
9285,-0.039
9286,-0.083
9287,-0.015
9288,0.073
9289,0.024
9290,-0.073
9291,-0.073
9292,0.01
9293,-0.078
9294,0.037
9295,-0.085
9296,-0.11
9297,-0.015
9298,-0.051
9299,-0.146
9300,-0.068
9301,0.063
9302,0.11
9303,0.039
9304,-0.042
9305,0.122
9306,0.09
9307,-0.093
9308,0.103
9309,-0.146
9310,-0.034
9311,-0.137
9312,0.007
9313,-0.012
9314,-0.149
9315,0.002
9316,-0.02
9317,-0.188
9318,-0.098
9319,-0.039
9320,0.081
9321,0.015
9322,-0.068
9323,0.066
9324,0.017
9325,0.144
9326,0.032
9327,-0.054
9328,0.012
9329,0.063
9330,-0.081
9331,-0.078
9332,-0.049
9333,0.015
9334,0.054
9335,0.073
9336,0.002
9337,-0.015
9338,-0.078
9339,-0.022
9340,-0.015
9341,0.007
9342,-0.005
9343,0.154
9344,-0.046
9345,-0.027
9346,0.029
9347,0.022
9348,0.083
9349,0.002
9350,-0.024
9351,0.112
9352,0.059
9353,-0.071
9354,-0.024
9355,-0.037
9356,0.032
9357,0.01
9358,0.078
9359,-0.024
9360,-0.112
9361,-0.071
9362,0.046
9363,0.081
9364,-0.029
9365,-0.1
9366,0.059
9367,-0.044
9368,-0.071
9369,-0.034
9370,0.027
9371,0.01
9372,0.146
9373,-0.049
9374,-0.012
9375,-0.017
9376,-0.093
9377,0.09
9378,0.02
9379,-0.159
9380,-0.044
9381,-0.01
9382,0.022
9383,0.024
9384,-0.029
9385,0.054
9386,-0.037
9387,0.012
9388,-0.01
9389,0.059
9390,-0.125
9391,-0.115
9392,-0.032
9393,-0.012
9394,-0.066
9395,-0.024
9396,0.02
9397,-0.076
9398,-0.056
9399,-0.103
9400,-0.029
9401,0.042
9402,-0.029
9403,0.007
9404,0.063
9405,-0.002
9406,0.024
9407,-0.066
9408,-0.085
9409,0.051
9410,-0.044
9411,-0.024
9412,0.029
9413,-0.061
9414,0.037
9415,-0.034
9416,-0.054
9417,0.105
9418,0.029
9419,-0.105
9420,0.039
9421,0.007
9422,0.076
9423,0.117
9424,0.107
9425,0.149
9426,0.103
9427,0.083
9428,0.012
9429,0.007
9430,-0.085
9431,-0.039
9432,-0.056
9433,-0.164
9434,-0.059
9435,-0.034
9436,-0.046
9437,0.022
9438,0.017
9439,-0.007
9440,-0.002
9441,0.066
9442,0.042
9443,0.054
9444,0.085
9445,0.002
9446,0.024
9447,0.115
9448,0.002
9449,0.073
9450,-0.01
9451,-0.049
9452,0.032
9453,-0.073
9454,-0.076
9455,-0.093
9456,0.105
9457,-0.012
9458,0.049
9459,0.059
9460,-0.049
9461,0.127
9462,0.017
9463,-0.071
9464,-0.034
9465,0.051
9466,0.107
9467,0.054
9468,-0.01
9469,-0.015
9470,0.085
9471,-0.144
9472,-0.09
9473,-0.063
9474,-0.039
9475,-0.078
9476,-0.122
9477,-0.056
9478,-0.029
9479,-0.078
9480,-0.068
9481,0.09
9482,0.046
9483,-0.032
9484,-0.024
9485,0.059
9486,0.125
9487,0.134
9488,0.1
9489,0.059
9490,0.039
9491,0.01
9492,0.046
9493,-0.022
9494,0.034
9495,0.037
9496,0.027
9497,-0.007
9498,-0.059
9499,0.049
9500,0.134
9501,0.039
9502,0.083
9503,-0.015
9504,0.042
9505,0.039
9506,0.083
9507,0.032
9508,0.029
9509,0.061
9510,0.029
9511,0.068
9512,0.01
9513,-0.032
9514,-0.088
9515,-0.061
9516,-0.032
9517,-0.032
9518,0.039
9519,-0.044
9520,0.002
9521,0.034
9522,-0.066
9523,0.068
9524,0.012
9525,0.107
9526,0.059
9527,0.059
9528,0.071
9529,-0.015
9530,0.024
9531,0.012
9532,-0.039
9533,0.012
9534,-0.015
9535,-0.024
9536,0.015
9537,-0.022
9538,-0.015
9539,-0.012
9540,0.078
9541,-0.02
9542,-0.042
9543,0.059
9544,0.017
9545,0.125
9546,0.034
9547,-0.046
9548,-0.046
9549,0.1
9550,-0.039
9551,0.137
9552,0.066
9553,-0.107
9554,-0.056
9555,-0.002
9556,0.056
9557,0.051
9558,0.037
9559,-0.059
9560,-0.061
9561,0.027
9562,0.127
9563,0.051
9564,-0.007
9565,0.015
9566,-0.049
9567,0.073
9568,-0.095
9569,-0.022
9570,0.085
9571,-0.044
9572,-0.005
9573,-0.168
9574,-0.181
9575,-0.088
9576,0.146
9577,0.081
9578,-0.129
9579,-0.12
9580,0.007
9581,0.049
9582,-0.088
9583,-0.017
9584,0.068
9585,-0.017
9586,-0.073
9587,0.083
9588,0.032
9589,0.029
9590,-0.022
9591,-0.144
9592,-0.11
9593,-0.044
9594,0.054
9595,-0.005
9596,0.051
9597,-0.09
9598,-0.037
9599,0.022
9600,0.007
9601,0.1
9602,-0.017
9603,0.034
9604,-0.02
9605,0.017
9606,-0.002
9607,-0.034
9608,0.017
9609,-0.044
9610,-0.076
9611,-0.1
9612,0.034
9613,-0.024
9614,0.051
9615,-0.137
9616,-0.095
9617,0.01
9618,0.024
9619,0.027
9620,-0.142
9621,-0.083
9622,-0.032
9623,-0.037
9624,0.007
9625,-0.078
9626,-0.027
9627,0.068
9628,0.044
9629,0.068
9630,0.107
9631,-0.029
9632,0.056
9633,-0.02
9634,0.034
9635,-0.024
9636,0.012
9637,-0.076
9638,-0.002
9639,0.127
9640,-0.01
9641,0.137
9642,0.042
9643,0.034
9644,0.059
9645,-0.066
9646,0.0
9647,0.085
9648,-0.056
9649,0.142
9650,0.125
9651,-0.051
9652,-0.012
9653,-0.044
9654,-0.117
9655,-0.144
9656,-0.168
9657,-0.029
9658,0.083
9659,-0.125
9660,-0.112
9661,-0.071
9662,-0.083
9663,0.012
9664,0.078
9665,0.107
9666,0.007
9667,0.022
9668,0.017
9669,0.063
9670,0.059
9671,0.09
9672,0.154
9673,0.11
9674,0.02
9675,-0.071
9676,-0.056
9677,0.059
9678,-0.005
9679,-0.129
9680,-0.112
9681,-0.007
9682,-0.085
9683,-0.088
9684,-0.142
9685,-0.054
9686,-0.09
9687,0.034
9688,-0.015
9689,-0.071
9690,0.085
9691,0.029
9692,0.132
9693,0.017
9694,-0.068
9695,0.032
9696,-0.081
9697,-0.21
9698,0.051
9699,0.103
9700,-0.095
9701,0.054
9702,0.051
9703,-0.022
9704,0.017
9705,-0.132
9706,0.017
9707,0.029
9708,-0.024
9709,0.059
9710,-0.034
9711,-0.01
9712,0.1
9713,-0.017
9714,-0.015
9715,0.068
9716,-0.046
9717,-0.073
9718,0.02
9719,0.032
9720,-0.164
9721,-0.103
9722,-0.093
9723,-0.088
9724,-0.078
9725,0.024
9726,-0.044
9727,0.015
9728,-0.039
9729,0.081
9730,0.122
9731,-0.049
9732,0.044
9733,-0.054
9734,-0.015
9735,0.076
9736,-0.073
9737,-0.081
9738,-0.076
9739,-0.046
9740,-0.046
9741,0.029
9742,-0.039
9743,0.1
9744,-0.007
9745,0.032
9746,0.007
9747,0.071
9748,0.015
9749,-0.029
9750,0.039
9751,0.063
9752,0.066
9753,0.012
9754,0.024
9755,0.024
9756,-0.015
9757,0.015
9758,0.032
9759,0.076
9760,-0.012
9761,-0.098
9762,0.073
9763,0.105
9764,-0.063
9765,0.085
9766,0.129
9767,0.173
9768,0.11
9769,0.078
9770,0.083
9771,0.085
9772,0.015
9773,0.107
9774,0.024
9775,0.002
9776,0.007
9777,0.046
9778,-0.149
9779,0.02
9780,0.029
9781,-0.159
9782,-0.015
9783,0.044
9784,-0.046
9785,0.078
9786,-0.007
9787,0.12
9788,0.078
9789,-0.022
9790,0.029
9791,0.049
9792,0.039
9793,0.103
9794,0.066
9795,0.073
9796,-0.007
9797,0.005
9798,0.027
9799,-0.015
9800,-0.02
9801,-0.022
9802,0.034
9803,-0.007
9804,-0.02
9805,-0.034
9806,-0.024
9807,-0.039
9808,0.083
9809,0.059
9810,0.02
9811,0.112
9812,0.037
9813,-0.029
9814,0.024
9815,0.017
9816,0.056
9817,-0.063
9818,0.032
9819,-0.061
9820,0.024
9821,0.024
9822,0.015
9823,-0.12
9824,-0.232
9825,-0.032
9826,0.015
9827,0.012
9828,0.051
9829,0.122
9830,0.002
9831,0.027
9832,0.1
9833,-0.054
9834,-0.015
9835,0.049
9836,-0.002
9837,-0.007
9838,-0.049
9839,0.073
9840,0.027
9841,-0.017
9842,-0.029
9843,0.0
9844,0.024
9845,0.024
9846,-0.066
9847,0.073
9848,-0.015
9849,0.017
9850,0.024
9851,-0.142
9852,-0.039
9853,-0.046
9854,-0.024
9855,-0.005
9856,0.022
9857,-0.049
9858,-0.032
9859,-0.095
9860,0.015
9861,0.012
9862,-0.046
9863,0.09
9864,0.022
9865,0.017
9866,0.063
9867,0.0
9868,0.039
9869,0.107
9870,0.051
9871,0.071
9872,-0.012
9873,-0.005
9874,0.098
9875,-0.032
9876,0.02
9877,0.056
9878,0.049
9879,0.085
9880,-0.032
9881,-0.051
9882,0.059
9883,0.034
9884,-0.005
9885,0.029
9886,0.032
9887,0.078
9888,-0.01
9889,-0.088
9890,-0.056
9891,-0.012
9892,0.056
9893,-0.012
9894,-0.039
9895,-0.029
9896,0.042
9897,-0.017
9898,-0.068
9899,-0.083
9900,-0.024
9901,0.056
9902,-0.081
9903,-0.129
9904,0.01
9905,0.017
9906,0.044
9907,-0.01
9908,-0.02
9909,0.088
9910,0.09
9911,-0.073
9912,0.02
9913,-0.024
9914,-0.059
9915,0.051
9916,0.002
9917,-0.032
9918,-0.012
9919,0.007
9920,-0.017
9921,-0.063
9922,-0.11
9923,-0.017
9924,-0.049
9925,-0.046
9926,-0.056
9927,-0.059
9928,-0.007
9929,-0.02
9930,0.049
9931,0.0
9932,-0.022
9933,0.027
9934,-0.002
9935,-0.012
9936,0.122
9937,0.022
9938,-0.005
9939,-0.022
9940,-0.017
9941,0.078
9942,0.005
9943,0.02
9944,-0.054
9945,-0.051
9946,0.066
9947,-0.024
9948,-0.02
9949,0.042
9950,0.02
9951,0.0
9952,0.051
9953,-0.015
9954,0.037
9955,-0.01
9956,-0.022
9957,-0.044
9958,-0.12
9959,0.044
9960,-0.085
9961,-0.151
9962,-0.061
9963,0.027
9964,0.037
9965,0.0
9966,-0.09
9967,0.056
9968,0.046
9969,0.073
9970,0.005
9971,-0.042
9972,-0.034
9973,-0.088
9974,0.044
9975,0.039
9976,-0.027
9977,-0.01
9978,0.007
9979,-0.049
9980,-0.034
9981,0.002
9982,-0.022
9983,-0.088
9984,-0.044
9985,-0.1
9986,-0.059
9987,-0.051
9988,-0.024
9989,0.044
9990,0.095
9991,-0.063
9992,-0.024
9993,0.015
9994,0.063
9995,-0.015
9996,-0.049
9997,-0.09
9998,0.027
9999,-0.139
10000,-0.039
10001,-0.083
10002,-0.11
10003,-0.005
10004,-0.173
10005,-0.098
10006,-0.032
10007,-0.083
10008,0.046
10009,0.01
10010,0.046
10011,-0.024
10012,-0.068
10013,-0.044
10014,0.059
10015,-0.01
10016,-0.073
10017,-0.02
10018,-0.063
10019,-0.127
10020,0.029
10021,-0.039
10022,-0.093
10023,-0.085
10024,-0.156
10025,-0.122
10026,0.007
10027,0.046
10028,-0.015
10029,0.037
10030,0.02
10031,0.132
10032,0.024
10033,-0.012
10034,0.039
10035,0.022
10036,0.024
10037,0.029
10038,0.046
10039,-0.007
10040,-0.09
10041,-0.117
10042,-0.081
10043,-0.078
10044,-0.068
10045,-0.125
10046,-0.042
10047,0.027
10048,-0.007
10049,0.007
10050,-0.002
10051,0.061
10052,0.078
10053,0.01
10054,0.083
10055,0.103
10056,0.029
10057,-0.059
10058,0.046
10059,0.073
10060,0.017
10061,0.012
10062,-0.049
10063,0.01
10064,0.01
10065,0.042
10066,-0.093
10067,-0.139
10068,-0.022
10069,0.142
10070,0.115
10071,0.081
10072,0.007
10073,-0.042
10074,0.125
10075,-0.024
10076,-0.034
10077,0.068
10078,0.037
10079,0.034
10080,-0.044
10081,-0.117
10082,-0.061
10083,-0.071
10084,-0.161
10085,-0.012
10086,-0.029
10087,-0.107
10088,-0.034
10089,-0.156
10090,-0.044
10091,-0.022
10092,0.015
10093,-0.056
10094,-0.015
10095,0.066
10096,0.01
10097,0.034
10098,-0.012
10099,-0.061
10100,-0.017
10101,-0.085
10102,0.029
10103,0.029
10104,0.027
10105,-0.034
10106,-0.105
10107,-0.1
10108,-0.022
10109,0.024
10110,-0.005
10111,0.022
10112,-0.085
10113,-0.11
10114,-0.002
10115,-0.1
10116,0.012
10117,0.056
10118,-0.083
10119,-0.034
10120,-0.039
10121,-0.063
10122,-0.085
10123,-0.078
10124,-0.037
10125,-0.029
10126,-0.044
10127,-0.024
10128,-0.007
10129,0.056
10130,-0.029
10131,-0.005
10132,0.032
10133,-0.078
10134,0.066
10135,0.056
10136,0.01
10137,0.083
10138,-0.046
10139,-0.02
10140,0.042
10141,0.061
10142,0.01
10143,0.078
10144,0.037
10145,-0.042
10146,-0.005
10147,-0.027
10148,0.073
10149,0.0
10150,-0.09
10151,-0.017
10152,-0.022
10153,0.024
10154,0.034
10155,0.042
10156,0.12
10157,0.068
10158,-0.085
10159,-0.02
10160,-0.002
10161,0.02
10162,-0.012
10163,-0.012
10164,-0.022
10165,0.002
10166,0.015
10167,-0.029
10168,-0.083
10169,0.11
10170,0.098
10171,-0.007
10172,-0.076
10173,0.054
10174,0.022
10175,0.046
10176,0.029
10177,0.063
10178,-0.037
10179,-0.066
10180,0.005
10181,-0.015
10182,-0.049
10183,0.044
10184,0.039
10185,-0.056
10186,-0.024
10187,-0.012
10188,0.042
10189,-0.042
10190,0.017
10191,0.054
10192,0.146
10193,0.017
10194,-0.059
10195,-0.027
10196,0.042
10197,-0.022
10198,-0.061
10199,-0.085
10200,0.044
10201,-0.015
10202,-0.063
10203,-0.054
10204,0.007
10205,0.051
10206,0.098
10207,-0.022
10208,-0.056
10209,0.01
10210,0.029
10211,0.046
10212,-0.017
10213,0.049
10214,0.085
10215,0.044
10216,-0.017
10217,0.068
10218,-0.024
10219,0.049
10220,-0.015
10221,-0.095
10222,-0.088
10223,-0.073
10224,-0.002
10225,-0.139
10226,-0.046
10227,0.042
10228,-0.01
10229,0.01
10230,-0.093
10231,-0.137
10232,0.125
10233,0.107
10234,0.088
10235,0.022
10236,0.032
10237,0.032
10238,-0.042
10239,-0.107
10240,-0.012
10241,0.034
10242,0.01
10243,-0.039
10244,-0.073
10245,-0.051
10246,-0.12
10247,-0.234
10248,-0.071
10249,-0.129
10250,-0.051
10251,-0.002
10252,-0.066
10253,0.044
10254,0.049
10255,0.103
10256,-0.029
10257,-0.2
10258,0.056
10259,0.071
10260,-0.015
10261,-0.027
10262,-0.068
10263,-0.044
10264,-0.088
10265,-0.164
10266,-0.044
10267,-0.078
10268,0.017
10269,-0.159
10270,-0.039
10271,-0.034
10272,-0.039
10273,0.029
10274,0.088
10275,-0.032
10276,-0.034
10277,0.127
10278,0.083
10279,0.061
10280,0.022
10281,0.029
10282,0.076
10283,-0.015
10284,0.049
10285,0.056
10286,0.073
10287,0.078
10288,-0.088
10289,0.037
10290,0.051
10291,0.0
10292,-0.02
10293,-0.049
10294,0.022
10295,-0.015
10296,0.071
10297,0.161
10298,0.168
10299,0.103
10300,0.024
10301,0.078
10302,0.127
10303,0.151
10304,0.024
10305,0.071
10306,-0.022
10307,0.046
10308,0.142
10309,-0.112
10310,0.022
10311,-0.032
10312,-0.051
10313,0.154
10314,0.015
10315,0.02
10316,0.068
10317,-0.095
10318,0.154
10319,0.044
10320,0.09
10321,0.122
10322,0.073
10323,0.125
10324,-0.01
10325,-0.039
10326,0.144
10327,0.01
10328,-0.066
10329,-0.01
10330,0.061
10331,0.034
10332,-0.012
10333,0.083
10334,0.017
10335,-0.002
10336,0.022
10337,0.051
10338,-0.022
10339,0.01
10340,-0.002
10341,0.005
10342,-0.032
10343,0.005
10344,0.02
10345,-0.002
10346,-0.034
10347,0.017
10348,-0.046
10349,-0.012
10350,0.046
10351,0.1
10352,0.015
10353,-0.007
10354,-0.007
10355,-0.054
10356,-0.032
10357,-0.068
10358,0.105
10359,0.02
10360,0.017
10361,-0.046
10362,-0.078
10363,0.1
10364,0.007
10365,-0.125
10366,0.027
10367,-0.117
10368,-0.078
10369,0.0
10370,-0.068
10371,-0.015
10372,-0.002
10373,0.024
10374,0.076
10375,-0.144
10376,0.049
10377,0.1
10378,0.076
10379,-0.049
10380,-0.012
10381,-0.029
10382,0.11
10383,-0.11
10384,0.005
10385,0.066
10386,-0.071
10387,0.066
10388,0.02
10389,-0.044
10390,0.051
10391,-0.056
10392,-0.081
10393,0.11
10394,-0.056
10395,-0.112
10396,0.029
10397,0.085
10398,0.1
10399,0.11
10400,0.149
10401,0.022
10402,0.159
10403,0.054
10404,-0.076
10405,0.061
10406,-0.005
10407,-0.071
10408,-0.09
10409,-0.081
10410,0.066
10411,0.061
10412,0.024
10413,-0.122
10414,0.032
10415,0.103
10416,0.09
10417,0.093
10418,0.129
10419,0.024
10420,-0.046
10421,0.11
10422,0.122
10423,-0.085
10424,-0.005
10425,-0.037
10426,0.012
10427,0.105
10428,0.095
10429,-0.073
10430,-0.022
10431,0.046
10432,-0.022
10433,0.024
10434,0.046
10435,-0.056
10436,-0.027
10437,0.098
10438,0.044
10439,-0.017
10440,0.027
10441,-0.015
10442,-0.056
10443,-0.137
10444,-0.09
10445,-0.037
10446,-0.083
10447,-0.088
10448,-0.1
10449,-0.159
10450,-0.122
10451,0.024
10452,0.042
10453,0.005
10454,-0.002
10455,-0.022
10456,-0.034
10457,-0.078
10458,0.063
10459,0.005
10460,0.142
10461,-0.046
10462,-0.073
10463,-0.073
10464,-0.1
10465,0.093
10466,-0.027
10467,-0.112
10468,0.032
10469,-0.012
10470,-0.037
10471,-0.063
10472,-0.034
10473,-0.12
10474,0.012
10475,0.046
10476,0.027
10477,0.032
10478,-0.002
10479,0.061
10480,-0.078
10481,-0.242
10482,-0.002
10483,0.085
10484,-0.071
10485,-0.078
10486,-0.02
10487,0.054
10488,-0.063
10489,-0.083
10490,-0.049
10491,-0.122
10492,-0.061
10493,0.007
10494,0.02
10495,-0.071
10496,-0.012
10497,0.046
10498,-0.034
10499,0.034
10500,0.01
10501,-0.01
10502,-0.024
10503,-0.056
10504,-0.039
10505,-0.051
10506,0.107
10507,0.037
10508,0.005
10509,-0.073
10510,-0.063
10511,-0.11
10512,-0.068
10513,0.125
10514,0.015
10515,-0.166
10516,-0.059
10517,-0.027
10518,0.039
10519,0.002
10520,-0.029
10521,-0.032
10522,-0.034
10523,0.037
10524,0.088
10525,-0.002
10526,0.037
10527,0.024
10528,-0.044
10529,-0.073
10530,-0.061
10531,-0.056
10532,-0.134
10533,0.032
10534,0.01
10535,-0.076
10536,-0.11
10537,-0.127
10538,-0.073
10539,-0.134
10540,-0.012
10541,0.002
10542,-0.032
10543,-0.015
10544,0.061
10545,-0.078
10546,0.061
10547,0.051
10548,0.029
10549,-0.007
10550,-0.049
10551,0.081
10552,-0.051
10553,-0.024
10554,0.125
10555,0.085
10556,0.024
10557,-0.063
10558,-0.039
10559,0.066
10560,-0.059
10561,-0.083
10562,0.032
10563,-0.034
10564,0.017
10565,0.107
10566,0.09
10567,0.098
10568,0.02
10569,-0.005
10570,-0.015
10571,-0.125
10572,-0.151
10573,0.046
10574,0.034
10575,-0.044
10576,-0.1
10577,-0.129
10578,0.024
10579,0.027
10580,0.083
10581,-0.042
10582,-0.005
10583,0.146
10584,0.149
10585,-0.081
10586,0.007
10587,0.078
10588,0.029
10589,0.068
10590,0.098
10591,-0.029
10592,0.044
10593,0.1
10594,-0.015
10595,-0.059
10596,0.029
10597,0.0
10598,0.139
10599,0.132
10600,0.005
10601,-0.015
10602,-0.034
10603,-0.002
10604,0.002
10605,-0.066
10606,-0.085
10607,-0.017
10608,0.071
10609,0.042
10610,-0.076
10611,-0.061
10612,0.044
10613,0.044
10614,0.132
10615,-0.002
10616,0.022
10617,-0.022
10618,0.046
10619,0.032
10620,-0.012
10621,-0.078
10622,0.078
10623,0.09
10624,-0.095
10625,-0.073
10626,0.027
10627,0.078
10628,0.029
10629,-0.088
10630,-0.095
10631,-0.002
10632,0.059
10633,-0.042
10634,0.005
10635,-0.012
10636,0.007
10637,0.017
10638,-0.032
10639,0.0
10640,0.059
10641,0.044
10642,0.095
10643,0.034
10644,0.071
10645,0.0
10646,-0.11
10647,0.054
10648,-0.005
10649,-0.024
10650,-0.022
10651,-0.056
10652,0.015
10653,-0.027
10654,-0.105
10655,0.107
10656,-0.002
10657,0.015
10658,0.046
10659,-0.073
10660,0.149
10661,-0.01
10662,-0.051
10663,0.046
10664,-0.063
10665,0.01
10666,0.02
10667,-0.078
10668,-0.042
10669,-0.063
10670,-0.1
10671,-0.034
10672,0.034
10673,0.046
10674,0.02
10675,-0.066
10676,-0.115
10677,0.1
10678,0.132
10679,-0.034
10680,0.0
10681,0.068
10682,0.039
10683,-0.044
10684,0.044
10685,0.125
10686,0.054
10687,0.037
10688,-0.044
10689,-0.068
10690,-0.037
10691,-0.061
10692,0.005
10693,0.105
10694,-0.034
10695,-0.027
10696,0.071
10697,0.027
10698,-0.066
10699,0.056
10700,0.024
10701,0.081
10702,-0.056
10703,-0.085
10704,0.061
10705,0.032
10706,0.061
10707,-0.095
10708,-0.1
10709,0.056
10710,-0.063
10711,-0.01
10712,-0.032
10713,-0.015
10714,-0.076
10715,-0.112
10716,0.068
10717,-0.017
10718,-0.11
10719,0.037
10720,0.063
10721,0.024
10722,-0.022
10723,0.007
10724,0.032
10725,0.059
10726,0.151
10727,-0.027
10728,-0.139
10729,-0.032
10730,0.071
10731,0.044
10732,-0.054
10733,-0.107
10734,0.032
10735,-0.042
10736,0.0
10737,0.024
10738,-0.037
10739,0.005
10740,-0.09
10741,-0.093
10742,0.017
10743,0.022
10744,0.122
10745,-0.002
10746,-0.068
10747,-0.029
10748,-0.024
10749,0.085
10750,0.056
10751,-0.073
10752,-0.044
10753,0.029
10754,-0.051
10755,-0.088
10756,0.066
10757,0.061
10758,0.029
10759,-0.017
10760,0.073
10761,-0.022
10762,-0.129
10763,-0.054
10764,0.078
10765,0.103
10766,0.09
10767,0.034
10768,-0.054
10769,-0.024
10770,0.044
10771,-0.1
10772,-0.132
10773,0.098
10774,0.037
10775,0.059
10776,0.127
10777,0.083
10778,0.037
10779,0.144
10780,0.112
10781,0.093
10782,0.029
10783,-0.032
10784,-0.034
10785,-0.112
10786,-0.042
10787,0.059
10788,-0.066
10789,-0.061
10790,-0.134
10791,-0.081
10792,-0.149
10793,-0.151
10794,-0.117
10795,-0.071
10796,-0.044
10797,-0.032
10798,0.054
10799,0.105
10800,-0.073
10801,-0.107
10802,0.032
10803,-0.007
10804,-0.073
10805,-0.02
10806,0.042
10807,-0.093
10808,-0.027
10809,-0.076
10810,-0.188
10811,-0.073
10812,-0.1
10813,0.02
10814,-0.046
10815,-0.046
10816,0.071
10817,0.051
10818,-0.059
10819,-0.002
10820,0.022
10821,0.127
10822,0.012
10823,-0.042
10824,0.049
10825,-0.027
10826,-0.093
10827,-0.085
10828,0.002
10829,-0.056
10830,0.029
10831,-0.059
10832,-0.073
10833,-0.083
10834,-0.11
10835,-0.115
10836,-0.049
10837,-0.022
10838,-0.015
10839,0.049
10840,-0.029
10841,0.037
10842,0.039
10843,-0.063
10844,0.046
10845,0.068
10846,-0.024
10847,-0.032
10848,0.042
10849,-0.034
10850,-0.088
10851,-0.042
10852,-0.168
10853,-0.146
10854,-0.063
10855,-0.051
10856,-0.105
10857,-0.085
10858,0.037
10859,-0.012
10860,-0.015
10861,-0.027
10862,-0.076
10863,0.117
10864,0.068
10865,-0.022
10866,0.156
10867,-0.054
10868,-0.027
10869,-0.022
10870,-0.029
10871,-0.024
10872,-0.078
10873,-0.039
10874,0.007
10875,-0.081
10876,-0.093
10877,-0.044
10878,0.029
10879,-0.037
10880,-0.063
10881,-0.015
10882,0.032
10883,0.002
10884,0.083
10885,0.024
10886,0.01
10887,0.078
10888,0.088
10889,-0.034
10890,0.005
10891,-0.085
10892,0.0
10893,-0.044
10894,0.051
10895,-0.037
10896,-0.015
10897,-0.027
10898,-0.1
10899,-0.029
10900,0.051
10901,0.151
10902,-0.024
10903,-0.122
10904,0.02
10905,-0.083
10906,0.095
10907,0.02
10908,0.034
10909,0.164
10910,0.081
10911,-0.044
10912,-0.139
10913,-0.068
10914,0.0
10915,0.0
10916,-0.066
10917,-0.076
10918,-0.071
10919,-0.005
10920,-0.11
10921,-0.015
10922,-0.09
10923,0.029
10924,-0.037
10925,-0.161
10926,-0.02
10927,0.002
10928,-0.01
10929,-0.032
10930,-0.029
10931,-0.012
10932,0.015
10933,-0.061
10934,-0.071
10935,-0.051
10936,0.051
10937,0.005
10938,-0.066
10939,-0.044
10940,0.073
10941,-0.107
10942,-0.015
10943,0.11
10944,0.081
10945,0.012
10946,0.017
10947,-0.076
10948,0.063
10949,0.061
10950,0.046
10951,-0.068
10952,0.081
10953,0.002
10954,-0.039
10955,0.112
10956,0.085
10957,0.02
10958,-0.024
10959,-0.081
10960,0.042
10961,0.017
10962,0.034
10963,0.09
10964,0.093
10965,-0.127
10966,0.073
10967,-0.042
10968,0.017
10969,-0.078
10970,-0.01
10971,0.073
10972,0.039
10973,-0.046
10974,0.002
10975,0.0
10976,-0.029
10977,-0.02
10978,0.081
10979,0.0
10980,0.063
10981,0.083
10982,0.068
10983,0.12
10984,0.085
10985,0.164
10986,0.103
10987,0.027
10988,0.071
10989,-0.022
10990,0.11
10991,0.066
10992,0.061
10993,0.024
10994,-0.029
10995,0.029
10996,-0.017
10997,0.046
10998,-0.002
10999,0.034
11000,0.034
11001,0.059
11002,0.066
11003,-0.02
11004,0.061
11005,-0.017
11006,0.051
11007,0.032
11008,0.042
11009,0.042
11010,-0.024
11011,-0.02
11012,-0.134
11013,-0.054
11014,-0.027
11015,-0.007
11016,0.0
11017,-0.017
11018,-0.068
11019,0.007
11020,0.078
11021,0.02
11022,0.122
11023,0.032
11024,-0.071
11025,0.076
11026,0.068
11027,0.039
11028,0.125
11029,0.054
11030,-0.022
11031,0.078
11032,-0.007
11033,-0.046
11034,-0.085
11035,-0.015
11036,-0.022
11037,-0.042
11038,-0.107
11039,0.061
11040,-0.051
11041,-0.063
11042,0.046
11043,-0.088
11044,0.005
11045,0.117
11046,0.156
11047,0.083
11048,0.02
11049,0.098
11050,0.073
11051,-0.015
11052,0.051
11053,0.081
11054,-0.022
11055,0.068
11056,0.049
11057,0.071
11058,0.005
11059,0.02
11060,0.049
11061,0.0
11062,-0.037
11063,-0.056
11064,0.017
11065,0.017
11066,0.107
11067,-0.007
11068,0.051
11069,0.103
11070,0.063
11071,0.088
11072,-0.1
11073,-0.034
11074,0.107
11075,-0.005
11076,-0.115
11077,0.049
11078,0.032
11079,-0.081
11080,-0.071
11081,0.032
11082,-0.024
11083,0.02
11084,0.024
11085,0.071
11086,-0.007
11087,-0.076
11088,0.024
11089,-0.085
11090,0.01
11091,0.142
11092,0.129
11093,-0.078
11094,-0.059
11095,-0.09
11096,-0.017
11097,-0.007
11098,0.017
11099,0.046
11100,0.01
11101,0.061
11102,0.054
11103,0.024
11104,0.056
11105,-0.073
11106,-0.125
11107,0.027
11108,0.083
11109,0.051
11110,0.054
11111,-0.066
11112,-0.066
11113,-0.044
11114,0.034
11115,0.085
11116,-0.122
11117,-0.066
11118,-0.02
11119,-0.007
11120,0.085
11121,0.017
11122,-0.005
11123,0.01
11124,-0.122
11125,0.034
11126,0.154
11127,-0.186
11128,-0.01
11129,0.042
11130,0.063
11131,0.022
11132,-0.095
11133,0.059
11134,0.034
11135,-0.129
11136,-0.017
11137,-0.039
11138,0.002
11139,0.0
11140,-0.061
11141,0.088
11142,0.02
11143,0.032
11144,0.054
11145,-0.034
11146,0.059
11147,0.083
11148,-0.005
11149,-0.066
11150,0.039
11151,0.061
11152,0.032
11153,-0.037
11154,-0.107
11155,0.024
11156,0.039
11157,-0.12
11158,-0.11
11159,0.017
11160,-0.005
11161,-0.056
11162,0.042
11163,0.051
11164,0.046
11165,0.054
11166,0.042
11167,-0.105
11168,0.12
11169,0.1
11170,0.078
11171,-0.002
11172,-0.029
11173,0.037
11174,0.015
11175,0.044
11176,-0.02
11177,0.029
11178,0.002
11179,-0.068
11180,-0.029
11181,0.034
11182,0.061
11183,0.005
11184,-0.042
11185,-0.078
11186,0.073
11187,0.107
11188,0.034
11189,0.01
11190,-0.076
11191,0.027
11192,-0.032
11193,0.081
11194,0.007
11195,-0.098
11196,0.032
11197,-0.103
11198,-0.149
11199,-0.024
11200,0.044
11201,-0.059
11202,-0.066
11203,0.12
11204,0.21
11205,-0.083
11206,0.061
11207,0.049
11208,0.107
11209,0.063
11210,0.015
11211,0.024
11212,0.081
11213,0.032
11214,0.0
11215,-0.027
11216,-0.149
11217,-0.056
11218,0.022
11219,0.007
11220,-0.032
11221,-0.107
11222,-0.054
11223,-0.02
11224,-0.037
11225,-0.037
11226,0.049
11227,0.012
11228,0.061
11229,0.095
11230,0.01
11231,-0.037
11232,-0.076
11233,-0.002
11234,-0.029
11235,-0.02
11236,0.042
11237,0.078
11238,0.024
11239,-0.039
11240,-0.029
11241,0.12
11242,0.049
11243,-0.063
11244,0.042
11245,0.061
11246,0.059
11247,0.042
11248,0.107
11249,-0.054
11250,0.022
11251,0.0
11252,-0.024
11253,0.037
11254,-0.002
11255,0.034
11256,-0.007
11257,-0.066
11258,-0.068
11259,-0.061
11260,-0.115
11261,-0.015
11262,-0.012
11263,-0.081
11264,0.056
11265,-0.066
11266,-0.046
11267,0.034
11268,-0.024
11269,0.012
11270,-0.015
11271,0.046
11272,0.054
11273,-0.076
11274,-0.085
11275,-0.037
11276,-0.085
11277,0.042
11278,-0.015
11279,-0.071
11280,-0.11
11281,0.046
11282,-0.061
11283,0.103
11284,0.017
11285,0.0
11286,0.125
11287,-0.037
11288,0.168
11289,-0.01
11290,-0.09
11291,0.024
11292,0.039
11293,0.012
11294,-0.029
11295,0.002
11296,0.002
11297,0.054
11298,-0.071
11299,-0.088
11300,0.005
11301,-0.059
11302,-0.032
11303,0.005
11304,-0.076
11305,0.017
11306,0.015
11307,-0.049
11308,0.049
11309,0.042
11310,0.022
11311,0.061
11312,0.061
11313,0.044
11314,-0.022
11315,-0.037
11316,0.015
11317,0.022
11318,-0.176
11319,-0.012
11320,0.063
11321,-0.066
11322,-0.005
11323,-0.076
11324,-0.01
11325,0.032
11326,-0.088
11327,-0.012
11328,0.002
11329,0.0
11330,0.022
11331,-0.034
11332,-0.029
11333,-0.12
11334,-0.088
11335,0.012
11336,-0.095
11337,-0.029
11338,0.017
11339,-0.044
11340,-0.068
11341,0.007
11342,-0.039
11343,-0.042
11344,-0.078
11345,0.002
11346,0.002
11347,-0.071
11348,-0.012
11349,-0.061
11350,0.078
11351,0.01
11352,-0.01
11353,-0.088
11354,-0.042
11355,0.005
11356,-0.056
11357,-0.032
11358,-0.122
11359,-0.166
11360,-0.012
11361,-0.024
11362,-0.115
11363,0.059
11364,0.122
11365,-0.071
11366,-0.02
11367,0.083
11368,0.054
11369,-0.095
11370,-0.015
11371,0.032
11372,0.002
11373,0.151
11374,0.054
11375,0.085
11376,-0.002
11377,-0.061
11378,-0.059
11379,-0.015
11380,-0.059
11381,-0.007
11382,-0.059
11383,0.029
11384,-0.112
11385,-0.054
11386,0.029
11387,0.02
11388,0.044
11389,0.051
11390,-0.012
11391,0.073
11392,0.042
11393,-0.042
11394,-0.1
11395,-0.046
11396,0.027
11397,0.012
11398,-0.168
11399,-0.129
11400,-0.007
11401,-0.068
11402,-0.051
11403,-0.039
11404,0.002
11405,0.063
11406,-0.068
11407,0.061
11408,0.127
11409,0.01
11410,0.171
11411,-0.076
11412,-0.042
11413,0.1
11414,0.046
11415,0.005
11416,-0.103
11417,-0.042
11418,0.071
11419,-0.093
11420,-0.134
11421,0.056
11422,-0.066
11423,-0.024
11424,-0.112
11425,-0.015
11426,-0.022
11427,-0.012
11428,0.056
11429,-0.022
11430,-0.046
11431,0.037
11432,0.024
11433,-0.066
11434,-0.056
11435,-0.088
11436,0.081
11437,-0.037
11438,-0.117
11439,0.042
11440,-0.107
11441,-0.002
11442,0.017
11443,-0.024
11444,-0.02
11445,-0.024
11446,-0.012
11447,0.071
11448,-0.029
11449,0.098
11450,0.1
11451,-0.107
11452,0.039
11453,-0.081
11454,-0.049
11455,0.005
11456,-0.005
11457,0.049
11458,-0.005
11459,-0.02
11460,-0.051
11461,-0.037
11462,-0.083
11463,-0.024
11464,-0.015
11465,0.01
11466,0.01
11467,-0.027
11468,0.132
11469,-0.015
11470,-0.005
11471,0.027
11472,0.076
11473,0.017
11474,-0.046
11475,-0.117
11476,0.029
11477,0.0
11478,-0.044
11479,-0.02
11480,-0.166
11481,-0.017
11482,-0.129
11483,-0.024
11484,-0.063
11485,0.063
11486,0.11
11487,-0.061
11488,0.125
11489,0.056
11490,0.046
11491,0.046
11492,0.049
11493,0.029
11494,-0.005
11495,0.039
11496,-0.024
11497,0.017
11498,0.034
11499,0.046
11500,-0.154
11501,-0.005
11502,0.024
11503,-0.056
11504,0.012
11505,0.02
11506,-0.046
11507,-0.024
11508,-0.051
11509,-0.007
11510,0.088
11511,0.151
11512,0.017
11513,0.005
11514,0.066
11515,0.007
11516,0.034
11517,-0.11
11518,0.039
11519,0.029
11520,0.01
11521,0.0
11522,-0.059
11523,0.012
11524,-0.156
11525,-0.029
11526,-0.12
11527,-0.081
11528,0.132
11529,0.027
11530,0.024
11531,-0.012
11532,0.017
11533,0.02
11534,0.105
11535,-0.044
11536,-0.059
11537,0.1
11538,0.027
11539,0.081
11540,-0.071
11541,0.02
11542,-0.039
11543,-0.063
11544,-0.024
11545,-0.015
11546,0.054
11547,0.032
11548,0.088
11549,-0.029
11550,-0.046
11551,0.066
11552,0.042
11553,-0.01
11554,0.0
11555,-0.107
11556,0.034
11557,-0.027
11558,-0.088
11559,0.032
11560,-0.112
11561,-0.051
11562,0.049
11563,-0.02
11564,-0.122
11565,-0.027
11566,0.027
11567,0.132
11568,0.159
11569,-0.073
11570,-0.015
11571,0.164
11572,0.051
11573,0.083
11574,-0.027
11575,-0.044
11576,0.103
11577,-0.042
11578,0.015
11579,-0.007
11580,0.007
11581,0.078
11582,-0.054
11583,0.022
11584,-0.02
11585,-0.076
11586,0.024
11587,-0.059
11588,-0.005
11589,-0.071
11590,-0.007
11591,0.005
11592,0.115
11593,0.01
11594,0.029
11595,0.09
11596,0.0
11597,-0.022
11598,0.007
11599,-0.078
11600,-0.012
11601,0.059
11602,0.005
11603,-0.061
11604,0.015
11605,0.015
11606,-0.015
11607,-0.063
11608,-0.051
11609,0.098
11610,0.044
11611,-0.005
11612,0.034
11613,0.02
11614,0.005
11615,-0.054
11616,0.015
11617,0.085
11618,-0.022
11619,-0.037
11620,-0.142
11621,0.012
11622,-0.032
11623,-0.002
11624,-0.012
11625,-0.051
11626,-0.024
11627,-0.015
11628,-0.073
11629,-0.007
11630,0.027
11631,-0.039
11632,0.027
11633,-0.046
11634,0.015
11635,0.049
11636,0.022
11637,-0.012
11638,0.005
11639,0.066
11640,-0.059
11641,-0.076
11642,-0.054
11643,0.056
11644,0.0
11645,0.061
11646,-0.083
11647,0.015
11648,-0.015
11649,0.071
11650,0.037
11651,0.054
11652,0.081
11653,0.066
11654,0.024
11655,-0.051
11656,0.078
11657,0.007
11658,-0.007
11659,0.032
11660,-0.037
11661,0.09
11662,-0.017
11663,0.002
11664,0.027
11665,0.068
11666,0.173
11667,0.093
11668,-0.007
11669,-0.039
11670,0.029
11671,0.022
11672,0.054
11673,0.073
11674,0.044
11675,0.071
11676,-0.034
11677,-0.024
11678,0.083
11679,0.049
11680,-0.085
11681,0.061
11682,-0.049
11683,-0.032
11684,-0.046
11685,-0.054
11686,-0.068
11687,-0.171
11688,0.002
11689,-0.039
11690,0.029
11691,0.066
11692,0.103
11693,-0.017
11694,0.005
11695,0.0
11696,-0.029
11697,0.068
11698,0.051
11699,-0.059
11700,-0.146
11701,0.027
11702,-0.129
11703,-0.117
11704,-0.017
11705,-0.012
11706,-0.056
11707,-0.081
11708,0.012
11709,-0.022
11710,-0.081
11711,-0.012
11712,0.088
11713,0.022
11714,-0.01
11715,-0.02
11716,0.088
11717,0.059
11718,0.071
11719,-0.027
11720,-0.112
11721,0.002
11722,-0.002
11723,-0.049
11724,-0.093
11725,0.125
11726,-0.034
11727,-0.046
11728,-0.054
11729,-0.073
11730,0.11
11731,0.039
11732,-0.027
11733,-0.01
11734,0.098
11735,0.088
11736,0.044
11737,0.015
11738,-0.054
11739,0.054
11740,-0.015
11741,-0.061
11742,0.017
11743,0.073
11744,-0.034
11745,-0.125
11746,-0.115
11747,0.107
11748,0.051
11749,-0.017
11750,0.012
11751,-0.144
11752,-0.037
11753,0.046
11754,0.042
11755,-0.017
11756,0.085
11757,0.076
11758,0.059
11759,0.029
11760,0.002
11761,0.137
11762,0.054
11763,-0.081
11764,0.042
11765,0.12
11766,0.068
11767,-0.044
11768,-0.083
11769,0.088
11770,0.103
11771,0.061
11772,-0.024
11773,0.02
11774,0.159
11775,0.02
11776,-0.054
11777,-0.015
11778,0.049
11779,0.073
11780,-0.076
11781,-0.027
11782,-0.034
11783,0.071
11784,-0.007
11785,0.005
11786,-0.132
11787,-0.039
11788,-0.044
11789,0.002
11790,-0.017
11791,0.02
11792,0.076
11793,0.015
11794,-0.095
11795,-0.029
11796,-0.02
11797,0.09
11798,-0.027
11799,-0.01
11800,0.042
11801,-0.09
11802,-0.088
11803,0.088
11804,0.181
11805,0.059
11806,-0.166
11807,-0.107
11808,0.027
11809,-0.037
11810,-0.066
11811,0.105
11812,0.137
11813,-0.129
11814,0.042
11815,0.042
11816,0.046
11817,0.063
11818,0.042
11819,0.095
11820,0.059
11821,-0.005
11822,-0.056
11823,0.02
11824,-0.017
11825,0.146
11826,0.054
11827,-0.051
11828,-0.061
11829,-0.005
11830,0.034
11831,0.002
11832,-0.049
11833,0.093
11834,0.159
11835,-0.056
11836,-0.015
11837,-0.024
11838,-0.024
11839,0.093
11840,-0.017
11841,0.046
11842,-0.115
11843,0.127
11844,0.09
11845,-0.01
11846,-0.012
11847,0.088
11848,0.032
11849,-0.029
11850,-0.044
11851,0.083
11852,0.051
11853,0.007
11854,0.11
11855,-0.005
11856,-0.005
11857,0.032
11858,0.093
11859,0.051
11860,-0.002
11861,-0.032
11862,0.051
11863,0.022
11864,-0.032
11865,0.015
11866,-0.034
11867,-0.066
11868,-0.059
11869,-0.073
11870,-0.024
11871,-0.032
11872,0.095
11873,-0.098
11874,0.044
11875,0.054
11876,-0.012
11877,0.059
11878,-0.049
11879,-0.032
11880,0.007
11881,-0.002
11882,-0.059
11883,-0.022
11884,-0.046
11885,-0.032
11886,-0.107
11887,0.107
11888,0.015
11889,-0.081
11890,0.046
11891,0.083
11892,-0.002
11893,0.081
11894,-0.042
11895,-0.115
11896,-0.059
11897,-0.022
11898,0.02
11899,0.049
11900,-0.02
11901,0.049
11902,-0.068
11903,0.044
11904,-0.068
11905,0.005
11906,0.002
11907,0.012
11908,-0.061
11909,-0.134
11910,-0.049
11911,-0.037
11912,-0.051
11913,-0.056
11914,0.046
11915,0.02
11916,-0.076
11917,0.095
11918,0.081
11919,0.068
11920,-0.01
11921,0.002
11922,-0.037
11923,-0.112
11924,-0.071
11925,0.01
11926,-0.088
11927,-0.029
11928,-0.063
11929,-0.076
11930,0.027
11931,0.02
11932,0.073
11933,-0.024
11934,-0.034
11935,-0.01
11936,-0.007
11937,0.066
11938,-0.046
11939,0.098
11940,0.117
11941,0.029
11942,0.034
11943,0.168
11944,0.032
11945,0.107
11946,-0.02
11947,-0.012
11948,-0.068
11949,0.0
11950,0.09
11951,0.005
11952,0.034
11953,-0.168
11954,-0.063
11955,0.122
11956,-0.044
11957,0.061
11958,-0.044
11959,-0.056
11960,0.049
11961,0.015
11962,-0.103
11963,-0.049
11964,-0.059
11965,0.044
11966,-0.017
11967,-0.081
11968,-0.09
11969,-0.059
11970,-0.054
11971,-0.081
11972,0.034
11973,-0.044
11974,0.051
11975,-0.063
11976,-0.015
11977,0.063
11978,0.044
11979,0.156
11980,0.103
11981,0.042
11982,-0.081
11983,0.059
11984,-0.012
11985,-0.02
11986,-0.105
11987,-0.244
11988,-0.117
11989,-0.051
11990,-0.125
11991,-0.049
11992,0.015
11993,0.098
11994,0.122
11995,-0.173
11996,-0.1
11997,-0.088
11998,0.042
11999,0.071
12000,-0.1
12001,0.027
12002,0.002
12003,0.056
12004,-0.066
12005,-0.122
12006,-0.017
12007,-0.054
12008,-0.002
12009,-0.032
12010,-0.1
12011,-0.005
12012,-0.007
12013,-0.042
12014,-0.017
12015,0.039
12016,0.049
12017,0.085
12018,-0.012
12019,0.095
12020,0.046
12021,0.054
12022,-0.032
12023,0.049
12024,-0.042
12025,0.01
12026,-0.017
12027,-0.042
12028,0.056
12029,-0.042
12030,-0.103
12031,-0.049
12032,-0.132
12033,0.071
12034,-0.061
12035,-0.049
12036,0.022
12037,-0.098
12038,-0.037
12039,0.039
12040,0.032
12041,-0.076
12042,0.022
12043,0.127
12044,0.022
12045,0.056
12046,-0.042
12047,-0.078
12048,0.022
12049,-0.007
12050,-0.098
12051,-0.061
12052,-0.056
12053,-0.073
12054,-0.056
12055,-0.144
12056,-0.11
12057,-0.032
12058,0.117
12059,-0.017
12060,-0.044
12061,0.186
12062,0.105
12063,0.066
12064,0.0
12065,0.056
12066,0.088
12067,0.093
12068,-0.02
12069,-0.081
12070,0.007
12071,-0.02
12072,0.0
12073,-0.103
12074,-0.005
12075,0.032
12076,-0.027
12077,0.083
12078,-0.015
12079,-0.039
12080,0.039
12081,0.112
12082,0.122
12083,-0.046
12084,-0.061
12085,-0.012
12086,-0.066
12087,-0.051
12088,-0.1
12089,-0.127
12090,-0.039
12091,-0.098
12092,-0.144
12093,-0.122
12094,-0.132
12095,-0.159
12096,0.007
12097,0.01
12098,-0.063
12099,0.049
12100,0.134
12101,0.046
12102,-0.017
12103,0.029
12104,0.098
12105,0.149
12106,-0.007
12107,-0.083
12108,0.022
12109,-0.068
12110,-0.01
12111,-0.076
12112,-0.093
12113,-0.054
12114,-0.063
12115,-0.034
12116,-0.068
12117,-0.002
12118,0.039
12119,0.044
12120,0.037
12121,-0.056
12122,0.093
12123,-0.017
12124,0.015
12125,0.12
12126,0.005
12127,0.105
12128,-0.022
12129,-0.044
12130,-0.046
12131,-0.107
12132,-0.027
12133,-0.156
12134,-0.007
12135,0.042
12136,-0.085
12137,-0.059
12138,0.105
12139,0.051
12140,-0.024
12141,0.007
12142,-0.076
12143,0.007
12144,0.059
12145,0.039
12146,0.054
12147,-0.012
12148,0.024
12149,0.073
12150,-0.037
12151,-0.012
12152,0.024
12153,0.081
12154,-0.051
12155,0.032
12156,-0.01
12157,0.061
12158,0.039
12159,-0.002
12160,0.054
12161,-0.071
12162,0.005
12163,-0.012
12164,0.032
12165,0.027
12166,-0.012
12167,0.059
12168,0.073
12169,-0.039
12170,-0.012
12171,-0.076
12172,-0.125
12173,-0.09
12174,-0.088
12175,0.012
12176,0.088
12177,0.027
12178,-0.054
12179,-0.02
12180,0.037
12181,0.007
12182,0.034
12183,0.015
12184,-0.024
12185,0.078
12186,-0.063
12187,-0.061
12188,0.085
12189,-0.098
12190,-0.11
12191,-0.027
12192,-0.1
12193,-0.039
12194,-0.068
12195,-0.129
12196,0.01
12197,-0.022
12198,-0.134
12199,0.029
12200,-0.022
12201,0.012
12202,0.034
12203,-0.049
12204,0.061
12205,0.125
12206,0.049
12207,0.093
12208,-0.073
12209,-0.085
12210,-0.034
12211,-0.051
12212,-0.073
12213,-0.09
12214,0.078
12215,0.046
12216,-0.095
12217,-0.093
12218,0.054
12219,-0.027
12220,-0.024
12221,-0.032
12222,0.007
12223,0.166
12224,0.068
12225,0.09
12226,-0.005
12227,-0.02
12228,0.083
12229,0.032
12230,-0.095
12231,-0.103
12232,0.066
12233,-0.007
12234,-0.122
12235,0.01
12236,-0.061
12237,-0.083
12238,0.029
12239,-0.032
12240,0.015
12241,0.046
12242,0.081
12243,0.056
12244,0.066
12245,0.078
12246,0.017
12247,0.007
12248,0.081
12249,0.188
12250,0.005
12251,-0.073
12252,0.105
12253,0.088
12254,0.054
12255,-0.085
12256,-0.083
12257,-0.002
12258,-0.103
12259,0.007
12260,0.032
12261,-0.129
12262,0.029
12263,0.061
12264,0.083
12265,0.093
12266,0.151
12267,0.112
12268,-0.005
12269,-0.063
12270,-0.073
12271,0.078
12272,-0.078
12273,-0.061
12274,-0.007
12275,0.005
12276,-0.029
12277,-0.029
12278,0.073
12279,-0.063
12280,0.007
12281,-0.017
12282,0.015
12283,0.105
12284,-0.046
12285,0.039
12286,-0.007
12287,0.0
12288,0.063
12289,0.032
12290,0.085
12291,0.022
12292,-0.049
12293,0.005
12294,0.022
12295,0.0
12296,-0.1
12297,-0.015
12298,-0.005
12299,0.02
12300,0.007
12301,-0.068
12302,-0.005
12303,0.042
12304,-0.02
12305,0.112
12306,0.073
12307,0.059
12308,0.061
12309,0.066
12310,0.063
12311,-0.022
12312,0.027
12313,0.09
12314,0.068
12315,-0.029
12316,0.029
12317,-0.093
12318,-0.029
12319,-0.164
12320,0.005
12321,0.037
12322,-0.054
12323,0.088
12324,0.078
12325,-0.061
12326,-0.076
12327,0.029
12328,-0.022
12329,0.02
12330,-0.054
12331,-0.024
12332,-0.049
12333,0.0
12334,-0.032
12335,-0.085
12336,0.051
12337,0.039
12338,0.012
12339,0.11
12340,0.01
12341,0.039
12342,0.024
12343,-0.007
12344,0.044
12345,0.083
12346,0.117
12347,0.134
12348,0.061
12349,0.042
12350,-0.02
12351,0.024
12352,0.049
12353,0.02
12354,-0.017
12355,-0.081
12356,0.061
12357,-0.137
12358,-0.125
12359,-0.015
12360,-0.007
12361,-0.164
12362,0.015
12363,0.007
12364,-0.093
12365,-0.051
12366,-0.085
12367,0.166
12368,0.0
12369,-0.1
12370,-0.007
12371,-0.083
12372,-0.054
12373,0.105
12374,0.034
12375,-0.061
12376,-0.063
12377,-0.073
12378,0.098
12379,0.044
12380,-0.073
12381,-0.085
12382,-0.044
12383,0.076
12384,-0.024
12385,-0.015
12386,-0.056
12387,0.044
12388,0.034
12389,-0.146
12390,-0.085
12391,0.142
12392,-0.022
12393,-0.012
12394,-0.051
12395,-0.117
12396,-0.022
12397,-0.076
12398,-0.176
12399,-0.044
12400,-0.005
12401,0.127
12402,-0.005
12403,-0.088
12404,-0.029
12405,0.117
12406,0.112
12407,0.061
12408,0.039
12409,0.105
12410,0.076
12411,0.139
12412,-0.02
12413,-0.059
12414,-0.046
12415,0.002
12416,0.105
12417,-0.078
12418,-0.061
12419,0.0
12420,0.09
12421,-0.029
12422,-0.034
12423,0.085
12424,0.093
12425,0.059
12426,0.017
12427,0.105
12428,0.073
12429,0.059
12430,-0.078
12431,-0.005
12432,-0.146
12433,-0.154
12434,0.02
12435,-0.024
12436,-0.032
12437,-0.061
12438,-0.149
12439,-0.078
12440,-0.1
12441,0.054
12442,0.098
12443,-0.051
12444,0.042
12445,0.042
12446,-0.024
12447,0.042
12448,-0.007
12449,0.081
12450,0.002
12451,-0.015
12452,0.002
12453,-0.044
12454,-0.005
12455,-0.017
12456,0.022
12457,-0.076
12458,-0.112
12459,-0.076
12460,0.039
12461,0.024
12462,-0.017
12463,-0.007
12464,0.071
12465,0.054
12466,-0.007
12467,-0.042
12468,0.0
12469,0.037
12470,-0.088
12471,-0.017
12472,-0.027
12473,0.027
12474,0.042
12475,-0.083
12476,-0.095
12477,-0.007
12478,0.034
12479,-0.078
12480,-0.005
12481,-0.029
12482,0.042
12483,-0.017
12484,-0.002
12485,0.056
12486,-0.112
12487,0.02
12488,0.188
12489,0.066
12490,-0.029
12491,0.024
12492,0.02
12493,0.037
12494,-0.12
12495,-0.095
12496,0.002
12497,-0.046
12498,0.012
12499,0.063
12500,-0.117
12501,-0.159
12502,-0.071
12503,-0.081
12504,-0.151
12505,-0.1
12506,-0.156
12507,-0.044
12508,0.007
12509,0.051
12510,-0.02
12511,0.132
12512,-0.022
12513,-0.107
12514,-0.012
12515,0.078
12516,0.061
12517,0.037
12518,0.051
12519,-0.024
12520,0.005
12521,0.044
12522,-0.046
12523,0.061
12524,-0.012
12525,-0.032
12526,0.049
12527,0.0
12528,0.037
12529,0.044
12530,-0.044
12531,0.142
12532,0.034
12533,0.105
12534,-0.005
12535,-0.037
12536,0.046
12537,-0.032
12538,-0.115
12539,0.029
12540,-0.015
12541,-0.034
12542,0.054
12543,0.02
12544,-0.056
12545,-0.068
12546,0.002
12547,0.012
12548,-0.146
12549,0.083
12550,0.012
12551,-0.037
12552,-0.007
12553,-0.027
12554,-0.027
12555,-0.02
12556,-0.056
12557,-0.034
12558,-0.059
12559,-0.015
12560,0.005
12561,-0.032
12562,-0.015
12563,-0.054
12564,-0.081
12565,0.017
12566,-0.049
12567,0.007
12568,0.142
12569,0.051
12570,-0.002
12571,0.054
12572,0.046
12573,0.054
12574,0.042
12575,-0.083
12576,-0.083
12577,-0.002
12578,-0.012
12579,-0.046
12580,0.012
12581,-0.042
12582,-0.02
12583,-0.083
12584,0.0
12585,-0.007
12586,0.122
12587,0.081
12588,0.034
12589,0.046
12590,0.046
12591,0.049
12592,0.02
12593,0.034
12594,0.049
12595,0.024
12596,0.066
12597,0.012
12598,-0.024
12599,-0.042
12600,0.029
12601,-0.073
12602,0.066
12603,0.073
12604,0.01
12605,-0.056
12606,0.007
12607,0.005
12608,0.078
12609,0.049
12610,-0.039
12611,0.056
12612,0.02
12613,0.083
12614,0.022
12615,-0.022
12616,-0.027
12617,-0.024
12618,-0.005
12619,-0.049
12620,-0.061
12621,-0.032
12622,0.046
12623,0.063
12624,0.024
12625,0.015
12626,-0.022
12627,0.012
12628,-0.017
12629,0.042
12630,0.032
12631,-0.017
12632,0.015
12633,0.046
12634,-0.037
12635,-0.061
12636,0.051
12637,0.073
12638,-0.022
12639,-0.046
12640,-0.046
12641,-0.039
12642,0.005
12643,-0.068
12644,-0.017
12645,-0.002
12646,0.095
12647,0.129
12648,-0.068
12649,-0.105
12650,0.117
12651,0.11
12652,-0.078
12653,-0.11
12654,0.088
12655,-0.039
12656,0.024
12657,-0.034
12658,-0.09
12659,-0.037
12660,0.022
12661,0.002
12662,0.007
12663,-0.063
12664,0.046
12665,-0.002
12666,-0.056
12667,0.015
12668,-0.027
12669,-0.005
12670,-0.029
12671,0.017
12672,0.088
12673,0.024
12674,0.105
12675,0.024
12676,0.134
12677,0.044
12678,-0.151
12679,0.054
12680,-0.029
12681,-0.037
12682,0.007
12683,-0.015
12684,0.032
12685,-0.015
12686,-0.059
12687,0.007
12688,-0.046
12689,0.1
12690,-0.015
12691,-0.054
12692,0.017
12693,0.059
12694,-0.027
12695,-0.049
12696,0.034
12697,-0.085
12698,-0.02
12699,-0.032
12700,-0.127
12701,-0.034
12702,-0.093
12703,0.034
12704,0.002
12705,-0.112
12706,0.066
12707,-0.068
12708,-0.039
12709,0.093
12710,-0.112
12711,0.093
12712,0.071
12713,-0.022
12714,-0.042
12715,-0.027
12716,-0.007
12717,0.046
12718,0.005
12719,-0.061
12720,-0.007
12721,-0.037
12722,-0.066
12723,-0.063
12724,-0.127
12725,-0.051
12726,0.042
12727,0.0
12728,-0.007
12729,0.051
12730,-0.022
12731,0.061
12732,0.059
12733,0.093
12734,-0.012
12735,0.09
12736,0.054
12737,-0.129
12738,0.029
12739,0.015
12740,-0.066
12741,-0.09
12742,-0.042
12743,-0.044
12744,-0.032
12745,-0.02
12746,-0.061
12747,0.042
12748,0.112
12749,0.051
12750,0.0
12751,0.105
12752,0.002
12753,-0.017
12754,0.029
12755,0.0
12756,0.095
12757,0.034
12758,0.012
12759,-0.039
12760,-0.095
12761,0.01
12762,-0.076
12763,-0.017
12764,0.083
12765,0.107
12766,-0.11
12767,-0.044
12768,-0.095
12769,-0.073
12770,-0.002
12771,0.034
12772,0.044
12773,0.024
12774,-0.083
12775,-0.029
12776,0.0
12777,0.042
12778,-0.056
12779,-0.083
12780,-0.046
12781,0.034
12782,0.022
12783,-0.037
12784,-0.125
12785,-0.088
12786,-0.039
12787,-0.005
12788,0.02
12789,0.02
12790,-0.046
12791,0.063
12792,0.085
12793,0.107
12794,-0.007
12795,-0.049
12796,0.076
12797,0.046
12798,-0.024
12799,-0.01
12800,-0.044
12801,-0.056
12802,-0.134
12803,-0.061
12804,-0.017
12805,-0.127
12806,-0.149
12807,-0.02
12808,-0.066
12809,-0.066
12810,-0.017
12811,-0.205
12812,-0.193
12813,-0.061
12814,-0.071
12815,-0.002
12816,0.005
12817,0.022
12818,0.034
12819,-0.117
12820,-0.022
12821,0.049
12822,0.034
12823,-0.024
12824,-0.01
12825,-0.054
12826,-0.103
12827,-0.039
12828,-0.078
12829,0.039
12830,0.076
12831,0.056
12832,-0.051
12833,0.044
12834,0.142
12835,0.056
12836,0.068
12837,-0.105
12838,-0.054
12839,-0.005
12840,0.029
12841,0.015
12842,-0.029
12843,-0.017
12844,-0.024
12845,-0.044
12846,-0.051
12847,-0.051
12848,-0.012
12849,0.103
12850,-0.042
12851,0.029
12852,0.051
12853,0.01
12854,0.029
12855,-0.007
12856,0.0
12857,0.134
12858,0.027
12859,-0.039
12860,0.027
12861,0.024
12862,-0.024
12863,0.037
12864,-0.032
12865,0.0
12866,-0.044
12867,0.054
12868,0.073
12869,0.012
12870,-0.046
12871,-0.061
12872,-0.078
12873,0.081
12874,-0.054
12875,-0.029
12876,-0.029
12877,0.042
12878,0.012
12879,0.042
12880,0.015
12881,-0.044
12882,-0.105
12883,0.015
12884,-0.015
12885,0.005
12886,0.039
12887,0.012
12888,-0.085
12889,-0.044
12890,-0.012
12891,-0.09
12892,-0.044
12893,0.081
12894,0.068
12895,0.022
12896,-0.032
12897,0.01
12898,0.037
12899,-0.007
12900,-0.02
12901,0.02
12902,-0.02
12903,0.022
12904,-0.01
12905,-0.024
12906,-0.073
12907,-0.076
12908,-0.017
12909,-0.005
12910,-0.063
12911,0.029
12912,-0.02
12913,-0.02
12914,0.017
12915,0.112
12916,0.029
12917,-0.024
12918,0.029
12919,-0.007
12920,-0.01
12921,-0.051
12922,-0.022
12923,-0.032
12924,-0.032
12925,-0.071
12926,-0.063
12927,0.024
12928,-0.022
12929,0.105
12930,0.042
12931,-0.022
12932,0.068
12933,0.063
12934,0.081
12935,0.022
12936,-0.02
12937,-0.005
12938,0.068
12939,-0.024
12940,-0.039
12941,-0.046
12942,0.034
12943,-0.083
12944,-0.056
12945,-0.027
12946,-0.073
12947,-0.073
12948,-0.083
12949,-0.02
12950,-0.12
12951,-0.034
12952,0.017
12953,0.039
12954,0.066
12955,0.0
12956,-0.017
12957,0.093
12958,0.088
12959,0.117
12960,0.093
12961,-0.024
12962,-0.049
12963,-0.095
12964,-0.073
12965,0.005
12966,-0.132
12967,-0.012
12968,0.0
12969,0.032
12970,0.049
12971,-0.034
12972,-0.02
12973,-0.007
12974,0.002
12975,0.027
12976,0.015
12977,0.054
12978,0.11
12979,-0.02
12980,-0.002
12981,0.01
12982,-0.034
12983,-0.09
12984,-0.046
12985,0.051
12986,0.027
12987,-0.007
12988,-0.081
12989,0.059
12990,0.098
12991,0.088
12992,0.046
12993,-0.01
12994,0.107
12995,0.142
12996,0.015
12997,-0.127
12998,0.022
12999,-0.034
13000,0.007
13001,-0.042
13002,0.02
13003,0.054
13004,0.044
13005,-0.112
13006,0.029
13007,-0.022
13008,0.056
13009,0.037
13010,-0.078
13011,-0.024
13012,0.049
13013,0.039
13014,-0.073
13015,-0.076
13016,0.103
13017,0.056
13018,0.098
13019,-0.076
13020,-0.051
13021,0.046
13022,-0.015
13023,-0.005
13024,0.039
13025,-0.005
13026,0.068
13027,-0.051
13028,-0.049
13029,0.029
13030,0.024
13031,0.032
13032,-0.076
13033,0.071
13034,0.059
13035,0.083
13036,0.046
13037,0.024
13038,0.049
13039,0.027
13040,0.017
13041,0.002
13042,0.11
13043,-0.012
13044,-0.037
13045,-0.012
13046,-0.117
13047,-0.015
13048,-0.073
13049,-0.002
13050,0.015
13051,0.002
13052,-0.005
13053,0.02
13054,0.071
13055,0.029
13056,-0.037
13057,0.029
13058,0.032
13059,0.071
13060,0.078
13061,-0.056
13062,0.015
13063,0.002
13064,-0.063
13065,-0.151
13066,-0.156
13067,0.032
13068,0.056
13069,-0.178
13070,-0.078
13071,0.054
13072,-0.049
13073,-0.007
13074,0.002
13075,0.066
13076,-0.002
13077,-0.027
13078,0.054
13079,0.01
13080,0.032
13081,0.012
13082,0.027
13083,-0.071
13084,-0.024
13085,0.022
13086,-0.1
13087,-0.088
13088,0.032
13089,-0.034
13090,0.015
13091,-0.063
13092,-0.166
13093,-0.115
13094,0.042
13095,0.005
13096,0.129
13097,0.073
13098,0.044
13099,0.024
13100,0.098
13101,0.02
13102,0.139
13103,0.081
13104,0.012
13105,0.09
13106,0.1
13107,0.056
13108,0.012
13109,-0.034
13110,-0.037
13111,-0.063
13112,-0.066
13113,0.032
13114,-0.007
13115,0.154
13116,0.098
13117,0.02
13118,0.093
13119,0.085
13120,0.037
13121,0.122
13122,0.139
13123,0.093
13124,0.129
13125,0.076
13126,0.022
13127,-0.015
13128,0.068
13129,0.103
13130,0.066
13131,0.066
13132,0.002
13133,0.146
13134,0.056
13135,0.007
13136,-0.051
13137,0.073
13138,0.042
13139,-0.088
13140,0.066
13141,0.002
13142,-0.012
13143,-0.022
13144,-0.063
13145,-0.1
13146,0.056
13147,-0.015
13148,-0.032
13149,-0.024
13150,0.037
13151,0.168
13152,0.122
13153,-0.024
13154,-0.061
13155,-0.01
13156,0.061
13157,0.071
13158,-0.022
13159,-0.066
13160,0.071
13161,0.066
13162,-0.088
13163,-0.073
13164,-0.017
13165,-0.037
13166,-0.039
13167,-0.151
13168,-0.066
13169,0.063
13170,0.066
13171,0.012
13172,0.027
13173,-0.093
13174,0.007
13175,0.01
13176,0.022
13177,0.051
13178,0.017
13179,0.039
13180,-0.017
13181,0.034
13182,0.0
13183,0.007
13184,0.054
13185,0.015
13186,-0.044
13187,-0.085
13188,-0.078
13189,-0.059
13190,-0.078
13191,-0.085
13192,0.012
13193,0.093
13194,0.027
13195,0.027
13196,0.063
13197,-0.015
13198,0.093
13199,-0.012
13200,-0.034
13201,-0.002
13202,0.017
13203,0.037
13204,0.02
13205,0.054
13206,0.054
13207,-0.027
13208,-0.056
13209,-0.056
13210,0.054
13211,0.095
13212,0.054
13213,-0.01
13214,0.02
13215,0.005
13216,-0.054
13217,-0.09
13218,0.073
13219,0.151
13220,0.027
13221,0.022
13222,0.042
13223,-0.046
13224,-0.017
13225,-0.105
13226,-0.037
13227,-0.002
13228,0.066
13229,0.046
13230,-0.054
13231,-0.027
13232,0.015
13233,0.039
13234,0.068
13235,0.034
13236,0.034
13237,0.083
13238,0.063
13239,0.081
13240,0.186
13241,0.027
13242,0.115
13243,-0.002
13244,-0.046
13245,-0.034
13246,-0.02
13247,0.012
13248,-0.063
13249,-0.125
13250,-0.034
13251,0.007
13252,0.01
13253,0.042
13254,0.01
13255,-0.061
13256,0.0
13257,-0.071
13258,-0.005
13259,-0.044
13260,-0.034
13261,0.02
13262,-0.063
13263,-0.117
13264,-0.007
13265,-0.032
13266,-0.024
13267,-0.088
13268,-0.02
13269,0.044
13270,-0.059
13271,0.002
13272,-0.044
13273,0.005
13274,-0.037
13275,-0.054
13276,-0.01
13277,0.095
13278,0.01
13279,0.103
13280,0.01
13281,-0.112
13282,-0.012
13283,-0.181
13284,-0.115
13285,-0.066
13286,-0.105
13287,-0.059
13288,-0.059
13289,-0.095
13290,-0.105
13291,-0.1
13292,-0.049
13293,0.073
13294,-0.039
13295,0.029
13296,-0.01
13297,-0.12
13298,-0.042
13299,0.039
13300,0.1
13301,0.095
13302,-0.02
13303,-0.078
13304,0.024
13305,0.017
13306,0.134
13307,0.015
13308,0.051
13309,0.09
13310,-0.039
13311,-0.039
13312,-0.129
13313,-0.117
13314,-0.046
13315,-0.117
13316,-0.032
13317,-0.022
13318,-0.027
13319,0.002
13320,-0.037
13321,-0.042
13322,-0.034
13323,0.015
13324,0.063
13325,0.066
13326,0.032
13327,-0.095
13328,-0.095
13329,0.029
13330,-0.154
13331,-0.171
13332,-0.09
13333,-0.007
13334,-0.017
13335,-0.037
13336,0.005
13337,0.073
13338,-0.071
13339,0.037
13340,-0.061
13341,0.015
13342,0.125
13343,-0.017
13344,0.049
13345,0.046
13346,0.061
13347,0.029
13348,-0.071
13349,-0.022
13350,0.01
13351,0.117
13352,0.063
13353,-0.034
13354,0.005
13355,0.015
13356,0.012
13357,-0.142
13358,0.063
13359,0.034
13360,0.032
13361,0.0
13362,-0.034
13363,-0.02
13364,-0.1
13365,0.068
13366,-0.049
13367,-0.044
13368,0.002
13369,0.078
13370,0.088
13371,-0.015
13372,-0.076
13373,-0.049
13374,-0.149
13375,-0.054
13376,-0.034
13377,0.015
13378,-0.039
13379,-0.015
13380,-0.022
13381,-0.042
13382,0.049
13383,0.049
13384,-0.132
13385,-0.073
13386,-0.073
13387,-0.037
13388,-0.027
13389,0.046
13390,-0.042
13391,-0.068
13392,-0.027
13393,-0.024
13394,0.115
13395,0.066
13396,-0.029
13397,-0.044
13398,-0.042
13399,-0.049
13400,0.005
13401,0.027
13402,0.0
13403,0.02
13404,0.071
13405,0.068
13406,0.044
13407,-0.073
13408,0.107
13409,-0.032
13410,-0.063
13411,0.11
13412,0.01
13413,0.005
13414,-0.027
13415,0.056
13416,0.056
13417,0.044
13418,-0.042
13419,0.046
13420,0.02
13421,-0.012
13422,0.034
13423,0.247
13424,0.081
13425,0.037
13426,0.103
13427,-0.061
13428,-0.002
13429,-0.015
13430,-0.098
13431,-0.037
13432,-0.022
13433,0.002
13434,-0.007
13435,0.02
13436,-0.071
13437,-0.032
13438,0.017
13439,0.09
13440,0.044
13441,0.012
13442,-0.002
13443,-0.042
13444,-0.022
13445,0.012
13446,0.09
13447,0.1
13448,0.095
13449,-0.015
13450,0.088
13451,-0.022
13452,-0.012
13453,0.015
13454,0.01
13455,0.066
13456,0.024
13457,-0.066
13458,0.017
13459,0.066
13460,0.051
13461,-0.024
13462,-0.002
13463,0.012
13464,-0.083
13465,-0.046
13466,0.095
13467,0.017
13468,0.007
13469,-0.007
13470,-0.125
13471,0.051
13472,0.044
13473,-0.073
13474,0.007
13475,0.027
13476,0.02
13477,0.105
13478,-0.039
13479,0.039
13480,-0.029
13481,0.007
13482,0.054
13483,-0.002
13484,-0.049
13485,0.0
13486,0.083
13487,-0.005
13488,0.002
13489,0.022
13490,-0.007
13491,-0.002
13492,-0.044
13493,-0.039
13494,-0.054
13495,0.054
13496,0.039
13497,0.015
13498,-0.01
13499,-0.017
13500,-0.039
13501,-0.002
13502,0.029
13503,0.112
13504,0.027
13505,-0.068
13506,-0.051
13507,-0.046
13508,-0.032
13509,-0.134
13510,-0.105
13511,-0.024
13512,0.056
13513,0.0
13514,-0.051
13515,-0.078
13516,0.044
13517,0.125
13518,0.056
13519,0.063
13520,0.168
13521,0.02
13522,-0.042
13523,-0.059
13524,0.039
13525,0.107
13526,0.129
13527,0.017
13528,0.027
13529,0.078
13530,-0.012
13531,-0.063
13532,-0.083
13533,0.01
13534,0.127
13535,0.042
13536,0.012
13537,0.012
13538,0.044
13539,0.032
13540,0.09
13541,0.034
13542,0.076
13543,-0.012
13544,-0.034
13545,-0.015
13546,-0.154
13547,-0.044
13548,-0.044
13549,-0.122
13550,-0.037
13551,-0.037
13552,-0.107
13553,-0.063
13554,-0.1
13555,-0.068
13556,0.078
13557,0.032
13558,-0.032
13559,0.005
13560,0.042
13561,0.122
13562,-0.027
13563,0.029
13564,0.1
13565,0.044
13566,0.073
13567,0.007
13568,0.017
13569,-0.11
13570,-0.066
13571,-0.022
13572,-0.054
13573,-0.01
13574,0.0
13575,-0.039
13576,0.024
13577,0.034
13578,0.049
13579,-0.005
13580,-0.098
13581,-0.037
13582,-0.039
13583,0.042
13584,0.024
13585,0.017
13586,-0.071
13587,0.042
13588,0.022
13589,0.039
13590,-0.015
13591,-0.046
13592,-0.146
13593,-0.017
13594,0.015
13595,-0.105
13596,-0.024
13597,0.02
13598,0.137
13599,0.127
13600,-0.093
13601,-0.022
13602,0.039
13603,0.054
13604,0.051
13605,0.015
13606,-0.017
13607,0.071
13608,-0.01
13609,-0.042
13610,-0.093
13611,0.039
13612,0.034
13613,-0.088
13614,-0.173
13615,-0.061
13616,-0.066
13617,0.007
13618,-0.024
13619,-0.156
13620,-0.112
13621,0.042
13622,-0.115
13623,-0.071
13624,-0.034
13625,0.071
13626,0.01
13627,-0.1
13628,-0.049
13629,-0.01
13630,-0.037
13631,-0.022
13632,-0.071
13633,0.11
13634,-0.051
13635,0.015
13636,0.02
13637,0.046
13638,0.012
13639,-0.081
13640,0.024
13641,0.005
13642,-0.01
13643,0.068
13644,0.022
13645,0.01
13646,0.005
13647,-0.024
13648,-0.022
13649,-0.078
13650,-0.005
13651,-0.046
13652,-0.105
13653,-0.054
13654,-0.103
13655,-0.015
13656,0.027
13657,-0.1
13658,-0.034
13659,-0.063
13660,-0.002
13661,0.134
13662,0.017
13663,-0.081
13664,0.059
13665,0.01
13666,0.037
13667,0.017
13668,-0.029
13669,-0.039
13670,0.015
13671,0.066
13672,0.061
13673,-0.11
13674,-0.1
13675,-0.002
13676,-0.054
13677,-0.068
13678,-0.073
13679,-0.09
13680,-0.068
13681,0.037
13682,0.012
13683,-0.09
13684,-0.022
13685,-0.042
13686,-0.044
13687,-0.005
13688,-0.059
13689,-0.01
13690,0.012
13691,-0.095
13692,-0.039
13693,-0.081
13694,-0.076
13695,-0.078
13696,-0.068
13697,0.007
13698,0.066
13699,0.081
13700,0.076
13701,0.029
13702,0.054
13703,0.085
13704,0.093
13705,0.059
13706,0.083
13707,0.1
13708,0.007
13709,-0.049
13710,-0.066
13711,0.017
13712,0.005
13713,-0.103
13714,-0.066
13715,-0.083
13716,-0.078
13717,0.039
13718,0.015
13719,-0.022
13720,0.051
13721,-0.017
13722,-0.063
13723,-0.046
13724,0.005
13725,0.068
13726,-0.024
13727,-0.056
13728,-0.024
13729,-0.068
13730,-0.098
13731,-0.032
13732,-0.007
13733,0.024
13734,0.056
13735,0.051
13736,-0.061
13737,-0.037
13738,0.044
13739,0.029
13740,-0.029
13741,-0.071
13742,0.002
13743,0.059
13744,0.007
13745,0.049
13746,0.073
13747,-0.066
13748,0.022
13749,0.059
13750,-0.061
13751,0.015
13752,-0.098
13753,-0.005
13754,-0.002
13755,-0.149
13756,-0.073
13757,-0.02
13758,0.039
13759,0.01
13760,-0.071
13761,0.054
13762,0.098
13763,0.073
13764,0.073
13765,0.007
13766,-0.029
13767,0.063
13768,0.042
13769,0.061
13770,0.068
13771,0.112
13772,0.02
13773,-0.044
13774,0.066
13775,-0.034
13776,0.034
13777,-0.049
13778,-0.09
13779,-0.095
13780,0.02
13781,0.076
13782,-0.002
13783,0.01
13784,0.027
13785,0.115
13786,0.081
13787,-0.037
13788,-0.039
13789,-0.01
13790,0.056
13791,0.068
13792,-0.022
13793,-0.059
13794,0.02
13795,0.051
13796,-0.012
13797,0.063
13798,0.02
13799,-0.059
13800,0.068
13801,0.083
13802,0.073
13803,0.076
13804,0.107
13805,0.029
13806,0.083
13807,0.083
13808,0.066
13809,0.051
13810,0.02
13811,-0.022
13812,0.105
13813,0.022
13814,-0.032
13815,-0.078
13816,0.046
13817,0.037
13818,-0.071
13819,-0.015
13820,0.149
13821,0.066
13822,0.063
13823,0.002
13824,-0.046
13825,0.024
13826,0.076
13827,0.112
13828,0.059
13829,0.002
13830,0.042
13831,0.042
13832,-0.056
13833,0.059
13834,-0.027
13835,0.046
13836,-0.022
13837,0.007
13838,0.049
13839,-0.01
13840,0.063
13841,-0.085
13842,-0.059
13843,0.046
13844,0.056
13845,0.095
13846,0.112
13847,0.034
13848,0.085
13849,0.015
13850,0.002
13851,0.032
13852,0.049
13853,0.01
13854,0.061
13855,-0.005
13856,-0.034
13857,-0.02
13858,-0.063
13859,-0.044
13860,0.039
13861,0.054
13862,0.066
13863,-0.085
13864,-0.061
13865,-0.039
13866,-0.024
13867,0.017
13868,0.024
13869,0.037
13870,0.088
13871,-0.02
13872,-0.015
13873,-0.039
13874,-0.002
13875,0.061
13876,-0.017
13877,-0.112
13878,-0.049
13879,0.066
13880,0.029
13881,0.059
13882,0.068
13883,0.042
13884,0.066
13885,-0.022
13886,0.059
13887,0.034
13888,0.137
13889,0.012
13890,-0.039
13891,-0.125
13892,-0.149
13893,-0.029
13894,-0.012
13895,-0.081
13896,-0.078
13897,0.042
13898,0.044
13899,-0.015
13900,-0.042
13901,0.022
13902,0.1
13903,0.034
13904,0.027
13905,0.017
13906,0.024
13907,0.02
13908,-0.078
13909,0.007
13910,0.039
13911,0.002
13912,-0.071
13913,-0.105
13914,-0.005
13915,0.042
13916,-0.088
13917,-0.063
13918,-0.032
13919,0.125
13920,0.0
13921,0.127
13922,0.098
13923,0.161
13924,-0.012
13925,-0.017
13926,0.127
13927,-0.002
13928,-0.034
13929,0.129
13930,0.024
13931,-0.1
13932,-0.066
13933,0.176
13934,0.007
13935,0.054
13936,-0.022
13937,0.022
13938,0.051
13939,0.002
13940,-0.037
13941,-0.059
13942,0.022
13943,0.051
13944,-0.034
13945,0.005
13946,0.088
13947,-0.122
13948,0.093
13949,0.12
13950,0.088
13951,-0.01
13952,0.083
13953,0.063
13954,-0.022
13955,-0.022
13956,-0.022
13957,0.09
13958,-0.005
13959,0.09
13960,0.073
13961,-0.1
13962,-0.015
13963,0.044
13964,0.112
13965,0.088
13966,0.112
13967,-0.027
13968,0.027
13969,0.125
13970,0.078
13971,-0.017
13972,-0.037
13973,0.037
13974,0.054
13975,0.039
13976,-0.117
13977,-0.039
13978,-0.046
13979,-0.066
13980,-0.017
13981,-0.112
13982,-0.093
13983,-0.085
13984,-0.022
13985,-0.085
13986,-0.061
13987,0.015
13988,-0.002
13989,0.029
13990,0.063
13991,-0.015
13992,-0.063
13993,0.078
13994,0.02
13995,-0.098
13996,0.039
13997,0.015
13998,-0.01
13999,-0.103
14000,-0.005
14001,-0.01
14002,0.022
14003,-0.027
14004,0.095
14005,0.024
14006,-0.027
14007,-0.01
14008,-0.024
14009,-0.083
14010,0.015
14011,0.046
14012,-0.017
14013,0.012
14014,-0.02
14015,0.032
14016,0.024
14017,-0.005
14018,-0.066
14019,-0.159
14020,-0.09
14021,-0.081
14022,-0.027
14023,-0.112
14024,-0.073
14025,-0.066
14026,0.027
14027,0.007
14028,0.02
14029,-0.042
14030,0.095
14031,0.059
14032,0.09
14033,0.002
14034,-0.049
14035,-0.02
14036,-0.081
14037,-0.103
14038,0.032
14039,-0.054
14040,-0.105
14041,-0.061
14042,-0.071
14043,-0.132
14044,-0.017
14045,0.061
14046,0.02
14047,-0.11
14048,0.083
14049,0.066
14050,0.032
14051,0.083
14052,0.083
14053,-0.029
14054,0.0
14055,0.12
14056,0.11
14057,-0.051
14058,-0.103
14059,-0.076
14060,-0.042
14061,-0.032
14062,-0.173
14063,-0.105
14064,0.059
14065,-0.044
14066,-0.01
14067,0.012
14068,0.11
14069,0.007
14070,-0.02
14071,-0.022
14072,-0.017
14073,0.093
14074,0.0
14075,-0.088
14076,-0.083
14077,-0.039
14078,0.017
14079,-0.012
14080,-0.056
14081,0.007
14082,0.051
14083,-0.007
14084,-0.137
14085,-0.046
14086,0.051
14087,-0.042
14088,-0.012
14089,-0.005
14090,0.015
14091,-0.11
14092,0.027
14093,0.122
14094,0.042
14095,-0.063
14096,-0.122
14097,-0.037
14098,-0.017
14099,0.017
14100,-0.115
14101,0.0
14102,0.044
14103,0.012
14104,-0.017
14105,-0.071
14106,-0.093
14107,0.037
14108,0.098
14109,0.012
14110,0.01
14111,0.049
14112,0.134
14113,0.059
14114,-0.059
14115,-0.032
14116,0.054
14117,0.037
14118,-0.107
14119,0.007
14120,-0.022
14121,0.039
14122,0.076
14123,-0.046
14124,-0.022
14125,-0.022
14126,-0.037
14127,0.125
14128,0.093
14129,0.049
14130,0.012
14131,0.042
14132,0.046
14133,-0.103
14134,-0.11
14135,0.005
14136,-0.051
14137,-0.093
14138,-0.117
14139,0.002
14140,0.0
14141,-0.115
14142,-0.061
14143,-0.144
14144,-0.129
14145,0.034
14146,-0.02
14147,-0.159
14148,0.134
14149,0.027
14150,0.024
14151,-0.076
14152,-0.085
14153,-0.027
14154,-0.044
14155,-0.054
14156,-0.022
14157,0.032
14158,-0.149
14159,-0.076
14160,-0.2
14161,0.054
14162,0.061
14163,-0.132
14164,0.034
14165,-0.083
14166,-0.105
14167,-0.007
14168,-0.044
14169,0.078
14170,-0.042
14171,-0.098
14172,-0.066
14173,-0.002
14174,0.122
14175,0.032
14176,-0.166
14177,0.044
14178,-0.054
14179,-0.024
14180,-0.107
14181,-0.049
14182,-0.183
14183,-0.115
14184,0.112
14185,-0.088
14186,-0.122
14187,-0.208
14188,0.01
14189,0.032
14190,0.095
14191,-0.027
14192,-0.005
14193,-0.1
14194,0.066
14195,0.049
14196,-0.005
14197,0.051
14198,-0.027
14199,0.005
14200,0.056
14201,-0.081
14202,-0.088
14203,0.105
14204,0.002
14205,-0.127
14206,-0.081
14207,0.098
14208,0.063
14209,-0.068
14210,0.002
14211,-0.002
14212,-0.024
14213,0.078
14214,-0.005
14215,-0.024
14216,-0.022
14217,0.156
14218,0.061
14219,-0.117
14220,-0.022
14221,0.061
14222,-0.012
14223,0.015
14224,0.022
14225,0.049
14226,0.039
14227,-0.127
14228,0.022
14229,0.066
14230,-0.044
14231,0.1
14232,-0.056
14233,-0.012
14234,-0.029
14235,0.017
14236,0.01
14237,-0.022
14238,-0.056
14239,-0.005
14240,-0.088
14241,0.066
14242,0.107
14243,-0.056
14244,-0.059
14245,-0.063
14246,0.095
14247,0.078
14248,0.012
14249,-0.007
14250,0.034
14251,0.007
14252,-0.056
14253,0.017
14254,-0.088
14255,-0.107
14256,0.054
14257,0.022
14258,-0.093
14259,-0.071
14260,0.017
14261,-0.024
14262,-0.134
14263,-0.134
14264,-0.022
14265,0.046
14266,-0.034
14267,-0.076
14268,-0.032
14269,-0.022
14270,0.042
14271,0.01
14272,0.0
14273,-0.022
14274,-0.117
14275,-0.032
14276,0.073
14277,0.024
14278,-0.12
14279,0.022
14280,0.0
14281,-0.034
14282,-0.056
14283,-0.093
14284,0.039
14285,0.078
14286,0.037
14287,-0.063
14288,-0.032
14289,0.073
14290,0.11
14291,0.134
14292,-0.051
14293,-0.037
14294,0.012
14295,0.034
14296,0.01
14297,-0.022
14298,-0.093
14299,0.002
14300,-0.051
14301,-0.044
14302,-0.049
14303,0.007
14304,-0.083
14305,-0.1
14306,-0.042
14307,0.105
14308,0.037
14309,-0.186
14310,-0.034
14311,-0.01
14312,0.073
14313,0.0
14314,-0.066
14315,-0.005
14316,0.073
14317,0.005
14318,-0.093
14319,-0.007
14320,0.007
14321,0.01
14322,-0.01
14323,-0.066
14324,0.005
14325,0.002
14326,0.039
14327,-0.076
14328,-0.122
14329,-0.005
14330,0.061
14331,0.049
14332,0.098
14333,0.002
14334,0.054
14335,0.032
14336,0.02
14337,-0.059
14338,-0.078
14339,0.073
14340,0.007
14341,0.068
14342,-0.161
14343,-0.061
14344,-0.095
14345,-0.042
14346,0.002
14347,-0.059
14348,0.046
14349,0.037
14350,0.049
14351,0.068
14352,0.002
14353,-0.005
14354,0.007
14355,-0.002
14356,-0.049
14357,-0.105
14358,0.002
14359,-0.02
14360,-0.005
14361,-0.002
14362,-0.015
14363,0.09
14364,-0.068
14365,-0.103
14366,-0.051
14367,-0.1
14368,0.056
14369,-0.073
14370,-0.085
14371,0.037
14372,0.066
14373,0.032
14374,-0.034
14375,-0.085
14376,0.054
14377,0.088
14378,0.081
14379,0.029
14380,-0.046
14381,0.073
14382,-0.007
14383,0.027
14384,-0.059
14385,-0.081
14386,0.059
14387,0.0
14388,0.012
14389,0.098
14390,0.042
14391,-0.063
14392,-0.083
14393,0.017
14394,0.129
14395,0.112
14396,0.012
14397,0.063
14398,0.032
14399,-0.056
14400,-0.071
14401,-0.034
14402,0.059
14403,0.02
14404,-0.112
14405,-0.01
14406,0.154
14407,0.076
14408,-0.034
14409,-0.09
14410,0.029
14411,-0.042
14412,0.054
14413,0.083
14414,0.039
14415,0.056
14416,0.027
14417,-0.01
14418,0.007
14419,0.002
14420,0.076
14421,0.068
14422,-0.103
14423,-0.085
14424,-0.061
14425,0.059
14426,-0.017
14427,-0.071
14428,0.002
14429,0.012
14430,-0.042
14431,0.046
14432,0.078
14433,-0.017
14434,-0.024
14435,0.037
14436,0.051
14437,0.034
14438,0.042
14439,0.068
14440,-0.044
14441,-0.056
14442,-0.063
14443,-0.085
14444,-0.039
14445,-0.037
14446,0.034
14447,-0.002
14448,-0.088
14449,-0.066
14450,0.029
14451,0.034
14452,0.063
14453,0.042
14454,0.037
14455,0.042
14456,-0.061
14457,0.034
14458,0.098
14459,0.039
14460,-0.017
14461,0.037
14462,0.034
14463,0.029
14464,0.081
14465,0.083
14466,0.024
14467,-0.02
14468,-0.059
14469,0.024
14470,0.1
14471,0.103
14472,0.007
14473,-0.061
14474,0.061
14475,-0.046
14476,0.007
14477,0.107
14478,-0.054
14479,0.134
14480,0.002
14481,0.032
14482,0.02
14483,-0.103
14484,0.029
14485,-0.037
14486,-0.046
14487,0.005
14488,0.0
14489,-0.068
14490,0.005
14491,-0.034
14492,-0.007
14493,-0.002
14494,-0.007
14495,0.02
14496,0.01
14497,0.139
14498,0.095
14499,-0.015
14500,0.034
14501,0.063
14502,0.059
14503,0.066
14504,-0.054
14505,-0.022
14506,0.166
14507,0.103
14508,0.044
14509,-0.034
14510,0.095
14511,0.088
14512,0.051
14513,0.02
14514,0.012
14515,0.146
14516,0.022
14517,-0.032
14518,-0.056
14519,-0.034
14520,0.022
14521,0.02
14522,-0.107
14523,-0.024
14524,-0.01
14525,0.02
14526,0.049
14527,0.005
14528,0.022
14529,0.0
14530,-0.027
14531,0.081
14532,0.007
14533,0.093
14534,0.151
14535,0.129
14536,0.1
14537,0.134
14538,0.029
14539,0.01
14540,0.012
14541,0.046
14542,0.032
14543,-0.066
14544,0.015
14545,0.012
14546,0.071
14547,-0.015
14548,0.024
14549,0.046
14550,-0.054
14551,-0.027
14552,-0.078
14553,-0.039
14554,0.024
14555,0.044
14556,-0.044
14557,0.059
14558,-0.066
14559,-0.076
14560,0.046
14561,-0.063
14562,-0.024
14563,0.027
14564,-0.022
14565,-0.059
14566,0.042
14567,0.005
14568,0.015
14569,-0.095
14570,-0.039
14571,0.002
14572,-0.039
14573,0.032
14574,0.051
14575,0.088
14576,0.02
14577,0.139
14578,0.034
14579,0.12
14580,0.105
14581,-0.012
14582,0.034
14583,-0.02
14584,0.061
14585,0.032
14586,-0.059
14587,0.051
14588,-0.01
14589,-0.051
14590,0.017
14591,-0.032
14592,0.01
14593,0.059
14594,0.061
14595,0.09
14596,-0.022
14597,-0.112
14598,-0.007
14599,0.032
14600,-0.09
14601,-0.129
14602,-0.066
14603,0.005
14604,-0.103
14605,-0.066
14606,0.01
14607,-0.01
14608,-0.056
14609,0.017
14610,-0.015
14611,-0.005
14612,0.056
14613,0.01
14614,-0.037
14615,-0.107
14616,0.012
14617,0.066
14618,-0.022
14619,0.085
14620,-0.073
14621,-0.085
14622,0.022
14623,0.027
14624,-0.01
14625,-0.017
14626,-0.176
14627,-0.061
14628,-0.056
14629,-0.059
14630,-0.007
14631,0.024
14632,-0.027
14633,-0.024
14634,-0.034
14635,0.166
14636,0.088
14637,0.076
14638,-0.015
14639,0.056
14640,0.142
14641,0.01
14642,-0.122
14643,0.02
14644,0.083
14645,0.105
14646,0.005
14647,0.088
14648,0.1
14649,-0.098
14650,-0.039
14651,0.081
14652,0.149
14653,0.024
14654,0.054
14655,0.134
14656,0.005
14657,0.1
14658,-0.005
14659,-0.002
14660,0.081
14661,0.015
14662,0.076
14663,0.015
14664,-0.017
14665,0.042
14666,0.015
14667,-0.083
14668,-0.129
14669,-0.068
14670,-0.061
14671,-0.137
14672,-0.137
14673,-0.081
14674,0.007
14675,0.051
14676,0.034
14677,0.017
14678,0.012
14679,0.09
14680,0.042
14681,-0.073
14682,0.022
14683,0.054
14684,0.042
14685,0.007
14686,-0.068
14687,-0.012
14688,0.039
14689,-0.054
14690,-0.078
14691,-0.032
14692,-0.02
14693,0.015
14694,-0.005
14695,0.02
14696,-0.037
14697,0.054
14698,-0.034
14699,0.049
14700,0.056
14701,0.103
14702,0.042
14703,-0.054
14704,0.007
14705,0.061
14706,-0.02
14707,-0.037
14708,-0.037
14709,-0.071
14710,0.059
14711,-0.085
14712,0.034
14713,0.054
14714,0.059
14715,0.024
14716,0.012
14717,0.088
14718,0.02
14719,-0.032
14720,0.02
14721,0.02
14722,0.039
14723,0.02
14724,0.007
14725,0.024
14726,-0.007
14727,-0.039
14728,-0.073
14729,-0.032
14730,-0.09
14731,-0.151
14732,0.01
14733,0.093
14734,0.012
14735,-0.061
14736,-0.02
14737,0.056
14738,0.071
14739,-0.032
14740,-0.022
14741,-0.007
14742,0.029
14743,0.007
14744,0.017
14745,-0.034
14746,-0.002
14747,-0.044
14748,-0.042
14749,-0.081
14750,-0.046
14751,0.037
14752,-0.059
14753,-0.107
14754,0.078
14755,0.0
14756,-0.088
14757,0.017
14758,-0.042
14759,0.022
14760,-0.059
14761,-0.11
14762,-0.015
14763,-0.054
14764,0.012
14765,0.068
14766,-0.059
14767,-0.078
14768,-0.083
14769,-0.059
14770,-0.02
14771,-0.115
14772,0.034
14773,-0.076
14774,-0.024
14775,-0.042
14776,0.0
14777,0.117
14778,0.061
14779,0.024
14780,0.0
14781,0.037
14782,0.024
14783,-0.042
14784,-0.029
14785,0.01
14786,-0.039
14787,-0.103
14788,-0.117
14789,-0.195
14790,0.012
14791,-0.071
14792,-0.032
14793,-0.017
14794,-0.093
14795,-0.066
14796,0.032
14797,0.024
14798,0.015
14799,0.0
14800,0.068
14801,0.061
14802,0.103
14803,0.037
14804,0.002
14805,0.049
14806,-0.024
14807,-0.088
14808,-0.071
14809,0.029
14810,0.024
14811,-0.054
14812,-0.081
14813,-0.037
14814,-0.02
14815,0.034
14816,-0.032
14817,-0.046
14818,0.071
14819,0.129
14820,0.085
14821,-0.01
14822,0.051
14823,0.076
14824,-0.02
14825,-0.142
14826,-0.046
14827,0.017
14828,0.061
14829,-0.066
14830,-0.107
14831,-0.054
14832,0.073
14833,-0.051
14834,-0.181
14835,-0.049
14836,0.01
14837,0.024
14838,0.005
14839,-0.024
14840,0.073
14841,0.083
14842,-0.063
14843,0.059
14844,0.093
14845,-0.061
14846,-0.046
14847,-0.037
14848,-0.002
14849,-0.049
14850,-0.063
14851,-0.042
14852,0.005
14853,0.024
14854,0.01
14855,-0.024
14856,-0.063
14857,0.051
14858,0.073
14859,0.022
14860,-0.085
14861,0.046
14862,0.068
14863,0.012
14864,0.039
14865,0.02
14866,0.076
14867,-0.015
14868,-0.051
14869,0.017
14870,-0.027
14871,-0.071
14872,0.007
14873,-0.105
14874,-0.068
14875,-0.073
14876,-0.061
14877,-0.122
14878,-0.09
14879,0.007
14880,-0.142
14881,-0.117
14882,-0.059
14883,0.027
14884,-0.02
14885,-0.073
14886,0.005
14887,-0.09
14888,-0.115
14889,-0.137
14890,-0.173
14891,-0.071
14892,-0.012
14893,-0.093
14894,-0.107
14895,-0.269
14896,-0.066
14897,0.063
14898,0.029
14899,-0.037
14900,0.061
14901,0.151
14902,0.146
14903,0.029
14904,0.002
14905,0.22
14906,0.098
14907,0.088
14908,-0.056
14909,-0.125
14910,0.039
14911,-0.005
14912,-0.063
14913,0.015
14914,-0.024
14915,0.051
14916,0.044
14917,-0.027
14918,-0.112
14919,-0.049
14920,0.024
14921,0.127
14922,-0.017
14923,0.002
14924,0.088
14925,-0.063
14926,0.0
14927,-0.02
14928,0.0
14929,0.042
14930,0.01
14931,-0.042
14932,-0.042
14933,-0.024
14934,0.0
14935,-0.059
14936,0.022
14937,0.063
14938,-0.029
14939,0.0
14940,-0.005
14941,0.083
14942,0.017
14943,-0.039
14944,-0.012
14945,-0.012
14946,-0.027
14947,-0.068
14948,-0.012
14949,-0.073
14950,0.078
14951,-0.049
14952,-0.085
14953,-0.051
14954,0.024
14955,-0.105
14956,0.012
14957,0.059
14958,-0.054
14959,0.11
14960,0.017
14961,-0.083
14962,0.059
14963,0.183
14964,0.144
14965,0.017
14966,0.073
14967,-0.024
14968,-0.007
14969,-0.027
14970,-0.046
14971,-0.1
14972,-0.059
14973,-0.056
14974,0.027
14975,0.007
14976,0.061
14977,0.112
14978,-0.042
14979,-0.017
14980,0.09
14981,-0.073
14982,0.032
14983,0.02
14984,0.005
14985,0.083
14986,0.068
14987,-0.071
14988,0.012
14989,0.015
14990,0.012
14991,-0.01
14992,-0.029
14993,-0.073
14994,-0.02
14995,-0.005
14996,-0.044
14997,-0.037
14998,-0.073
14999,0.022
15000,0.073
15001,0.032
15002,0.046
15003,0.051
15004,0.068
15005,-0.037
15006,0.022
15007,0.059
15008,-0.044
15009,-0.073
15010,-0.029
15011,-0.076
15012,0.002
15013,-0.017
15014,0.002
15015,-0.029
15016,-0.037
15017,0.027
15018,0.046
15019,-0.015
15020,0.01
15021,-0.024
15022,-0.017
15023,0.056
15024,0.066
15025,0.002
15026,0.039
15027,0.027
15028,0.068
15029,-0.088
15030,-0.12
15031,0.066
15032,-0.002
15033,-0.066
15034,-0.237
15035,-0.178
15036,-0.042
15037,-0.083
15038,-0.1
15039,-0.044
15040,-0.034
15041,-0.024
15042,0.022
15043,-0.012
15044,0.049
15045,0.054
15046,0.049
15047,0.1
15048,0.1
15049,-0.051
15050,-0.01
15051,0.161
15052,0.09
15053,0.059
15054,-0.044
15055,-0.071
15056,0.056
15057,-0.027
15058,-0.063
15059,0.032
15060,-0.012
15061,-0.044
15062,0.0
15063,-0.017
15064,0.029
15065,-0.015
15066,0.002
15067,0.0
15068,-0.083
15069,0.081
15070,0.081
15071,-0.049
15072,0.024
15073,-0.061
15074,0.078
15075,0.061
15076,-0.076
15077,-0.037
15078,-0.151
15079,-0.034
15080,0.098
15081,0.054
15082,0.139
15083,0.054
15084,0.027
15085,0.024
15086,0.071
15087,0.1
15088,0.061
15089,0.061
15090,0.034
15091,0.039
15092,0.044
15093,0.127
15094,-0.032
15095,-0.085
15096,-0.051
15097,-0.11
15098,0.01
15099,0.054
15100,-0.115
15101,-0.029
15102,0.051
15103,-0.005
15104,0.017
15105,0.017
15106,0.046
15107,0.01
15108,-0.042
15109,0.017
15110,0.0
15111,-0.034
15112,0.017
15113,0.005
15114,-0.12
15115,-0.154
15116,-0.1
15117,0.005
15118,-0.063
15119,0.017
15120,0.017
15121,0.076
15122,0.012
15123,-0.005
15124,0.107
15125,0.112
15126,-0.01
15127,-0.044
15128,0.039
15129,0.046
15130,0.005
15131,-0.037
15132,-0.063
15133,-0.046
15134,0.034
15135,0.024
15136,-0.015
15137,0.007
15138,0.007
15139,-0.007
15140,0.005
15141,0.005
15142,0.051
15143,0.061
15144,0.032
15145,-0.005
15146,0.173
15147,0.063
15148,0.068
15149,0.051
15150,-0.012
15151,-0.056
15152,0.071
15153,0.0
15154,0.039
15155,0.01
15156,0.049
15157,0.093
15158,-0.032
15159,-0.015
15160,0.032
15161,0.063
15162,0.054
15163,0.105
15164,0.005
15165,0.037
15166,0.039
15167,0.059
15168,0.078
15169,-0.049
15170,0.015
15171,0.098
15172,-0.022
15173,0.002
15174,0.024
15175,0.012
15176,-0.034
15177,-0.083
15178,-0.063
15179,0.027
15180,-0.046
15181,-0.044
15182,0.098
15183,0.107
15184,0.039
15185,0.105
15186,0.02
15187,0.117
15188,0.068
15189,0.032
15190,-0.034
15191,-0.024
15192,-0.007
15193,0.066
15194,-0.054
15195,-0.051
15196,-0.12
15197,0.061
15198,-0.039
15199,-0.171
15200,-0.12
15201,-0.068
15202,-0.056
15203,-0.115
15204,-0.051
15205,0.015
15206,-0.063
15207,-0.002
15208,0.027
15209,-0.024
15210,-0.02
15211,-0.166
15212,-0.046
15213,-0.073
15214,-0.005
15215,0.071
15216,-0.115
15217,-0.085
15218,0.002
15219,0.022
15220,-0.032
15221,-0.103
15222,-0.132
15223,-0.083
15224,0.024
15225,0.034
15226,0.017
15227,0.139
15228,0.034
15229,0.034
15230,0.0
15231,-0.002
15232,0.054
15233,0.027
15234,-0.022
15235,0.061
15236,0.122
15237,0.115
15238,-0.054
15239,0.01
15240,0.12
15241,0.024
15242,0.007
15243,-0.002
15244,-0.029
15245,0.073
15246,-0.002
15247,-0.078
15248,0.017
15249,0.029
15250,0.051
15251,0.081
15252,-0.071
15253,0.027
15254,-0.032
15255,-0.042
15256,-0.078
15257,-0.168
15258,-0.066
15259,-0.051
15260,0.002
15261,-0.049
15262,-0.137
15263,0.024
15264,0.015
15265,-0.078
15266,-0.02
15267,0.002
15268,0.137
15269,0.071
15270,0.093
15271,0.076
15272,0.002
15273,-0.078
15274,0.012
15275,-0.037
15276,-0.085
15277,0.161
15278,-0.012
15279,-0.139
15280,0.02
15281,0.015
15282,0.068
15283,0.017
15284,-0.098
15285,-0.117
15286,0.044
15287,-0.005
15288,-0.044
15289,0.005
15290,-0.012
15291,-0.081
15292,-0.059
15293,0.007
15294,-0.005
15295,-0.068
15296,-0.039
15297,-0.1
15298,-0.063
15299,-0.078
15300,-0.09
15301,-0.171
15302,0.022
15303,0.088
15304,-0.015
15305,0.066
15306,0.049
15307,0.012
15308,0.122
15309,0.002
15310,-0.027
15311,-0.09
15312,0.054
15313,0.005
15314,-0.1
15315,0.015
15316,0.002
15317,-0.034
15318,0.037
15319,-0.083
15320,-0.071
15321,-0.112
15322,-0.09
15323,-0.093
15324,-0.093
15325,0.01
15326,0.01
15327,0.0
15328,-0.01
15329,-0.017
15330,0.054
15331,-0.005
15332,0.005
15333,0.11
15334,0.066
15335,0.061
15336,0.051
15337,0.127
15338,-0.073
15339,-0.139
15340,-0.015
15341,-0.046
15342,0.012
15343,0.005
15344,-0.032
15345,-0.015
15346,0.01
15347,0.11
15348,-0.015
15349,0.012
15350,0.059
15351,-0.063
15352,0.039
15353,-0.005
15354,0.029
15355,0.029
15356,-0.078
15357,0.046
15358,0.01
15359,-0.11
15360,0.024
15361,0.017
15362,-0.061
15363,-0.002
15364,0.044
15365,0.024
15366,0.022
15367,0.049
15368,0.107
15369,0.037
15370,0.056
15371,0.044
15372,0.083
15373,0.0
15374,-0.032
15375,0.061
15376,0.129
15377,0.093
15378,-0.024
15379,-0.017
15380,-0.01
15381,0.085
15382,-0.083
15383,-0.159
15384,-0.095
15385,0.063
15386,-0.02
15387,-0.093
15388,0.056
15389,-0.005
15390,-0.051
15391,-0.09
15392,-0.151
15393,0.005
15394,-0.042
15395,0.002
15396,0.0
15397,-0.09
15398,-0.066
15399,0.01
15400,-0.107
15401,-0.042
15402,0.005
15403,0.068
15404,-0.017
15405,-0.022
15406,-0.007
15407,0.054
15408,-0.022
15409,-0.002
15410,-0.007
15411,0.164
15412,0.107
15413,0.078
15414,0.056
15415,-0.027
15416,-0.005
15417,0.022
15418,-0.078
15419,-0.012
15420,0.005
15421,-0.044
15422,0.002
15423,0.005
15424,-0.139
15425,-0.02
15426,0.022
15427,0.024
15428,0.115
15429,0.022
15430,0.042
15431,0.161
15432,0.095
15433,-0.01
15434,0.007
15435,0.034
15436,0.095
15437,0.017
15438,-0.034
15439,-0.024
15440,-0.007
15441,-0.022
15442,-0.144
15443,-0.017
15444,-0.017
15445,-0.051
15446,0.005
15447,0.071
15448,0.042
15449,-0.012
15450,-0.071
15451,0.024
15452,0.039
15453,-0.037
15454,0.103
15455,0.017
15456,0.017
15457,-0.005
15458,-0.049
15459,0.046
15460,-0.093
15461,0.01
15462,0.029
15463,-0.027
15464,0.005
15465,0.02
15466,0.007
15467,-0.078
15468,-0.015
15469,0.017
15470,0.015
15471,0.027
15472,0.007
15473,-0.078
15474,-0.032
15475,-0.073
15476,-0.024
15477,0.042
15478,-0.066
15479,-0.034
15480,0.042
15481,-0.032
15482,0.0
15483,-0.042
15484,-0.017
15485,-0.056
15486,-0.046
15487,-0.059
15488,-0.054
15489,-0.044
15490,0.061
15491,0.039
15492,-0.059
15493,-0.017
15494,0.049
15495,0.044
15496,-0.061
15497,-0.034
15498,-0.012
15499,-0.037
15500,-0.054
15501,-0.051
15502,-0.029
15503,-0.024
15504,-0.01
15505,-0.005
15506,-0.027
15507,-0.076
15508,-0.044
15509,0.151
15510,0.034
15511,-0.098
15512,-0.073
15513,0.076
15514,-0.039
15515,0.017
15516,-0.027
15517,-0.029
15518,0.024
15519,-0.046
15520,-0.005
15521,-0.024
15522,-0.11
15523,-0.027
15524,-0.042
15525,-0.01
15526,0.0
15527,0.012
15528,0.168
15529,0.029
15530,-0.044
15531,-0.093
15532,0.044
15533,0.137
15534,0.112
15535,0.105
15536,0.049
15537,0.107
15538,0.007
15539,-0.095
15540,-0.095
15541,-0.017
15542,-0.015
15543,-0.076
15544,-0.039
15545,-0.039
15546,0.024
15547,0.046
15548,-0.024
15549,-0.083
15550,0.078
15551,0.012
15552,-0.066
15553,-0.037
15554,0.063
15555,0.083
15556,-0.054
15557,-0.134
15558,-0.049
15559,-0.051
15560,-0.149
15561,-0.095
15562,-0.037
15563,-0.061
15564,-0.105
15565,-0.085
15566,-0.007
15567,-0.015
15568,-0.081
15569,0.039
15570,0.027
15571,-0.049
15572,-0.063
15573,-0.029
15574,0.059
15575,-0.012
15576,-0.073
15577,0.015
15578,0.027
15579,-0.042
15580,-0.078
15581,-0.1
15582,-0.029
15583,-0.017
15584,-0.002
15585,-0.044
15586,-0.105
15587,0.042
15588,0.066
15589,-0.02
15590,0.029
15591,0.015
15592,0.132
15593,0.078
15594,0.095
15595,0.02
15596,0.046
15597,0.002
15598,-0.066
15599,-0.073
15600,0.034
15601,0.122
15602,-0.078
15603,-0.132
15604,-0.093
15605,-0.203
15606,0.046
15607,-0.012
15608,0.032
15609,-0.034
15610,-0.071
15611,0.056
15612,0.093
15613,-0.11
15614,0.01
15615,0.059
15616,-0.024
15617,-0.068
15618,0.0
15619,0.076
15620,0.059
15621,-0.054
15622,-0.024
15623,0.0
15624,0.034
15625,-0.063
15626,-0.02
15627,-0.012
15628,-0.029
15629,0.088
15630,0.061
15631,-0.039
15632,0.012
15633,-0.017
15634,0.01
15635,0.066
15636,0.059
15637,0.049
15638,-0.012
15639,0.034
15640,0.037
15641,0.068
15642,0.012
15643,0.027
15644,0.071
15645,-0.066
15646,-0.125
15647,-0.081
15648,-0.115
15649,-0.112
15650,-0.034
15651,-0.042
15652,-0.002
15653,-0.056
15654,-0.037
15655,0.063
15656,0.044
15657,-0.085
15658,0.042
15659,0.081
15660,0.029
15661,-0.049
15662,-0.024
15663,0.012
15664,-0.032
15665,-0.029
15666,0.034
15667,-0.039
15668,-0.017
15669,-0.015
15670,0.059
15671,-0.01
15672,0.083
15673,0.027
15674,-0.034
15675,-0.059
15676,0.044
15677,0.054
15678,0.054
15679,0.107
15680,0.007
15681,-0.027
15682,0.061
15683,-0.007
15684,-0.024
15685,0.12
15686,0.085
15687,-0.017
15688,-0.056
15689,0.056
15690,0.046
15691,-0.01
15692,0.054
15693,0.068
15694,0.024
15695,-0.068
15696,0.01
15697,0.044
15698,0.042
15699,0.01
15700,0.0
15701,-0.012
15702,0.01
15703,0.007
15704,-0.027
15705,-0.103
15706,-0.002
15707,-0.029
15708,-0.066
15709,-0.232
15710,-0.044
15711,0.083
15712,0.12
15713,0.063
15714,0.115
15715,0.093
15716,0.083
15717,0.054
15718,-0.037
15719,0.02
15720,0.022
15721,0.039
15722,-0.127
15723,-0.024
15724,-0.071
15725,-0.088
15726,-0.105
15727,-0.015
15728,-0.002
15729,-0.105
15730,-0.12
15731,-0.085
15732,-0.059
15733,-0.002
15734,-0.01
15735,0.056
15736,0.056
15737,0.105
15738,0.063
15739,0.005
15740,-0.02
15741,0.017
15742,0.112
15743,0.051
15744,0.071
15745,0.059
15746,-0.049
15747,-0.02
15748,0.034
15749,0.054
15750,0.129
15751,0.007
15752,-0.032
15753,-0.107
15754,-0.027
15755,0.093
15756,0.034
15757,0.027
15758,-0.015
15759,-0.01
15760,-0.027
15761,-0.022
15762,-0.076
15763,0.081
15764,0.061
15765,-0.002
15766,0.012
15767,-0.081
15768,-0.027
15769,-0.022
15770,-0.024
15771,0.0
15772,0.063
15773,0.122
15774,0.022
15775,-0.024
15776,0.015
15777,0.056
15778,-0.024
15779,0.034
15780,-0.034
15781,0.039
15782,0.02
15783,-0.02
15784,-0.02
15785,-0.093
15786,-0.059
15787,-0.039
15788,0.125
15789,0.095
15790,0.044
15791,0.051
15792,0.039
15793,-0.032
15794,0.049
15795,0.056
15796,0.044
15797,0.066
15798,0.1
15799,0.117
15800,-0.029
15801,0.002
15802,0.054
15803,-0.046
15804,0.11
15805,0.034
15806,-0.02
15807,0.063
15808,0.022
15809,0.005
15810,0.059
15811,-0.034
15812,0.11
15813,0.037
15814,0.061
15815,0.039
15816,0.127
15817,0.076
15818,0.02
15819,0.063
15820,-0.005
15821,0.002
15822,0.015
15823,-0.068
15824,-0.063
15825,0.02
15826,-0.005
15827,-0.09
15828,-0.073
15829,0.034
15830,0.1
15831,-0.007
15832,-0.054
15833,-0.007
15834,0.068
15835,0.081
15836,0.02
15837,-0.042
15838,0.081
15839,0.12
15840,-0.042
15841,-0.012
15842,-0.127
15843,-0.015
15844,-0.09
15845,-0.144
15846,-0.164
15847,-0.132
15848,-0.012
15849,-0.144
15850,-0.063
15851,0.022
15852,0.012
15853,0.017
15854,-0.032
15855,0.12
15856,0.168
15857,-0.027
15858,0.088
15859,0.095
15860,0.063
15861,0.098
15862,-0.066
15863,0.017
15864,0.037
15865,0.02
15866,-0.02
15867,-0.11
15868,-0.056
15869,-0.078
15870,-0.061
15871,-0.049
15872,-0.037
15873,-0.027
15874,-0.054
15875,-0.012
15876,0.09
15877,-0.015
15878,-0.01
15879,0.11
15880,0.027
15881,0.12
15882,0.012
15883,0.085
15884,0.063
15885,-0.105
15886,-0.017
15887,0.027
15888,0.024
15889,-0.037
15890,-0.085
15891,-0.042
15892,-0.056
15893,-0.046
15894,-0.085
15895,0.024
15896,-0.027
15897,0.007
15898,-0.039
15899,-0.022
15900,0.063
15901,0.046
15902,-0.02
15903,-0.012
15904,-0.007
15905,0.068
15906,-0.002
15907,0.022
15908,-0.034
15909,-0.02
15910,0.022
15911,-0.081
15912,0.0
15913,0.012
15914,0.037
15915,0.051
15916,0.022
15917,0.095
15918,0.015
15919,-0.01
15920,0.02
15921,-0.015
15922,0.034
15923,0.144
15924,0.046
15925,0.083
15926,0.051
15927,0.061
15928,0.105
15929,0.098
15930,0.112
15931,0.09
15932,0.068
15933,0.1
15934,0.054
15935,0.056
15936,0.132
15937,0.1
15938,0.054
15939,0.098
15940,0.039
15941,0.044
15942,0.029
15943,-0.042
15944,0.039
15945,0.005
15946,-0.007
15947,0.037
15948,-0.076
15949,-0.044
15950,-0.01
15951,0.063
15952,0.09
15953,0.005
15954,0.051
15955,-0.066
15956,-0.015
15957,0.061
15958,0.034
15959,-0.039
15960,-0.034
15961,-0.034
15962,-0.042
15963,-0.076
15964,-0.088
15965,0.02
15966,-0.056
15967,-0.029
15968,-0.032
15969,-0.063
15970,-0.022
15971,-0.027
15972,0.024
15973,0.037
15974,0.017
15975,0.012
15976,-0.061
15977,0.0
15978,0.01
15979,0.137
15980,0.015
15981,-0.02
15982,0.081
15983,0.015
15984,-0.034
15985,-0.061
15986,-0.012
15987,0.049
15988,0.039
15989,-0.085
15990,-0.039
15991,-0.049
15992,-0.049
15993,0.024
15994,-0.044
15995,-0.151
15996,-0.015
15997,0.037
15998,-0.071
15999,0.073
16000,0.051
16001,0.181
16002,0.063
16003,0.09
16004,-0.054
16005,-0.042
16006,0.01
16007,-0.015
16008,-0.063
16009,-0.01
16010,0.029
16011,0.105
16012,-0.022
16013,-0.051
16014,-0.056
16015,-0.049
16016,-0.071
16017,0.024
16018,0.095
16019,0.061
16020,0.19
16021,-0.007
16022,0.112
16023,-0.007
16024,-0.015
16025,-0.032
16026,-0.115
16027,0.024
16028,0.056
16029,0.039
16030,0.027
16031,0.054
16032,0.042
16033,-0.024
16034,0.032
16035,0.203
16036,0.234
16037,0.115
16038,0.029
16039,0.015
16040,0.027
16041,0.132
16042,0.117
16043,0.01
16044,-0.09
16045,0.168
16046,-0.022
16047,-0.071
16048,-0.042
16049,0.02
16050,0.154
16051,-0.039
16052,-0.217
16053,0.068
16054,-0.056
16055,-0.061
16056,0.071
16057,-0.051
16058,-0.051
16059,-0.115
16060,-0.105
16061,-0.054
16062,-0.188
16063,-0.146
16064,-0.022
16065,-0.034
16066,-0.027
16067,-0.144
16068,-0.115
16069,-0.149
16070,-0.239
16071,-0.12
16072,-0.054
16073,-0.042
16074,-0.02
16075,0.007
16076,0.073
16077,-0.01
16078,0.027
16079,-0.044
16080,-0.015
16081,-0.042
16082,-0.066
16083,-0.078
16084,-0.166
16085,-0.098
16086,-0.164
16087,-0.188
16088,-0.188
16089,-0.144
16090,-0.081
16091,-0.154
16092,-0.112
16093,-0.054
16094,-0.051
16095,-0.1
16096,0.042
16097,0.12
16098,0.046
16099,0.09
16100,-0.054
16101,0.015
16102,-0.051
16103,0.083
16104,-0.005
16105,0.029
16106,0.034
16107,0.051
16108,-0.09
16109,-0.054
16110,-0.066
16111,0.049
16112,0.002
16113,-0.105
16114,0.022
16115,-0.002
16116,0.127
16117,0.012
16118,-0.027
16119,0.11
16120,0.085
16121,-0.002
16122,0.071
16123,0.042
16124,0.076
16125,-0.085
16126,-0.146
16127,-0.002
16128,0.046
16129,-0.01
16130,-0.095
16131,-0.105
16132,-0.068
16133,-0.134
16134,-0.059
16135,0.056
16136,0.024
16137,-0.024
16138,-0.024
16139,0.022
16140,0.044
16141,-0.022
16142,0.11
16143,0.061
16144,-0.005
16145,-0.056
16146,-0.024
16147,0.002
16148,-0.078
16149,-0.042
16150,0.034
16151,0.037
16152,-0.059
16153,-0.183
16154,-0.122
16155,-0.012
16156,-0.103
16157,-0.134
16158,-0.044
16159,0.007
16160,-0.134
16161,-0.11
16162,0.027
16163,0.039
16164,0.044
16165,-0.122
16166,-0.017
16167,0.02
16168,0.024
16169,-0.02
16170,-0.156
16171,0.083
16172,0.007
16173,-0.1
16174,-0.039
16175,-0.088
16176,-0.046
16177,-0.051
16178,-0.059
16179,-0.12
16180,-0.085
16181,-0.063
16182,0.022
16183,-0.022
16184,-0.017
16185,0.042
16186,0.083
16187,0.071
16188,0.015
16189,-0.007
16190,0.068
16191,0.027
16192,-0.017
16193,-0.081
16194,0.066
16195,0.007
16196,0.024
16197,0.005
16198,0.134
16199,0.154
16200,0.112
16201,0.022
16202,0.168
16203,0.071
16204,0.042
16205,0.056
16206,0.012
16207,0.103
16208,0.032
16209,-0.056
16210,0.02
16211,-0.017
16212,-0.017
16213,-0.066
16214,0.02
16215,-0.027
16216,0.076
16217,0.002
16218,0.017
16219,0.015
16220,0.137
16221,0.005
16222,0.059
16223,0.088
16224,-0.063
16225,-0.046
16226,0.078
16227,0.039
16228,-0.063
16229,0.007
16230,0.01
16231,0.051
16232,-0.002
16233,-0.095
16234,0.059
16235,0.007
16236,0.081
16237,0.066
16238,-0.007
16239,0.129
16240,0.046
16241,0.022
16242,-0.002
16243,0.012
16244,-0.002
16245,0.1
16246,-0.037
16247,-0.071
16248,-0.09
16249,-0.024
16250,-0.12
16251,-0.168
16252,-0.095
16253,0.005
16254,-0.037
16255,-0.044
16256,-0.093
16257,-0.076
16258,-0.027
16259,0.044
16260,0.142
16261,0.12
16262,-0.088
16263,0.007
16264,-0.029
16265,-0.061
16266,-0.09
16267,0.039
16268,-0.017
16269,0.007
16270,-0.085
16271,-0.068
16272,0.115
16273,-0.032
16274,0.012
16275,-0.115
16276,0.024
16277,0.056
16278,0.054
16279,0.12
16280,0.056
16281,0.002
16282,0.032
16283,-0.007
16284,0.122
16285,0.081
16286,-0.015
16287,-0.015
16288,-0.022
16289,0.056
16290,0.002
16291,-0.049
16292,-0.117
16293,-0.046
16294,0.027
16295,-0.017
16296,-0.037
16297,-0.024
16298,0.073
16299,0.032
16300,-0.01
16301,0.032
16302,0.146
16303,0.093
16304,0.034
16305,0.046
16306,0.076
16307,0.22
16308,0.073
16309,-0.054
16310,0.002
16311,-0.034
16312,0.007
16313,-0.037
16314,-0.139
16315,-0.015
16316,0.107
16317,0.034
16318,0.076
16319,0.122
16320,0.022
16321,0.024
16322,0.042
16323,0.098
16324,0.11
16325,0.049
16326,0.159
16327,0.054
16328,0.017
16329,0.024
16330,0.044
16331,0.034
16332,0.015
16333,-0.012
16334,-0.11
16335,-0.066
16336,0.059
16337,-0.02
16338,0.09
16339,-0.068
16340,-0.051
16341,-0.007
16342,0.024
16343,-0.029
16344,0.012
16345,0.146
16346,-0.073
16347,-0.017
16348,0.042
16349,-0.032
16350,-0.061
16351,-0.051
16352,-0.127
16353,-0.017
16354,-0.012
16355,0.005
16356,0.027
16357,-0.051
16358,0.083
16359,0.129
16360,0.173
16361,-0.02
16362,0.085
16363,-0.012
16364,0.002
16365,-0.044
16366,-0.012
16367,0.042
16368,-0.068
16369,-0.088
16370,-0.12
16371,-0.112
16372,-0.046
16373,0.002
16374,-0.054
16375,0.032
16376,0.015
16377,-0.083
16378,0.015
16379,0.066
16380,-0.01
16381,0.027
16382,0.054
16383,-0.01
16384,0.056
16385,0.002
16386,0.042
16387,0.007
16388,-0.103
16389,0.002
16390,-0.032
16391,-0.042
16392,-0.115
16393,-0.068
16394,-0.117
16395,-0.037
16396,-0.005
16397,-0.061
16398,0.068
16399,-0.1
16400,0.063
16401,0.054
16402,-0.024
16403,0.09
16404,-0.095
16405,0.0
16406,-0.181
16407,-0.063
16408,0.01
16409,-0.037
16410,-0.076
16411,-0.093
16412,-0.1
16413,0.107
16414,-0.073
16415,-0.171
16416,-0.022
16417,0.029
16418,0.066
16419,-0.098
16420,-0.037
16421,0.059
16422,0.125
16423,-0.015
16424,-0.112
16425,0.083
16426,0.176
16427,0.095
16428,0.007
16429,-0.078
16430,-0.027
16431,0.061
16432,-0.022
16433,-0.054
16434,-0.061
16435,-0.09
16436,0.017
16437,-0.046
16438,-0.005
16439,0.029
16440,0.083
16441,-0.032
16442,-0.015
16443,0.049
16444,-0.029
16445,0.078
16446,-0.107
16447,-0.01
16448,0.034
16449,-0.022
16450,0.02
16451,-0.039
16452,-0.115
16453,-0.056
16454,-0.037
16455,-0.032
16456,-0.051
16457,0.015
16458,0.051
16459,-0.044
16460,-0.017
16461,0.032
16462,0.107
16463,0.081
16464,0.176
16465,0.059
16466,0.012
16467,0.127
16468,-0.02
16469,-0.037
16470,-0.061
16471,0.044
16472,-0.049
16473,-0.042
16474,-0.125
16475,-0.144
16476,-0.002
16477,-0.024
16478,0.032
16479,-0.11
16480,-0.046
16481,-0.059
16482,-0.007
16483,0.068
16484,0.078
16485,0.093
16486,-0.11
16487,-0.027
16488,0.1
16489,-0.056
16490,-0.01
16491,-0.046
16492,-0.107
16493,0.017
16494,-0.171
16495,-0.029
16496,-0.01
16497,-0.007
16498,-0.017
16499,-0.088
16500,-0.059
16501,-0.012
16502,-0.029
16503,0.049
16504,-0.044
16505,-0.054
16506,0.046
16507,-0.002
16508,-0.063
16509,-0.085
16510,-0.1
16511,0.027
16512,-0.042
16513,-0.078
16514,-0.029
16515,-0.078
16516,0.015
16517,0.024
16518,-0.076
16519,0.085
16520,0.083
16521,0.066
16522,0.103
16523,0.017
16524,0.12
16525,0.081
16526,-0.012
16527,0.1
16528,0.032
16529,-0.029
16530,0.073
16531,0.103
16532,-0.039
16533,-0.015
16534,0.022
16535,0.115
16536,-0.056
16537,-0.078
16538,0.01
16539,-0.073
16540,-0.002
16541,-0.044
16542,-0.056
16543,-0.032
16544,0.007
16545,0.083
16546,0.049
16547,0.081
16548,0.02
16549,-0.032
16550,0.054
16551,0.103
16552,-0.017
16553,0.037
16554,0.022
16555,-0.002
16556,-0.093
16557,-0.061
16558,-0.068
16559,-0.149
16560,0.015
16561,0.083
16562,-0.007
16563,-0.088
16564,0.093
16565,0.022
16566,-0.032
16567,-0.015
16568,0.029
16569,0.059
16570,0.017
16571,0.09
16572,-0.024
16573,-0.022
16574,0.046
16575,0.098
16576,-0.01
16577,-0.071
16578,0.09
16579,0.034
16580,-0.046
16581,-0.002
16582,-0.002
16583,-0.068
16584,-0.015
16585,-0.01
16586,0.032
16587,0.02
16588,0.103
16589,-0.071
16590,-0.068
16591,-0.02
16592,0.139
16593,0.005
16594,-0.09
16595,0.027
16596,0.068
16597,0.076
16598,0.024
16599,-0.005
16600,0.034
16601,0.103
16602,0.156
16603,0.081
16604,0.007
16605,-0.007
16606,0.066
16607,0.054
16608,0.027
16609,0.11
16610,0.042
16611,-0.029
16612,0.0
16613,0.01
16614,0.022
16615,0.12
16616,-0.071
16617,-0.054
16618,-0.073
16619,-0.093
16620,0.02
16621,-0.034
16622,0.134
16623,0.061
16624,-0.051
16625,0.061
16626,0.032
16627,-0.015
16628,0.02
16629,-0.01
16630,-0.024
16631,0.093
16632,0.022
16633,0.049
16634,0.002
16635,0.063
16636,0.044
16637,0.039
16638,0.122
16639,-0.012
16640,0.083
16641,0.11
16642,0.046
16643,-0.02
16644,-0.044
16645,0.056
16646,0.09
16647,0.054
16648,0.073
16649,0.005
16650,0.01
16651,0.132
16652,-0.078
16653,-0.085
16654,0.051
16655,0.093
16656,-0.046
16657,-0.061
16658,-0.039
16659,-0.01
16660,0.024
16661,-0.081
16662,0.005
16663,0.01
16664,0.034
16665,-0.068
16666,-0.027
16667,0.051
16668,0.103
16669,0.015
16670,-0.012
16671,-0.032
16672,0.027
16673,0.061
16674,-0.039
16675,-0.054
16676,-0.022
16677,0.046
16678,0.02
16679,-0.134
16680,-0.076
16681,0.115
16682,0.107
16683,-0.095
16684,0.046
16685,-0.046
16686,-0.337
16687,-0.034
16688,-0.044
16689,0.081
16690,0.078
16691,-0.225
16692,-0.181
16693,-0.095
16694,-0.037
16695,0.061
16696,-0.173
16697,0.015
16698,0.149
16699,-0.012
16700,0.115
16701,-0.015
16702,0.09
16703,0.032
16704,-0.015
16705,0.073
16706,0.066
16707,-0.034
16708,0.024
16709,0.034
16710,-0.042
16711,0.012
16712,0.024
16713,0.112
16714,-0.059
16715,0.024
16716,0.144
16717,0.205
16718,0.142
16719,0.083
16720,-0.024
16721,0.088
16722,0.005
16723,0.034
16724,0.188
16725,-0.083
16726,-0.066
16727,-0.017
16728,-0.059
16729,0.059
16730,-0.012
16731,0.007
16732,-0.183
16733,-0.159
16734,-0.061
16735,-0.012
16736,-0.061
16737,0.076
16738,-0.112
16739,-0.042
16740,0.037
16741,-0.032
16742,0.01
16743,0.054
16744,0.051
16745,-0.017
16746,0.024
16747,0.054
16748,0.059
16749,-0.01
16750,-0.007
16751,0.027
16752,-0.027
16753,-0.029
16754,-0.029
16755,0.073
16756,0.007
16757,-0.066
16758,-0.073
16759,-0.054
16760,0.095
16761,-0.085
16762,-0.054
16763,-0.044
16764,-0.01
16765,-0.01
16766,0.027
16767,0.01
16768,0.005
16769,0.017
16770,-0.034
16771,0.071
16772,-0.005
16773,0.054
16774,-0.049
16775,-0.059
16776,-0.039
16777,-0.129
16778,-0.059
16779,0.01
16780,-0.017
16781,-0.059
16782,-0.063
16783,-0.181
16784,-0.056
16785,0.054
16786,0.063
16787,-0.029
16788,-0.061
16789,-0.012
16790,0.037
16791,-0.059
16792,-0.044
16793,0.032
16794,-0.034
16795,-0.046
16796,-0.125
16797,-0.034
16798,0.022
16799,-0.076
16800,0.044
16801,-0.076
16802,-0.042
16803,-0.02
16804,-0.01
16805,-0.056
16806,0.054
16807,0.042
16808,0.054
16809,0.071
16810,-0.044
16811,0.09
16812,0.034
16813,0.027
16814,0.122
16815,-0.027
16816,-0.02
16817,0.073
16818,0.005
16819,-0.049
16820,-0.115
16821,0.005
16822,-0.022
16823,-0.042
16824,0.007
16825,0.017
16826,-0.005
16827,-0.012
16828,0.085
16829,0.049
16830,0.061
16831,0.012
16832,-0.017
16833,0.044
16834,0.056
16835,0.034
16836,-0.071
16837,0.112
16838,0.007
16839,0.044
16840,0.02
16841,-0.042
16842,0.051
16843,-0.01
16844,-0.032
16845,-0.115
16846,-0.049
16847,0.066
16848,0.063
16849,-0.081
16850,-0.044
16851,0.029
16852,0.049
16853,-0.01
16854,0.002
16855,0.134
16856,0.071
16857,-0.007
16858,-0.09
16859,-0.11
16860,-0.061
16861,-0.085
16862,-0.039
16863,0.007
16864,0.066
16865,0.012
16866,-0.007
16867,-0.027
16868,-0.063
16869,-0.037
16870,-0.046
16871,0.002
16872,-0.024
16873,0.012
16874,-0.024
16875,-0.1
16876,-0.066
16877,-0.015
16878,-0.017
16879,-0.054
16880,-0.054
16881,-0.098
16882,-0.125
16883,-0.073
16884,0.129
16885,0.127
16886,0.02
16887,0.09
16888,0.054
16889,-0.049
16890,-0.105
16891,-0.039
16892,0.103
16893,-0.063
16894,0.015
16895,0.144
16896,0.085
16897,-0.046
16898,-0.173
16899,-0.081
16900,0.01
16901,-0.107
16902,0.0
16903,0.1
16904,0.071
16905,-0.01
16906,-0.017
16907,0.054
16908,0.0
16909,0.02
16910,0.059
16911,-0.012
16912,-0.122
16913,-0.12
16914,0.037
16915,-0.015
16916,-0.093
16917,-0.073
16918,-0.227
16919,-0.071
16920,-0.007
16921,-0.056
16922,-0.015
16923,-0.117
16924,-0.11
16925,0.071
16926,-0.002
16927,0.024
16928,0.188
16929,0.088
16930,0.032
16931,0.01
16932,0.051
16933,-0.095
16934,-0.161
16935,0.017
16936,-0.002
16937,0.015
16938,-0.115
16939,-0.105
16940,-0.122
16941,0.049
16942,-0.032
16943,-0.029
16944,0.017
16945,0.107
16946,-0.027
16947,-0.115
16948,0.046
16949,0.098
16950,0.09
16951,0.049
16952,-0.049
16953,0.0
16954,0.044
16955,-0.061
16956,-0.081
16957,-0.071
16958,-0.127
16959,-0.046
16960,-0.078
16961,-0.088
16962,-0.134
16963,-0.046
16964,-0.061
16965,-0.09
16966,-0.09
16967,0.039
16968,0.022
16969,0.063
16970,0.02
16971,0.015
16972,0.117
16973,0.024
16974,0.029
16975,0.027
16976,0.024
16977,0.068
16978,-0.056
16979,0.02
16980,0.046
16981,0.068
16982,0.054
16983,-0.19
16984,-0.073
16985,0.11
16986,-0.022
16987,0.015
16988,0.063
16989,0.024
16990,0.125
16991,0.049
16992,0.054
16993,-0.007
16994,0.049
16995,0.037
16996,-0.022
16997,-0.095
16998,-0.095
16999,-0.02
17000,-0.024
17001,0.017
17002,0.032
17003,0.01
17004,0.034
17005,-0.015
17006,-0.066
17007,0.037
17008,-0.066
17009,0.02
17010,0.032
17011,-0.02
17012,0.161
17013,0.098
17014,-0.007
17015,-0.01
17016,-0.017
17017,0.032
17018,0.0
17019,-0.078
17020,0.073
17021,0.159
17022,0.142
17023,0.051
17024,-0.19
17025,-0.144
17026,-0.02
17027,0.166
17028,0.037
17029,0.01
17030,0.039
17031,-0.015
17032,-0.098
17033,-0.059
17034,-0.027
17035,-0.039
17036,-0.002
17037,-0.042
17038,0.015
17039,-0.056
17040,-0.127
17041,-0.11
17042,-0.117
17043,-0.117
17044,-0.012
17045,-0.071
17046,0.059
17047,0.063
17048,0.032
17049,-0.037
17050,-0.049
17051,-0.002
17052,-0.042
17053,-0.007
17054,-0.071
17055,-0.076
17056,0.073
17057,0.034
17058,0.051
17059,-0.054
17060,-0.093
17061,0.068
17062,0.005
17063,-0.032
17064,0.007
17065,0.024
17066,0.063
17067,-0.007
17068,-0.051
17069,-0.002
17070,-0.002
17071,-0.061
17072,0.022
17073,-0.046
17074,0.083
17075,-0.044
17076,-0.078
17077,-0.037
17078,-0.09
17079,-0.042
17080,-0.066
17081,-0.051
17082,-0.022
17083,-0.066
17084,-0.071
17085,0.015
17086,-0.022
17087,0.059
17088,0.127
17089,0.051
17090,0.115
17091,0.0
17092,0.068
17093,0.073
17094,0.017
17095,0.061
17096,-0.02
17097,-0.083
17098,0.046
17099,0.046
17100,-0.022
17101,0.022
17102,-0.017
17103,-0.066
17104,-0.1
17105,-0.027
17106,0.051
17107,-0.029
17108,-0.005
17109,0.051
17110,-0.015
17111,0.044
17112,0.056
17113,0.027
17114,0.068
17115,0.088
17116,0.027
17117,-0.029
17118,0.034
17119,0.024
17120,-0.012
17121,-0.083
17122,-0.103
17123,-0.015
17124,-0.09
17125,-0.073
17126,-0.068
17127,-0.061
17128,0.0
17129,-0.002
17130,0.076
17131,0.022
17132,0.054
17133,0.095
17134,0.034
17135,0.076
17136,-0.022
17137,0.046
17138,0.0
17139,-0.083
17140,-0.125
17141,-0.063
17142,-0.076
17143,-0.049
17144,0.042
17145,0.02
17146,-0.037
17147,-0.085
17148,0.012
17149,0.051
17150,-0.027
17151,0.046
17152,0.066
17153,0.029
17154,0.151
17155,0.034
17156,0.085
17157,-0.012
17158,-0.032
17159,-0.002
17160,0.029
17161,-0.034
17162,0.037
17163,0.02
17164,-0.056
17165,0.024
17166,-0.007
17167,0.076
17168,0.044
17169,0.056
17170,0.02
17171,-0.105
17172,0.085
17173,0.054
17174,0.039
17175,0.12
17176,0.103
17177,0.073
17178,0.012
17179,0.1
17180,0.066
17181,0.112
17182,-0.022
17183,-0.012
17184,-0.049
17185,-0.066
17186,0.01
17187,-0.044
17188,-0.002
17189,0.017
17190,-0.044
17191,0.01
17192,0.042
17193,0.032
17194,0.029
17195,-0.039
17196,-0.1
17197,-0.063
17198,-0.061
17199,-0.088
17200,-0.063
17201,-0.12
17202,-0.071
17203,-0.029
17204,-0.002
17205,-0.002
17206,0.054
17207,0.0
17208,-0.046
17209,0.039
17210,0.032
17211,-0.032
17212,-0.02
17213,0.042
17214,0.024
17215,0.066
17216,0.024
17217,-0.022
17218,-0.002
17219,-0.039
17220,0.037
17221,-0.017
17222,0.034
17223,-0.015
17224,-0.042
17225,0.037
17226,0.022
17227,-0.056
17228,0.002
17229,0.005
17230,0.078
17231,0.002
17232,-0.002
17233,0.139
17234,0.078
17235,0.076
17236,0.02
17237,-0.046
17238,0.066
17239,0.071
17240,0.017
17241,0.037
17242,-0.034
17243,0.029
17244,0.01
17245,-0.107
17246,0.01
17247,0.022
17248,0.002
17249,0.059
17250,-0.002
17251,0.129
17252,0.022
17253,-0.112
17254,0.139
17255,0.134
17256,0.161
17257,0.076
17258,-0.063
17259,0.071
17260,0.078
17261,-0.017
17262,-0.051
17263,0.105
17264,0.151
17265,0.022
17266,-0.076
17267,-0.105
17268,0.049
17269,0.073
17270,-0.02
17271,0.068
17272,0.081
17273,0.01
17274,-0.007
17275,0.046
17276,0.105
17277,0.032
17278,-0.027
17279,-0.078
17280,0.007
17281,-0.039
17282,0.122
17283,0.056
17284,-0.034
17285,0.144
17286,0.09
17287,0.0
17288,0.046
17289,0.024
17290,0.164
17291,0.105
17292,0.132
17293,-0.02
17294,0.046
17295,0.015
17296,-0.032
17297,0.076
17298,0.127
17299,0.012
17300,0.0
17301,-0.029
17302,0.002
17303,0.005
17304,-0.046
17305,-0.046
17306,-0.125
17307,-0.073
17308,0.159
17309,0.005
17310,-0.112
17311,-0.107
17312,0.059
17313,0.117
17314,0.122
17315,-0.007
17316,0.054
17317,-0.029
17318,-0.024
17319,0.012
17320,-0.115
17321,-0.095
17322,-0.042
17323,0.002
17324,-0.032
17325,-0.156
17326,0.002
17327,0.159
17328,0.056
17329,-0.188
17330,-0.083
17331,0.139
17332,-0.01
17333,0.002
17334,0.083
17335,0.022
17336,0.098
17337,0.098
17338,-0.046
17339,0.039
17340,0.032
17341,0.027
17342,0.007
17343,-0.1
17344,-0.034
17345,0.002
17346,0.051
17347,-0.002
17348,0.002
17349,0.081
17350,0.029
17351,-0.056
17352,0.02
17353,0.068
17354,0.066
17355,0.054
17356,-0.027
17357,0.1
17358,0.022
17359,-0.034
17360,-0.107
17361,0.029
17362,0.076
17363,-0.093
17364,-0.171
17365,-0.112
17366,-0.017
17367,-0.083
17368,-0.081
17369,-0.164
17370,0.022
17371,-0.02
17372,-0.051
17373,0.022
17374,0.173
17375,-0.012
17376,-0.007
17377,-0.146
17378,-0.029
17379,0.046
17380,0.098
17381,0.037
17382,-0.115
17383,-0.049
17384,-0.188
17385,-0.134
17386,-0.024
17387,-0.042
17388,-0.032
17389,-0.054
17390,0.034
17391,-0.039
17392,0.029
17393,0.002
17394,0.012
17395,0.01
17396,-0.012
17397,0.09
17398,0.005
17399,-0.034
17400,-0.027
17401,-0.168
17402,0.027
17403,0.056
17404,0.012
17405,0.066
17406,-0.071
17407,0.068
17408,0.12
17409,0.095
17410,-0.034
17411,-0.022
17412,-0.005
17413,0.046
17414,-0.051
17415,0.002
17416,0.049
17417,-0.103
17418,0.005
17419,-0.012
17420,-0.017
17421,0.027
17422,-0.076
17423,0.027
17424,-0.029
17425,-0.137
17426,-0.015
17427,0.027
17428,-0.005
17429,-0.103
17430,-0.161
17431,-0.042
17432,-0.032
17433,-0.076
17434,0.146
17435,-0.007
17436,0.103
17437,0.142
17438,-0.01
17439,0.063
17440,-0.01
17441,0.012
17442,0.0
17443,0.122
17444,0.046
17445,-0.088
17446,-0.029
17447,0.022
17448,0.049
17449,-0.105
17450,-0.078
17451,0.054
17452,0.027
17453,-0.076
17454,-0.002
17455,0.11
17456,0.19
17457,-0.034
17458,-0.024
17459,-0.002
17460,0.037
17461,-0.022
17462,0.042
17463,-0.073
17464,-0.164
17465,0.066
17466,0.029
17467,-0.051
17468,-0.081
17469,-0.051
17470,-0.066
17471,-0.127
17472,-0.066
17473,0.037
17474,-0.049
17475,-0.095
17476,-0.044
17477,-0.127
17478,-0.149
17479,-0.017
17480,-0.066
17481,-0.029
17482,-0.017
17483,0.015
17484,0.029
17485,0.042
17486,-0.173
17487,-0.117
17488,-0.024
17489,0.051
17490,-0.066
17491,-0.132
17492,-0.002
17493,-0.088
17494,-0.066
17495,-0.007
17496,-0.095
17497,-0.042
17498,0.039
17499,0.061
17500,-0.01
17501,0.034
17502,0.142
17503,0.081
17504,-0.022
17505,0.0
17506,0.105
17507,0.071
17508,0.029
17509,-0.029
17510,-0.051
17511,-0.015
17512,-0.088
17513,0.034
17514,0.098
17515,-0.017
17516,-0.054
17517,0.005
17518,0.078
17519,0.051
17520,0.042
17521,0.068
17522,-0.088
17523,-0.154
17524,0.071
17525,-0.068
17526,-0.083
17527,-0.039
17528,0.049
17529,-0.042
17530,-0.034
17531,0.042
17532,0.037
17533,0.032
17534,-0.01
17535,0.0
17536,0.027
17537,-0.017
17538,0.107
17539,0.085
17540,0.007
17541,-0.107
17542,-0.042
17543,-0.112
17544,-0.022
17545,-0.117
17546,0.024
17547,0.037
17548,-0.037
17549,-0.054
17550,-0.073
17551,-0.066
17552,0.046
17553,-0.059
17554,-0.051
17555,-0.063
17556,0.002
17557,0.103
17558,-0.071
17559,-0.002
17560,0.024
17561,-0.061
17562,0.037
17563,-0.056
17564,-0.039
17565,0.112
17566,-0.032
17567,-0.134
17568,-0.093
17569,-0.125
17570,-0.088
17571,-0.039
17572,0.022
17573,0.02
17574,-0.068
17575,0.068
17576,0.039
17577,-0.032
17578,0.046
17579,0.051
17580,-0.024
17581,0.066
17582,0.11
17583,0.09
17584,0.024
17585,-0.095
17586,-0.005
17587,-0.095
17588,-0.039
17589,-0.049
17590,-0.137
17591,-0.107
17592,-0.037
17593,-0.037
17594,-0.034
17595,-0.017
17596,-0.139
17597,0.037
17598,0.125
17599,0.071
17600,0.081
17601,0.12
17602,0.112
17603,0.022
17604,-0.107
17605,0.066
17606,0.012
17607,0.01
17608,0.017
17609,0.027
17610,-0.127
17611,-0.042
17612,-0.002
17613,-0.005
17614,0.049
17615,-0.093
17616,-0.051
17617,0.066
17618,0.049
17619,0.134
17620,0.115
17621,0.095
17622,0.105
17623,0.049
17624,0.024
17625,0.066
17626,-0.061
17627,-0.137
17628,-0.054
17629,-0.015
17630,-0.129
17631,-0.115
17632,-0.181
17633,-0.068
17634,-0.129
17635,-0.032
17636,-0.039
17637,-0.007
17638,-0.024
17639,-0.034
17640,-0.027
17641,0.071
17642,0.09
17643,0.022
17644,-0.005
17645,0.063
17646,0.083
17647,-0.068
17648,0.044
17649,-0.037
17650,-0.044
17651,0.002
17652,-0.039
17653,0.022
17654,-0.098
17655,-0.083
17656,0.061
17657,-0.083
17658,0.073
17659,0.034
17660,0.029
17661,0.024
17662,0.005
17663,0.146
17664,0.134
17665,-0.071
17666,-0.037
17667,0.054
17668,0.0
17669,-0.085
17670,-0.002
17671,-0.012
17672,-0.024
17673,-0.056
17674,-0.034
17675,-0.081
17676,-0.09
17677,-0.015
17678,-0.063
17679,-0.005
17680,0.046
17681,0.015
17682,0.061
17683,0.007
17684,0.146
17685,0.166
17686,-0.024
17687,0.024
17688,0.022
17689,-0.037
17690,-0.049
17691,-0.044
17692,-0.105
17693,0.024
17694,-0.081
17695,-0.085
17696,-0.103
17697,0.063
17698,0.12
17699,-0.059
17700,0.081
17701,-0.02
17702,0.024
17703,-0.01
17704,-0.095
17705,-0.063
17706,-0.054
17707,-0.11
17708,-0.088
17709,-0.054
17710,0.005
17711,-0.032
17712,-0.039
17713,-0.061
17714,-0.129
17715,-0.051
17716,-0.076
17717,0.049
17718,0.042
17719,0.095
17720,0.002
17721,-0.017
17722,0.061
17723,0.112
17724,0.071
17725,0.044
17726,0.146
17727,-0.044
17728,-0.039
17729,-0.01
17730,-0.115
17731,-0.015
17732,-0.024
17733,-0.085
17734,-0.051
17735,-0.034
17736,-0.105
17737,0.0
17738,0.049
17739,0.073
17740,0.032
17741,0.059
17742,-0.02
17743,-0.051
17744,0.088
17745,0.095
17746,0.01
17747,-0.034
17748,-0.11
17749,0.012
17750,0.066
17751,-0.039
17752,-0.02
17753,0.09
17754,0.039
17755,-0.037
17756,-0.073
17757,-0.024
17758,-0.12
17759,-0.01
17760,0.015
17761,0.066
17762,0.01
17763,0.037
17764,0.068
17765,0.078
17766,-0.044
17767,0.037
17768,0.042
17769,-0.015
17770,-0.093
17771,-0.007
17772,-0.054
17773,-0.071
17774,0.01
17775,-0.029
17776,-0.066
17777,-0.088
17778,-0.071
17779,0.039
17780,0.01
17781,0.02
17782,0.024
17783,-0.012
17784,0.0
17785,0.129
17786,0.061
17787,-0.005
17788,0.017
17789,-0.034
17790,-0.042
17791,-0.049
17792,-0.103
17793,-0.029
17794,-0.088
17795,-0.005
17796,-0.012
17797,0.032
17798,-0.11
17799,-0.051
17800,-0.007
17801,-0.098
17802,-0.061
17803,-0.032
17804,0.081
17805,-0.029
17806,-0.081
17807,-0.046
17808,-0.063
17809,-0.005
17810,-0.032
17811,-0.044
17812,-0.022
17813,0.063
17814,0.005
17815,-0.054
17816,-0.012
17817,-0.039
17818,0.002
17819,-0.039
17820,-0.01
17821,0.039
17822,0.032
17823,0.061
17824,0.061
17825,-0.002
17826,-0.017
17827,0.037
17828,0.015
17829,-0.051
17830,0.034
17831,0.032
17832,-0.144
17833,-0.1
17834,-0.049
17835,-0.068
17836,-0.11
17837,-0.088
17838,-0.063
17839,0.005
17840,-0.115
17841,0.007
17842,-0.012
17843,0.015
17844,0.005
17845,0.056
17846,0.139
17847,-0.063
17848,0.056
17849,0.115
17850,0.054
17851,0.183
17852,0.061
17853,-0.007
17854,-0.059
17855,0.034
17856,-0.024
17857,-0.066
17858,0.105
17859,0.222
17860,0.017
17861,0.039
17862,0.095
17863,0.122
17864,0.076
17865,-0.054
17866,-0.107
17867,0.139
17868,0.024
17869,0.051
17870,-0.034
17871,-0.103
17872,0.061
17873,-0.027
17874,-0.107
17875,0.01
17876,-0.107
17877,0.071
17878,-0.083
17879,-0.234
17880,-0.02
17881,0.188
17882,0.059
17883,-0.042
17884,0.0
17885,0.093
17886,0.02
17887,0.051
17888,0.09
17889,0.005
17890,-0.01
17891,0.01
17892,0.017
17893,-0.01
17894,0.051
17895,0.103
17896,-0.049
17897,-0.054
17898,-0.061
17899,0.059
17900,0.054
17901,0.024
17902,-0.032
17903,-0.024
17904,-0.032
17905,-0.061
17906,0.063
17907,-0.078
17908,0.01
17909,-0.085
17910,-0.071
17911,-0.027
17912,-0.039
17913,0.01
17914,0.007
17915,-0.034
17916,-0.049
17917,-0.007
17918,0.022
17919,-0.027
17920,0.039
17921,0.046
17922,0.044
17923,0.105
17924,0.054
17925,-0.01
17926,0.063
17927,0.105
17928,0.002
17929,0.056
17930,0.085
17931,-0.046
17932,-0.034
17933,0.0
17934,-0.076
17935,-0.042
17936,-0.027
17937,0.161
17938,-0.017
17939,-0.051
17940,0.127
17941,0.066
17942,-0.034
17943,0.032
17944,0.024
17945,0.066
17946,0.164
17947,0.037
17948,0.027
17949,-0.051
17950,-0.024
17951,0.095
17952,0.022
17953,0.039
17954,-0.01
17955,0.022
17956,-0.066
17957,-0.029
17958,0.059
17959,0.125
17960,0.034
17961,0.027
17962,0.188
17963,-0.015
17964,-0.042
17965,-0.049
17966,-0.017
17967,0.005
17968,-0.068
17969,-0.02
17970,-0.005
17971,-0.063
17972,-0.029
17973,-0.149
17974,0.007
17975,-0.054
17976,-0.225
17977,-0.061
17978,-0.032
17979,-0.039
17980,-0.007
17981,-0.12
17982,-0.027
17983,-0.005
17984,0.061
17985,0.015
17986,-0.034
17987,0.066
17988,0.037
17989,-0.012
17990,0.029
17991,0.0
17992,-0.061
17993,0.11
17994,0.078
17995,-0.007
17996,-0.095
17997,-0.042
17998,0.098
17999,0.063
18000,0.0
18001,0.037
18002,-0.051
18003,-0.044
18004,-0.098
18005,0.024
18006,0.054
18007,-0.085
18008,-0.117
18009,-0.051
18010,-0.056
18011,-0.054
18012,-0.044
18013,-0.085
18014,0.024
18015,-0.039
18016,-0.046
18017,-0.071
18018,-0.122
18019,0.105
18020,0.022
18021,-0.027
18022,0.049
18023,-0.022
18024,0.046
18025,0.032
18026,0.078
18027,-0.017
18028,-0.007
18029,-0.066
18030,-0.012
18031,-0.022
18032,0.063
18033,-0.059
18034,-0.159
18035,-0.027
18036,0.054
18037,0.024
18038,-0.061
18039,-0.022
18040,0.049
18041,-0.034
18042,-0.051
18043,0.032
18044,0.049
18045,0.085
18046,0.01
18047,-0.002
18048,0.105
18049,0.115
18050,0.078
18051,-0.054
18052,-0.088
18053,0.02
18054,0.063
18055,-0.034
18056,-0.095
18057,-0.115
18058,-0.127
18059,0.0
18060,-0.081
18061,-0.002
18062,-0.129
18063,-0.144
18064,-0.032
18065,0.027
18066,-0.022
18067,-0.015
18068,0.076
18069,-0.051
18070,-0.044
18071,-0.034
18072,-0.034
18073,-0.034
18074,0.015
18075,-0.054
18076,-0.115
18077,-0.09
18078,-0.103
18079,0.0
18080,-0.005
18081,-0.046
18082,-0.063
18083,-0.002
18084,-0.066
18085,-0.127
18086,-0.061
18087,0.056
18088,0.049
18089,0.105
18090,0.073
18091,0.068
18092,-0.049
18093,-0.059
18094,-0.037
18095,-0.022
18096,0.024
18097,0.0
18098,0.049
18099,-0.012
18100,-0.139
18101,-0.178
18102,-0.017
18103,0.051
18104,-0.01
18105,-0.005
18106,-0.078
18107,-0.017
18108,0.032
18109,0.037
18110,0.1
18111,-0.015
18112,-0.034
18113,-0.032
18114,0.066
18115,-0.017
18116,0.029
18117,0.029
18118,0.1
18119,-0.005
18120,0.002
18121,0.1
18122,-0.005
18123,-0.044
18124,-0.039
18125,0.02
18126,0.076
18127,0.059
18128,0.125
18129,0.0
18130,0.027
18131,0.095
18132,-0.061
18133,-0.051
18134,0.024
18135,0.012
18136,-0.059
18137,-0.063
18138,-0.066
18139,0.007
18140,-0.015
18141,-0.098
18142,-0.049
18143,0.022
18144,0.042
18145,0.095
18146,-0.022
18147,0.044
18148,-0.034
18149,-0.054
18150,0.01
18151,-0.024
18152,-0.015
18153,0.059
18154,0.027
18155,0.034
18156,0.032
18157,-0.066
18158,-0.017
18159,0.012
18160,0.022
18161,-0.073
18162,-0.037
18163,-0.066
18164,-0.022
18165,-0.02
18166,0.056
18167,-0.105
18168,0.129
18169,0.105
18170,-0.024
18171,0.129
18172,0.051
18173,0.017
18174,-0.078
18175,-0.032
18176,0.046
18177,-0.024
18178,-0.034
18179,-0.012
18180,-0.042
18181,-0.02
18182,-0.063
18183,-0.063
18184,0.042
18185,0.029
18186,0.012
18187,0.134
18188,0.181
18189,0.068
18190,-0.044
18191,0.088
18192,0.076
18193,0.042
18194,0.071
18195,0.095
18196,0.0
18197,-0.073
18198,-0.088
18199,-0.027
18200,-0.081
18201,-0.122
18202,-0.063
18203,-0.129
18204,-0.073
18205,0.056
18206,-0.007
18207,-0.049
18208,-0.046
18209,0.063
18210,-0.022
18211,0.073
18212,0.027
18213,0.11
18214,0.093
18215,0.056
18216,0.088
18217,0.046
18218,0.039
18219,0.107
18220,0.098
18221,0.034
18222,0.081
18223,-0.012
18224,-0.02
18225,0.029
18226,-0.02
18227,-0.076
18228,0.127
18229,0.112
18230,-0.054
18231,0.02
18232,0.024
18233,0.042
18234,-0.022
18235,0.002
18236,-0.061
18237,0.01
18238,-0.054
18239,-0.029
18240,-0.029
18241,-0.098
18242,-0.034
18243,-0.068
18244,-0.081
18245,-0.061
18246,-0.093
18247,-0.044
18248,-0.063
18249,0.049
18250,0.083
18251,0.032
18252,-0.054
18253,0.046
18254,0.027
18255,0.029
18256,0.002
18257,0.015
18258,0.063
18259,-0.017
18260,-0.171
18261,-0.063
18262,0.007
18263,-0.081
18264,-0.012
18265,0.105
18266,0.024
18267,-0.059
18268,0.002
18269,0.049
18270,-0.039
18271,0.049
18272,0.054
18273,0.093
18274,0.029
18275,0.039
18276,0.037
18277,-0.01
18278,0.027
18279,-0.098
18280,0.051
18281,0.012
18282,0.002
18283,0.103
18284,0.032
18285,-0.034
18286,0.054
18287,0.027
18288,-0.002
18289,0.056
18290,-0.044
18291,0.083
18292,0.073
18293,0.039
18294,0.029
18295,-0.012
18296,0.093
18297,0.056
18298,-0.168
18299,0.01
18300,-0.027
18301,-0.212
18302,-0.054
18303,-0.139
18304,-0.09
18305,0.032
18306,0.066
18307,0.029
18308,0.037
18309,0.117
18310,0.071
18311,0.037
18312,-0.007
18313,0.063
18314,0.01
18315,0.098
18316,-0.037
18317,0.095
18318,0.117
18319,-0.027
18320,0.027
18321,-0.044
18322,-0.078
18323,-0.017
18324,-0.015
18325,0.022
18326,-0.037
18327,-0.071
18328,0.015
18329,0.073
18330,0.015
18331,0.037
18332,-0.032
18333,0.039
18334,0.11
18335,0.059
18336,-0.088
18337,-0.071
18338,-0.029
18339,-0.098
18340,-0.01
18341,-0.154
18342,-0.051
18343,0.051
18344,0.015
18345,0.0
18346,0.022
18347,-0.002
18348,-0.085
18349,0.044
18350,-0.09
18351,-0.015
18352,0.046
18353,0.076
18354,0.144
18355,0.134
18356,-0.037
18357,-0.01
18358,-0.029
18359,-0.088
18360,-0.085
18361,-0.103
18362,0.015
18363,-0.09
18364,-0.059
18365,-0.078
18366,-0.095
18367,-0.049
18368,-0.071
18369,-0.022
18370,-0.051
18371,0.039
18372,0.071
18373,0.037
18374,-0.039
18375,0.024
18376,-0.01
18377,0.0
18378,0.081
18379,0.085
18380,-0.02
18381,-0.063
18382,-0.063
18383,-0.1
18384,0.01
18385,-0.002
18386,0.154
18387,0.0
18388,-0.039
18389,0.037
18390,-0.066
18391,0.061
18392,-0.01
18393,0.012
18394,0.066
18395,0.007
18396,0.061
18397,0.039
18398,0.015
18399,-0.063
18400,-0.039
18401,-0.142
18402,-0.049
18403,-0.039
18404,0.002
18405,-0.095
18406,-0.054
18407,-0.051
18408,0.002
18409,0.0
18410,-0.051
18411,0.042
18412,-0.042
18413,-0.056
18414,-0.02
18415,-0.01
18416,-0.015
18417,-0.078
18418,-0.107
18419,-0.134
18420,0.02
18421,-0.139
18422,-0.093
18423,-0.166
18424,-0.132
18425,0.022
18426,-0.01
18427,-0.127
18428,-0.12
18429,-0.034
18430,0.056
18431,-0.02
18432,-0.056
18433,0.071
18434,-0.088
18435,-0.056
18436,0.063
18437,0.044
18438,0.078
18439,0.049
18440,-0.002
18441,0.015
18442,0.024
18443,0.017
18444,-0.002
18445,-0.085
18446,0.068
18447,0.015
18448,0.02
18449,-0.012
18450,0.002
18451,0.029
18452,-0.027
18453,0.007
18454,0.015
18455,0.073
18456,-0.01
18457,0.034
18458,0.032
18459,-0.049
18460,-0.024
18461,-0.09
18462,0.024
18463,0.032
18464,0.054
18465,-0.073
18466,-0.044
18467,-0.061
18468,-0.044
18469,0.056
18470,-0.022
18471,0.034
18472,-0.068
18473,-0.017
18474,0.061
18475,0.076
18476,0.054
18477,-0.017
18478,0.024
18479,0.042
18480,0.037
18481,0.024
18482,-0.061
18483,-0.063
18484,0.037
18485,-0.054
18486,-0.139
18487,-0.186
18488,0.054
18489,0.039
18490,-0.154
18491,-0.1
18492,-0.029
18493,0.125
18494,-0.002
18495,-0.095
18496,0.012
18497,0.007
18498,-0.027
18499,0.054
18500,0.061
18501,-0.02
18502,0.071
18503,-0.09
18504,-0.056
18505,-0.007
18506,0.01
18507,-0.02
18508,-0.056
18509,-0.024
18510,-0.02
18511,-0.063
18512,-0.017
18513,0.0
18514,0.002
18515,0.049
18516,-0.012
18517,0.02
18518,0.012
18519,0.015
18520,-0.107
18521,-0.156
18522,0.015
18523,-0.027
18524,-0.063
18525,-0.107
18526,-0.12
18527,-0.081
18528,0.01
18529,-0.007
18530,-0.051
18531,-0.022
18532,-0.007
18533,0.024
18534,0.005
18535,0.024
18536,-0.029
18537,0.02
18538,-0.01
18539,-0.024
18540,0.056
18541,0.029
18542,0.005
18543,0.042
18544,0.02
18545,-0.054
18546,0.017
18547,0.046
18548,0.01
18549,-0.017
18550,-0.051
18551,0.127
18552,0.139
18553,-0.017
18554,-0.071
18555,0.059
18556,0.142
18557,0.164
18558,0.127
18559,-0.029
18560,-0.032
18561,-0.054
18562,0.049
18563,0.002
18564,0.112
18565,0.103
18566,0.095
18567,0.051
18568,-0.034
18569,-0.007
18570,0.049
18571,0.005
18572,0.044
18573,0.122
18574,0.032
18575,0.059
18576,0.093
18577,0.005
18578,-0.051
18579,-0.078
18580,-0.027
18581,0.049
18582,-0.042
18583,-0.02
18584,-0.042
18585,0.007
18586,0.039
18587,0.012
18588,-0.037
18589,-0.02
18590,0.039
18591,0.046
18592,0.017
18593,-0.015
18594,0.0
18595,0.081
18596,0.024
18597,-0.105
18598,-0.032
18599,0.034
18600,0.068
18601,-0.071
18602,-0.085
18603,-0.061
18604,-0.112
18605,-0.061
18606,0.037
18607,-0.029
18608,0.012
18609,-0.029
18610,-0.039
18611,0.1
18612,0.085
18613,-0.02
18614,0.042
18615,0.049
18616,0.083
18617,0.083
18618,0.034
18619,0.088
18620,0.049
18621,0.083
18622,-0.054
18623,-0.051
18624,-0.044
18625,-0.051
18626,0.002
18627,-0.098
18628,-0.1
18629,0.027
18630,0.039
18631,0.012
18632,-0.01
18633,0.1
18634,0.156
18635,0.088
18636,0.0
18637,0.054
18638,0.054
18639,0.117
18640,-0.007
18641,-0.095
18642,0.056
18643,0.005
18644,-0.066
18645,-0.012
18646,0.081
18647,-0.095
18648,-0.037
18649,0.046
18650,-0.059
18651,-0.037
18652,-0.046
18653,-0.066
18654,0.066
18655,0.01
18656,0.076
18657,0.027
18658,-0.105
18659,-0.059
18660,0.083
18661,-0.039
18662,0.056
18663,0.002
18664,-0.063
18665,-0.022
18666,-0.049
18667,-0.071
18668,-0.068
18669,-0.049
18670,-0.103
18671,0.051
18672,-0.042
18673,-0.071
18674,0.046
18675,-0.022
18676,0.005
18677,0.032
18678,0.046
18679,0.142
18680,0.005
18681,0.034
18682,0.083
18683,0.12
18684,0.049
18685,-0.042
18686,-0.09
18687,0.042
18688,-0.012
18689,0.076
18690,-0.005
18691,-0.046
18692,0.046
18693,0.039
18694,-0.063
18695,0.027
18696,-0.063
18697,-0.012
18698,0.022
18699,-0.066
18700,0.066
18701,-0.015
18702,0.034
18703,-0.042
18704,-0.071
18705,0.049
18706,-0.032
18707,0.01
18708,0.007
18709,0.034
18710,0.005
18711,-0.129
18712,0.073
18713,-0.012
18714,0.063
18715,0.137
18716,0.125
18717,0.103
18718,-0.007
18719,-0.061
18720,0.02
18721,0.098
18722,0.015
18723,0.071
18724,-0.022
18725,-0.022
18726,0.115
18727,0.066
18728,0.002
18729,0.129
18730,0.017
18731,-0.056
18732,-0.076
18733,-0.032
18734,0.066
18735,0.183
18736,0.09
18737,0.017
18738,0.078
18739,0.122
18740,-0.01
18741,0.032
18742,0.034
18743,0.068
18744,0.068
18745,0.063
18746,0.002
18747,-0.076
18748,-0.042
18749,-0.012
18750,0.051
18751,0.042
18752,-0.081
18753,-0.02
18754,-0.01
18755,0.122
18756,0.042
18757,-0.015
18758,0.024
18759,-0.017
18760,0.007
18761,-0.044
18762,-0.071
18763,-0.083
18764,-0.127
18765,-0.042
18766,-0.034
18767,-0.017
18768,-0.12
18769,-0.117
18770,-0.02
18771,-0.01
18772,-0.076
18773,-0.029
18774,-0.002
18775,0.049
18776,0.054
18777,0.056
18778,0.154
18779,0.054
18780,0.037
18781,0.046
18782,0.088
18783,0.022
18784,-0.049
18785,0.054
18786,0.042
18787,-0.02
18788,-0.046
18789,-0.183
18790,0.068
18791,-0.103
18792,-0.042
18793,0.103
18794,0.125
18795,-0.032
18796,0.073
18797,-0.107
18798,-0.103
18799,0.139
18800,0.19
18801,0.127
18802,-0.034
18803,0.029
18804,0.015
18805,-0.059
18806,0.049
18807,0.044
18808,-0.127
18809,-0.012
18810,0.0
18811,0.012
18812,0.051
18813,-0.012
18814,-0.034
18815,-0.098
18816,0.063
18817,0.166
18818,-0.044
18819,0.081
18820,0.027
18821,0.034
18822,0.19
18823,0.0
18824,-0.034
18825,-0.044
18826,-0.117
18827,0.066
18828,-0.073
18829,-0.059
18830,0.161
18831,0.103
18832,0.061
18833,0.044
18834,-0.063
18835,-0.103
18836,0.027
18837,0.024
18838,-0.012
18839,0.173
18840,0.12
18841,-0.107
18842,-0.032
18843,-0.088
18844,-0.012
18845,0.046
18846,-0.027
18847,-0.032
18848,-0.1
18849,-0.068
18850,0.017
18851,-0.083
18852,-0.115
18853,0.095
18854,0.137
18855,0.061
18856,0.02
18857,0.054
18858,0.042
18859,-0.071
18860,-0.095
18861,0.015
18862,0.039
18863,-0.051
18864,-0.044
18865,0.0
18866,-0.007
18867,-0.105
18868,-0.115
18869,-0.21
18870,-0.134
18871,-0.078
18872,-0.098
18873,0.029
18874,-0.127
18875,-0.09
18876,0.042
18877,-0.154
18878,0.015
18879,-0.032
18880,-0.007
18881,0.01
18882,-0.02
18883,-0.032
18884,0.01
18885,0.01
18886,-0.071
18887,-0.081
18888,-0.073
18889,0.115
18890,-0.015
18891,-0.195
18892,-0.156
18893,-0.088
18894,-0.042
18895,-0.017
18896,-0.024
18897,-0.039
18898,-0.063
18899,0.012
18900,-0.068
18901,-0.044
18902,0.122
18903,-0.012
18904,-0.032
18905,0.005
18906,-0.015
18907,-0.049
18908,-0.002
18909,-0.027
18910,-0.029
18911,0.024
18912,-0.007
18913,0.032
18914,0.054
18915,-0.081
18916,-0.022
18917,-0.037
18918,0.005
18919,0.122
18920,-0.137
18921,0.044
18922,0.061
18923,-0.085
18924,-0.012
18925,0.056
18926,0.071
18927,-0.005
18928,-0.051
18929,-0.088
18930,0.0
18931,0.012
18932,-0.066
18933,-0.066
18934,-0.015
18935,0.051
18936,-0.164
18937,-0.005
18938,0.11
18939,-0.046
18940,-0.01
18941,-0.09
18942,-0.083
18943,-0.01
18944,-0.117
18945,0.02
18946,0.093
18947,0.005
18948,-0.059
18949,-0.071
18950,0.027
18951,-0.2
18952,-0.01
18953,0.039
18954,-0.095
18955,-0.149
18956,0.029
18957,0.042
18958,-0.081
18959,-0.066
18960,0.078
18961,-0.024
18962,-0.095
18963,-0.049
18964,0.049
18965,0.11
18966,0.076
18967,-0.054
18968,-0.02
18969,-0.032
18970,-0.046
18971,0.0
18972,0.051
18973,-0.002
18974,-0.044
18975,0.022
18976,0.002
18977,-0.017
18978,-0.039
18979,0.034
18980,-0.012
18981,-0.037
18982,0.117
18983,0.039
18984,-0.002
18985,-0.042
18986,0.007
18987,-0.005
18988,0.095
18989,0.017
18990,-0.051
18991,-0.066
18992,0.137
18993,0.059
18994,-0.049
18995,0.059
18996,0.007
18997,0.078
18998,0.017
18999,0.051
19000,0.034
19001,0.063
19002,0.276
19003,0.117
19004,-0.054
19005,0.046
19006,0.002
19007,-0.007
19008,-0.042
19009,0.0
19010,0.037
19011,0.002
19012,0.029
19013,-0.01
19014,0.022
19015,0.02
19016,0.044
19017,0.034
19018,0.098
19019,0.015
19020,0.02
19021,0.137
19022,0.11
19023,0.012
19024,0.068
19025,0.034
19026,-0.022
19027,-0.081
19028,-0.022
19029,0.024
19030,-0.005
19031,-0.005
19032,0.039
19033,-0.029
19034,-0.132
19035,-0.125
19036,0.051
19037,0.015
19038,0.02
19039,-0.142
19040,-0.12
19041,0.02
19042,0.027
19043,-0.088
19044,-0.037
19045,0.022
19046,-0.02
19047,0.046
19048,-0.073
19049,-0.166
19050,-0.063
19051,-0.01
19052,0.007
19053,-0.139
19054,-0.049
19055,0.076
19056,-0.071
19057,0.09
19058,-0.022
19059,-0.066
19060,0.215
19061,-0.007
19062,-0.022
19063,0.029
19064,-0.015
19065,0.105
19066,-0.115
19067,-0.039
19068,0.02
19069,0.078
19070,0.054
19071,0.005
19072,-0.002
19073,0.037
19074,-0.012
19075,-0.088
19076,-0.051
19077,0.015
19078,0.117
19079,0.083
19080,0.066
19081,0.042
19082,0.085
19083,0.093
19084,-0.005
19085,0.078
19086,-0.046
19087,0.037
19088,0.054
19089,-0.002
19090,-0.056
19091,-0.039
19092,0.066
19093,0.098
19094,0.129
19095,-0.039
19096,0.015
19097,0.073
19098,0.059
19099,0.054
19100,0.066
19101,0.068
19102,0.137
19103,-0.017
19104,0.063
19105,0.037
19106,0.002
19107,0.134
19108,0.1
19109,0.088
19110,0.034
19111,-0.029
19112,-0.015
19113,-0.037
19114,-0.078
19115,-0.015
19116,-0.037
19117,0.0
19118,0.01
19119,-0.029
19120,0.012
19121,0.034
19122,-0.029
19123,0.012
19124,0.056
19125,-0.024
19126,0.005
19127,0.063
19128,0.056
19129,-0.022
19130,-0.073
19131,0.093
19132,-0.068
19133,-0.049
19134,-0.11
19135,-0.02
19136,0.129
19137,-0.02
19138,-0.017
19139,-0.049
19140,-0.007
19141,0.034
19142,0.051
19143,-0.073
19144,-0.063
19145,0.073
19146,-0.012
19147,-0.01
19148,0.037
19149,0.068
19150,-0.073
19151,0.002
19152,0.022
19153,0.061
19154,-0.071
19155,-0.005
19156,0.032
19157,0.107
19158,0.056
19159,-0.012
19160,-0.02
19161,0.059
19162,0.112
19163,0.066
19164,-0.005
19165,0.176
19166,0.071
19167,-0.022
19168,-0.063
19169,0.076
19170,-0.017
19171,0.007
19172,0.071
19173,0.054
19174,0.112
19175,0.034
19176,-0.007
19177,0.068
19178,0.029
19179,-0.039
19180,-0.203
19181,-0.2
19182,-0.115
19183,0.068
19184,0.012
19185,0.051
19186,0.098
19187,-0.176
19188,0.056
19189,0.139
19190,0.088
19191,0.166
19192,-0.046
19193,-0.037
19194,-0.02
19195,0.066
19196,0.11
19197,0.039
19198,-0.156
19199,0.007
19200,0.071
19201,-0.024
19202,-0.046
19203,0.012
19204,0.0
19205,0.21
19206,-0.122
19207,-0.012
19208,0.042
19209,-0.066
19210,0.027
19211,-0.112
19212,-0.168
19213,-0.046
19214,-0.002
19215,0.02
19216,-0.127
19217,-0.168
19218,-0.02
19219,-0.122
19220,-0.125
19221,-0.007
19222,0.073
19223,-0.054
19224,-0.122
19225,-0.02
19226,-0.073
19227,-0.039
19228,-0.042
19229,-0.076
19230,-0.088
19231,-0.037
19232,0.0
19233,-0.051
19234,-0.046
19235,-0.012
19236,-0.017
19237,-0.049
19238,-0.056
19239,0.005
19240,0.085
19241,0.054
19242,0.063
19243,0.063
19244,-0.022
19245,0.022
19246,-0.017
19247,0.037
19248,-0.029
19249,0.027
19250,-0.02
19251,-0.063
19252,-0.178
19253,-0.129
19254,-0.039
19255,-0.027
19256,-0.044
19257,0.063
19258,-0.01
19259,0.042
19260,0.034
19261,0.012
19262,0.085
19263,-0.056
19264,-0.01
19265,0.034
19266,0.029
19267,0.129
19268,-0.039
19269,0.015
19270,0.027
19271,-0.032
19272,0.012
19273,0.017
19274,-0.015
19275,0.144
19276,0.1
19277,-0.037
19278,0.022
19279,-0.029
19280,0.085
19281,0.054
19282,-0.01
19283,-0.024
19284,0.042
19285,0.081
19286,0.007
19287,-0.049
19288,-0.054
19289,-0.073
19290,0.005
19291,0.002
19292,-0.139
19293,-0.085
19294,-0.027
19295,-0.059
19296,-0.122
19297,-0.122
19298,-0.037
19299,-0.015
19300,0.024
19301,-0.029
19302,-0.024
19303,-0.044
19304,-0.01
19305,-0.046
19306,-0.02
19307,-0.017
19308,0.056
19309,0.093
19310,-0.105
19311,-0.054
19312,-0.022
19313,-0.029
19314,-0.09
19315,-0.066
19316,-0.176
19317,-0.098
19318,0.039
19319,-0.078
19320,0.044
19321,-0.01
19322,0.0
19323,-0.022
19324,-0.02
19325,0.039
19326,-0.061
19327,0.039
19328,-0.002
19329,-0.027
19330,-0.076
19331,0.081
19332,0.032
19333,0.042
19334,-0.015
19335,-0.012
19336,0.095
19337,-0.029
19338,-0.054
19339,-0.032
19340,-0.015
19341,-0.063
19342,-0.061
19343,0.049
19344,0.056
19345,-0.002
19346,0.078
19347,0.051
19348,0.068
19349,0.051
19350,0.007
19351,0.095
19352,0.022
19353,-0.066
19354,-0.037
19355,-0.078
19356,0.037
19357,-0.037
19358,0.051
19359,0.037
19360,0.0
19361,-0.017
19362,0.024
19363,0.063
19364,0.107
19365,0.154
19366,0.024
19367,0.078
19368,0.027
19369,-0.015
19370,0.022
19371,0.02
19372,-0.037
19373,-0.039
19374,0.02
19375,-0.049
19376,0.015
19377,-0.027
19378,0.01
19379,-0.015
19380,0.005
19381,-0.037
19382,-0.071
19383,-0.042
19384,0.032
19385,-0.02
19386,0.037
19387,0.054
19388,-0.027
19389,-0.066
19390,-0.054
19391,0.059
19392,0.044
19393,0.081
19394,0.093
19395,0.024
19396,0.051
19397,0.027
19398,-0.088
19399,-0.059
19400,0.015
19401,0.015
19402,0.066
19403,-0.015
19404,0.076
19405,0.078
19406,0.01
19407,-0.032
19408,0.044
19409,-0.022
19410,0.024
19411,0.017
19412,-0.005
19413,0.032
19414,0.012
19415,-0.083
19416,-0.066
19417,-0.161
19418,0.1
19419,0.076
19420,-0.085
19421,0.0
19422,0.027
19423,-0.059
19424,0.068
19425,0.02
19426,-0.044
19427,0.061
19428,0.076
19429,0.037
19430,0.015
19431,-0.012
19432,-0.01
19433,0.01
19434,-0.042
19435,0.046
19436,-0.071
19437,0.034
19438,0.037
19439,0.005
19440,-0.049
19441,-0.017
19442,0.151
19443,0.032
19444,0.134
19445,0.059
19446,-0.02
19447,0.076
19448,0.071
19449,0.051
19450,0.012
19451,-0.049
19452,-0.002
19453,-0.01
19454,0.022
19455,0.007
19456,0.032
19457,0.042
19458,0.037
19459,0.134
19460,0.034
19461,0.042
19462,-0.01
19463,0.027
19464,0.054
19465,0.042
19466,0.088
19467,0.002
19468,-0.02
19469,0.032
19470,-0.024
19471,0.015
19472,-0.029
19473,-0.039
19474,-0.093
19475,-0.029
19476,-0.107
19477,-0.042
19478,-0.081
19479,-0.112
19480,-0.017
19481,0.049
19482,0.083
19483,0.034
19484,0.02
19485,0.081
19486,-0.005
19487,-0.032
19488,-0.051
19489,-0.056
19490,0.017
19491,0.037
19492,-0.078
19493,0.002
19494,-0.054
19495,0.039
19496,-0.012
19497,-0.134
19498,-0.01
19499,0.029
19500,0.024
19501,-0.066
19502,-0.012
19503,0.105
19504,0.007
19505,-0.054
19506,0.103
19507,0.007
19508,0.071
19509,0.081
19510,0.063
19511,0.01
19512,0.012
19513,0.029
19514,-0.005
19515,-0.056
19516,0.037
19517,-0.11
19518,0.007
19519,0.098
19520,0.134
19521,-0.056
19522,-0.024
19523,0.002
19524,0.005
19525,0.081
19526,0.081
19527,0.044
19528,0.059
19529,-0.015
19530,0.056
19531,0.107
19532,-0.032
19533,0.022
19534,0.012
19535,-0.002
19536,0.071
19537,-0.049
19538,-0.09
19539,-0.09
19540,-0.073
19541,-0.042
19542,-0.068
19543,-0.051
19544,-0.024
19545,0.073
19546,-0.037
19547,-0.046
19548,-0.022
19549,0.046
19550,-0.049
19551,0.105
19552,0.015
19553,-0.024
19554,-0.076
19555,-0.093
19556,0.01
19557,-0.059
19558,-0.083
19559,0.02
19560,-0.054
19561,-0.083
19562,-0.107
19563,-0.034
19564,0.073
19565,0.02
19566,-0.01
19567,-0.022
19568,0.024
19569,0.007
19570,-0.032
19571,0.02
19572,-0.029
19573,-0.073
19574,-0.066
19575,0.022
19576,-0.068
19577,0.0
19578,0.002
19579,-0.095
19580,-0.046
19581,-0.1
19582,-0.068
19583,0.0
19584,-0.01
19585,-0.007
19586,-0.032
19587,-0.046
19588,-0.007
19589,-0.002
19590,0.051
19591,0.02
19592,-0.022
19593,0.073
19594,0.051
19595,0.027
19596,-0.046
19597,0.042
19598,0.005
19599,-0.024
19600,0.012
19601,0.061
19602,0.002
19603,0.02
19604,0.046
19605,0.042
19606,0.022
19607,0.11
19608,0.061
19609,0.051
19610,0.081
19611,0.042
19612,0.09
19613,-0.02
19614,-0.098
19615,-0.073
19616,-0.056
19617,-0.034
19618,0.007
19619,-0.029
19620,0.015
19621,-0.039
19622,0.01
19623,0.012
19624,0.029
19625,0.024
19626,0.066
19627,0.002
19628,0.002
19629,0.083
19630,0.044
19631,0.081
19632,0.044
19633,-0.002
19634,-0.01
19635,-0.085
19636,-0.166
19637,0.081
19638,0.051
19639,-0.049
19640,-0.022
19641,-0.168
19642,-0.027
19643,-0.051
19644,-0.049
19645,0.073
19646,-0.115
19647,0.061
19648,0.022
19649,-0.073
19650,0.015
19651,0.024
19652,0.042
19653,0.061
19654,-0.083
19655,0.039
19656,0.144
19657,-0.083
19658,-0.11
19659,-0.039
19660,-0.049
19661,-0.02
19662,-0.117
19663,-0.09
19664,-0.068
19665,-0.046
19666,0.017
19667,-0.046
19668,-0.11
19669,0.054
19670,-0.032
19671,-0.015
19672,0.066
19673,-0.037
19674,0.039
19675,0.049
19676,0.076
19677,0.105
19678,-0.01
19679,-0.02
19680,0.085
19681,-0.029
19682,0.042
19683,-0.032
19684,0.002
19685,0.022
19686,-0.085
19687,-0.01
19688,0.083
19689,-0.01
19690,0.073
19691,0.129
19692,0.015
19693,0.015
19694,0.066
19695,-0.039
19696,0.032
19697,-0.015
19698,-0.037
19699,-0.12
19700,-0.134
19701,0.034
19702,-0.002
19703,0.098
19704,-0.054
19705,-0.046
19706,0.107
19707,0.034
19708,-0.049
19709,-0.11
19710,0.044
19711,0.076
19712,0.0
19713,-0.132
19714,0.061
19715,0.02
19716,-0.085
19717,0.002
19718,-0.007
19719,-0.046
19720,-0.027
19721,-0.012
19722,-0.042
19723,-0.034
19724,0.051
19725,0.027
19726,-0.034
19727,0.071
19728,-0.015
19729,-0.012
19730,-0.01
19731,-0.107
19732,-0.012
19733,-0.002
19734,-0.093
19735,-0.054
19736,-0.149
19737,-0.066
19738,-0.012
19739,-0.107
19740,0.002
19741,-0.117
19742,-0.093
19743,0.034
19744,0.029
19745,-0.017
19746,0.037
19747,0.049
19748,-0.11
19749,-0.01
19750,-0.022
19751,-0.063
19752,-0.017
19753,-0.125
19754,-0.039
19755,-0.024
19756,-0.007
19757,-0.059
19758,-0.029
19759,0.071
19760,-0.032
19761,-0.024
19762,0.029
19763,-0.093
19764,0.032
19765,0.039
19766,0.007
19767,-0.005
19768,0.01
19769,0.093
19770,0.137
19771,0.024
19772,-0.039
19773,-0.037
19774,0.042
19775,0.103
19776,0.051
19777,-0.083
19778,-0.037
19779,-0.024
19780,-0.046
19781,-0.02
19782,-0.071
19783,0.034
19784,0.105
19785,-0.049
19786,0.024
19787,0.105
19788,0.005
19789,0.115
19790,0.125
19791,0.132
19792,-0.022
19793,-0.024
19794,0.063
19795,0.078
19796,0.056
19797,-0.051
19798,0.017
19799,-0.005
19800,-0.103
19801,0.005
19802,0.037
19803,-0.049
19804,-0.098
19805,-0.027
19806,0.085
19807,0.034
19808,-0.112
19809,0.015
19810,-0.029
19811,-0.059
19812,-0.063
19813,0.051
19814,0.039
19815,0.01
19816,0.01
19817,-0.051
19818,-0.083
19819,-0.054
19820,-0.007
19821,0.015
19822,-0.076
19823,0.049
19824,0.044
19825,-0.012
19826,-0.024
19827,0.002
19828,0.046
19829,-0.137
19830,-0.09
19831,0.042
19832,-0.015
19833,-0.063
19834,-0.042
19835,-0.017
19836,-0.103
19837,-0.125
19838,-0.093
19839,-0.076
19840,-0.027
19841,-0.149
19842,-0.063
19843,-0.024
19844,0.076
19845,0.024
19846,-0.044
19847,0.012
19848,0.002
19849,-0.142
19850,0.085
19851,-0.024
19852,0.032
19853,0.181
19854,-0.032
19855,0.095
19856,0.049
19857,-0.027
19858,0.144
19859,-0.061
19860,-0.032
19861,0.022
19862,0.007
19863,-0.042
19864,-0.044
19865,0.022
19866,-0.046
19867,0.01
19868,-0.088
19869,-0.078
19870,0.01
19871,0.098
19872,0.088
19873,-0.083
19874,-0.095
19875,-0.073
19876,-0.002
19877,-0.002
19878,0.017
19879,-0.112
19880,0.029
19881,-0.093
19882,0.054
19883,0.029
19884,-0.022
19885,0.117
19886,0.073
19887,-0.022
19888,0.017
19889,-0.027
19890,0.032
19891,0.039
19892,-0.044
19893,-0.134
19894,0.01
19895,0.022
19896,-0.034
19897,-0.083
19898,-0.061
19899,-0.076
19900,-0.032
19901,0.029
19902,-0.01
19903,-0.1
19904,-0.081
19905,-0.039
19906,0.005
19907,-0.037
19908,0.039
19909,0.046
19910,-0.017
19911,0.01
19912,-0.034
19913,0.002
19914,-0.027
19915,-0.073
19916,0.01
19917,-0.002
19918,-0.066
19919,-0.054
19920,-0.032
19921,0.056
19922,-0.066
19923,-0.083
19924,-0.073
19925,-0.115
19926,-0.071
19927,0.129
19928,0.083
19929,0.002
19930,0.024
19931,0.027
19932,0.051
19933,-0.005
19934,0.037
19935,0.088
19936,-0.02
19937,-0.029
19938,-0.042
19939,-0.015
19940,0.017
19941,-0.061
19942,-0.125
19943,-0.049
19944,-0.017
19945,0.029
19946,-0.044
19947,-0.012
19948,-0.034
19949,-0.015
19950,0.068
19951,0.066
19952,0.107
19953,0.071
19954,0.037
19955,0.066
19956,0.063
19957,-0.002
19958,0.059
19959,0.042
19960,0.093
19961,0.029
19962,0.007
19963,-0.007
19964,0.032
19965,-0.125
19966,0.078
19967,0.117
19968,-0.005
19969,-0.042
19970,0.02
19971,0.027
19972,0.037
19973,0.127
19974,-0.039
19975,0.061
19976,0.054
19977,0.088
19978,-0.022
19979,0.063
19980,0.042
19981,0.088
19982,0.005
19983,0.037
19984,0.0
19985,-0.056
19986,0.076
19987,0.117
19988,-0.024
19989,0.049
19990,0.042
19991,-0.022
19992,0.024
19993,0.022
19994,0.056
19995,0.059
19996,-0.059
19997,-0.034
19998,-0.059
19999,0.01
20000,-0.034
20001,-0.093
20002,-0.107
20003,-0.022
20004,0.039
20005,-0.127
20006,-0.039
20007,0.051
20008,0.015
20009,0.015
20010,-0.12
20011,-0.061
20012,0.117
20013,0.034
20014,-0.024
20015,0.007
20016,-0.034
20017,0.066
20018,-0.01
20019,-0.054
20020,0.005
20021,-0.071
20022,-0.078
20023,-0.059
20024,-0.068
20025,0.017
20026,0.024
20027,-0.022
20028,0.034
20029,0.044
20030,0.083
20031,0.01
20032,0.115
20033,-0.034
20034,0.054
20035,0.154
20036,0.039
20037,0.059
20038,0.051
20039,0.015
20040,0.024
20041,-0.037
20042,-0.037
20043,0.095
20044,-0.002
20045,-0.034
20046,0.007
20047,0.02
20048,0.115
20049,0.039
20050,-0.044
20051,0.1
20052,0.076
20053,0.039
20054,0.095
20055,0.1
20056,0.02
20057,0.103
20058,0.054
20059,0.012
20060,-0.095
20061,-0.063
20062,-0.046
20063,-0.024
20064,0.032
20065,0.037
20066,-0.183
20067,-0.085
20068,-0.059
20069,-0.078
20070,-0.056
20071,-0.127
20072,-0.029
20073,0.059
20074,0.073
20075,0.088
20076,0.002
20077,-0.059
20078,0.042
20079,0.076
20080,0.039
20081,0.007
20082,-0.044
20083,-0.005
20084,-0.037
20085,-0.029
20086,0.146
20087,0.029
20088,-0.029
20089,-0.037
20090,0.002
20091,0.076
20092,0.059
20093,0.015
20094,0.093
20095,0.027
20096,0.066
20097,0.107
20098,-0.012
20099,0.032
20100,0.056
20101,0.034
20102,0.049
20103,-0.007
20104,0.068
20105,0.088
20106,0.007
20107,0.002
20108,-0.01
20109,0.046
20110,0.037
20111,0.054
20112,0.017
20113,0.015
20114,-0.073
20115,0.015
20116,0.071
20117,-0.022
20118,0.032
20119,0.024
20120,-0.012
20121,-0.178
20122,-0.127
20123,-0.144
20124,-0.085
20125,-0.027
20126,-0.054
20127,-0.029
20128,-0.046
20129,-0.054
20130,0.063
20131,0.022
20132,0.066
20133,0.139
20134,0.146
20135,0.139
20136,0.105
20137,-0.132
20138,-0.002
20139,0.125
20140,-0.032
20141,0.015
20142,0.007
20143,0.037
20144,0.034
20145,-0.076
20146,-0.002
20147,0.044
20148,-0.056
20149,0.005
20150,-0.142
20151,-0.068
20152,-0.027
20153,-0.005
20154,0.061
20155,-0.022
20156,0.005
20157,0.054
20158,0.042
20159,0.173
20160,0.088
20161,0.015
20162,-0.015
20163,-0.015
20164,0.071
20165,0.042
20166,-0.129
20167,-0.044
20168,-0.044
20169,0.037
20170,-0.01
20171,-0.076
20172,0.066
20173,0.063
20174,0.024
20175,0.066
20176,-0.022
20177,0.012
20178,0.144
20179,0.0
20180,-0.063
20181,-0.078
20182,0.034
20183,-0.071
20184,-0.066
20185,-0.098
20186,-0.071
20187,-0.037
20188,-0.261
20189,-0.054
20190,-0.081
20191,-0.042
20192,-0.088
20193,-0.173
20194,-0.037
20195,-0.081
20196,-0.073
20197,0.005
20198,0.103
20199,0.095
20200,0.073
20201,0.12
20202,0.09
20203,-0.044
20204,0.024
20205,0.081
20206,0.081
20207,-0.034
20208,-0.095
20209,0.032
20210,0.032
20211,0.017
20212,-0.076
20213,0.012
20214,0.076
20215,0.049
20216,-0.054
20217,-0.11
20218,0.056
20219,-0.071
20220,-0.132
20221,0.0
20222,-0.046
20223,-0.02
20224,-0.127
20225,-0.059
20226,0.002
20227,-0.032
20228,-0.027
20229,-0.139
20230,-0.034
20231,0.022
20232,-0.073
20233,-0.085
20234,-0.083
20235,-0.107
20236,-0.125
20237,0.083
20238,0.068
20239,-0.022
20240,0.103
20241,-0.005
20242,0.076
20243,0.034
20244,-0.066
20245,-0.059
20246,-0.01
20247,-0.032
20248,-0.09
20249,-0.071
20250,-0.046
20251,-0.044
20252,-0.068
20253,0.01
20254,-0.063
20255,-0.085
20256,0.076
20257,0.061
20258,-0.076
20259,0.0
20260,0.044
20261,-0.002
20262,-0.039
20263,-0.046
20264,0.017
20265,-0.029
20266,-0.007
20267,0.007
20268,-0.059
20269,-0.076
20270,-0.027
20271,0.039
20272,-0.078
20273,-0.083
20274,0.132
20275,0.015
20276,0.005
20277,0.098
20278,0.032
20279,0.017
20280,0.022
20281,-0.073
20282,0.007
20283,-0.037
20284,0.027
20285,0.01
20286,-0.046
20287,-0.107
20288,0.007
20289,-0.022
20290,-0.017
20291,0.098
20292,0.022
20293,-0.02
20294,0.022
20295,0.134
20296,0.083
20297,-0.012
20298,-0.002
20299,0.034
20300,0.1
20301,0.183
20302,0.005
20303,-0.015
20304,0.029
20305,-0.098
20306,-0.093
20307,0.027
20308,0.034
20309,-0.068
20310,-0.071
20311,-0.112
20312,-0.085
20313,0.034
20314,0.024
20315,-0.098
20316,-0.12
20317,0.078
20318,0.017
20319,-0.039
20320,-0.032
20321,0.061
20322,0.156
20323,0.098
20324,-0.12
20325,-0.024
20326,0.085
20327,0.046
20328,0.024
20329,-0.09
20330,-0.093
20331,0.032
20332,-0.044
20333,-0.168
20334,-0.017
20335,0.217
20336,0.061
20337,-0.1
20338,0.051
20339,0.063
20340,0.054
20341,0.051
20342,-0.012
20343,-0.051
20344,0.061
20345,-0.029
20346,-0.017
20347,-0.049
20348,-0.017
20349,-0.049
20350,-0.173
20351,-0.012
20352,-0.012
20353,-0.032
20354,0.007
20355,-0.076
20356,-0.054
20357,-0.068
20358,-0.012
20359,0.054
20360,0.027
20361,0.085
20362,-0.005
20363,-0.073
20364,0.037
20365,-0.032
20366,0.044
20367,-0.024
20368,-0.154
20369,-0.073
20370,-0.234
20371,-0.005
20372,-0.007
20373,-0.115
20374,-0.024
20375,0.098
20376,0.125
20377,0.105
20378,-0.037
20379,0.193
20380,0.19
20381,0.085
20382,0.022
20383,-0.059
20384,0.015
20385,0.076
20386,0.225
20387,0.112
20388,-0.19
20389,-0.068
20390,-0.105
20391,-0.085
20392,-0.005
20393,-0.166
20394,-0.068
20395,0.095
20396,0.129
20397,-0.02
20398,0.032
20399,0.095
20400,0.149
20401,0.022
20402,-0.039
20403,-0.024
20404,0.005
20405,0.039
20406,0.039
20407,-0.085
20408,0.0
20409,-0.017
20410,-0.112
20411,-0.051
20412,-0.146
20413,-0.032
20414,-0.032
20415,-0.066
20416,-0.083
20417,-0.015
20418,0.02
20419,0.002
20420,0.02
20421,0.042
20422,-0.066
20423,0.039
20424,0.107
20425,0.059
20426,-0.027
20427,-0.085
20428,-0.046
20429,-0.076
20430,-0.183
20431,-0.01
20432,-0.059
20433,-0.093
20434,-0.017
20435,-0.022
20436,0.012
20437,-0.088
20438,-0.037
20439,-0.007
20440,-0.007
20441,0.015
20442,0.002
20443,-0.002
20444,-0.081
20445,0.044
20446,0.037
20447,-0.132
20448,0.015
20449,0.039
20450,-0.093
20451,-0.081
20452,-0.178
20453,0.022
20454,-0.061
20455,-0.056
20456,-0.01
20457,-0.017
20458,0.09
20459,0.103
20460,0.042
20461,-0.059
20462,-0.039
20463,0.012
20464,0.071
20465,-0.117
20466,0.034
20467,0.066
20468,-0.164
20469,0.103
20470,0.076
20471,0.042
20472,0.012
20473,-0.034
20474,-0.017
20475,-0.017
20476,-0.051
20477,-0.056
20478,0.139
