,-0.134
0,-0.105
1,-0.112
2,-0.032
3,0.068
4,0.034
5,-0.002
6,-0.029
7,-0.063
8,0.054
9,0.078
10,-0.12
11,0.134
12,0.027
13,-0.129
14,-0.061
15,-0.112
16,0.015
17,-0.083
18,-0.073
19,-0.027
20,-0.117
21,0.066
22,-0.034
23,-0.044
24,-0.12
25,-0.11
26,0.015
27,0.012
28,-0.115
29,-0.056
30,0.09
31,0.015
32,-0.063
33,0.024
34,0.024
35,-0.156
36,-0.095
37,-0.051
38,-0.088
39,-0.01
40,-0.037
41,-0.073
42,-0.198
43,-0.217
44,-0.032
45,-0.042
46,-0.078
47,-0.024
48,0.012
49,-0.059
50,-0.107
51,-0.061
52,0.049
53,-0.066
54,-0.063
55,0.037
56,-0.012
57,0.015
58,0.029
59,-0.037
60,-0.054
61,-0.017
62,-0.02
63,-0.042
64,-0.054
65,0.0
66,0.027
67,-0.037
68,0.005
69,0.076
70,-0.039
71,0.076
72,-0.007
73,-0.015
74,0.056
75,0.046
76,0.066
77,0.01
78,-0.073
79,-0.049
80,0.02
81,0.007
82,-0.081
83,-0.017
84,0.042
85,0.027
86,0.017
87,0.068
88,0.032
89,-0.046
90,0.034
91,0.081
92,-0.01
93,0.044
94,0.034
95,0.015
96,-0.051
97,0.027
98,0.005
99,-0.042
100,0.022
101,-0.027
102,-0.046
103,-0.017
104,-0.066
105,-0.081
106,-0.056
107,-0.056
108,-0.11
109,0.039
110,-0.039
111,-0.02
112,0.002
113,0.068
114,0.059
115,0.002
116,0.002
117,-0.017
118,0.046
119,0.005
120,-0.137
121,-0.049
122,-0.002
123,-0.022
124,-0.059
125,-0.049
126,-0.044
127,-0.144
128,0.022
129,0.007
130,-0.032
131,0.042
132,0.0
133,-0.068
134,-0.049
135,0.051
136,0.007
137,-0.015
138,-0.032
139,0.12
140,0.017
141,-0.054
142,0.015
143,0.027
144,-0.068
145,-0.073
146,-0.037
147,0.112
148,-0.01
149,-0.105
150,0.007
151,0.11
152,-0.015
153,0.042
154,0.029
155,0.076
156,0.103
157,0.022
158,0.139
159,0.034
160,0.11
161,0.168
162,0.044
163,0.022
164,0.078
165,0.032
166,-0.02
167,0.061
168,0.088
169,0.049
170,-0.024
171,-0.059
172,0.115
173,0.056
174,0.071
175,0.078
176,0.095
177,0.173
178,0.032
179,-0.073
180,0.017
181,-0.015
182,0.073
183,-0.027
184,-0.076
185,-0.071
186,0.027
187,-0.081
188,-0.095
189,-0.046
190,-0.017
191,0.032
192,-0.037
193,0.042
194,-0.042
195,-0.02
196,0.127
197,-0.054
198,-0.071
199,0.042
200,0.027
201,0.083
202,0.024
203,-0.046
204,-0.039
205,-0.051
206,-0.071
207,-0.042
208,0.015
209,-0.049
210,-0.061
211,-0.044
212,0.083
213,0.054
214,-0.039
215,0.01
216,0.085
217,0.1
218,0.068
219,-0.022
220,-0.012
221,-0.007
222,0.093
223,-0.01
224,0.049
225,-0.051
226,-0.012
227,-0.029
228,0.005
229,0.132
230,0.1
231,0.0
232,-0.002
233,0.103
234,-0.068
235,0.037
236,0.088
237,-0.061
238,0.049
239,-0.01
240,0.02
241,-0.054
242,-0.022
243,0.046
244,-0.066
245,-0.017
246,0.01
247,0.076
248,0.042
249,-0.032
250,0.068
251,0.044
252,-0.029
253,0.034
254,0.002
255,0.078
256,0.132
257,0.081
258,0.107
259,0.046
260,0.083
261,0.027
262,0.037
263,-0.103
264,-0.034
265,0.015
266,-0.032
267,0.049
268,-0.022
269,-0.046
270,-0.078
271,0.068
272,-0.049
273,0.044
274,0.056
275,-0.02
276,0.068
277,-0.002
278,0.029
279,-0.002
280,0.051
281,-0.042
282,-0.012
283,-0.005
284,-0.063
285,-0.083
286,-0.149
287,0.007
288,0.002
289,-0.125
290,-0.029
291,0.007
292,-0.005
293,0.061
294,-0.042
295,-0.046
296,-0.02
297,0.029
298,-0.002
299,0.037
300,0.037
301,0.029
302,-0.066
303,-0.127
304,0.002
305,-0.078
306,-0.122
307,-0.029
308,-0.078
309,-0.105
310,-0.09
311,-0.12
312,-0.034
313,-0.007
314,-0.005
315,0.005
316,0.107
317,0.076
318,0.083
319,-0.015
320,0.002
321,0.076
322,0.037
323,0.027
324,-0.066
325,0.066
326,-0.005
327,-0.029
328,0.051
329,0.022
330,0.015
331,0.054
332,0.093
333,0.005
334,0.037
335,0.027
336,-0.049
337,0.007
338,0.056
339,0.061
340,-0.029
341,-0.005
342,-0.017
343,0.01
344,-0.017
345,-0.037
346,-0.046
347,0.032
348,0.051
349,-0.081
350,-0.029
351,0.017
352,-0.039
353,-0.09
354,-0.032
355,0.015
356,-0.071
357,-0.002
358,-0.007
359,0.105
360,0.122
361,0.044
362,0.007
363,-0.083
364,-0.022
365,-0.005
366,-0.164
367,-0.083
368,-0.11
369,0.015
370,-0.039
371,-0.107
372,-0.066
373,0.0
374,-0.063
375,-0.015
376,-0.034
377,0.051
378,0.071
379,0.034
380,0.024
381,-0.09
382,-0.137
383,0.066
384,0.01
385,-0.059
386,-0.002
387,-0.02
388,0.083
389,-0.056
390,-0.103
391,-0.022
392,-0.071
393,-0.01
394,-0.046
395,-0.083
396,0.037
397,0.068
398,0.002
399,0.024
400,0.039
401,0.066
402,-0.044
403,-0.01
404,0.105
405,0.112
406,-0.051
407,-0.068
408,-0.12
409,0.037
410,0.034
411,0.0
412,-0.068
413,0.02
414,0.051
415,0.005
416,-0.02
417,-0.042
418,0.146
419,0.1
420,0.022
421,-0.029
422,0.012
423,0.039
424,0.078
425,-0.007
426,-0.059
427,0.068
428,-0.002
429,-0.066
430,-0.034
431,0.059
432,-0.042
433,-0.103
434,-0.093
435,-0.049
436,0.098
437,0.1
438,-0.005
439,-0.054
440,0.093
441,0.054
442,0.066
443,-0.046
444,-0.012
445,-0.015
446,-0.042
447,-0.01
448,0.024
449,0.01
450,-0.012
451,0.105
452,0.034
453,0.034
454,0.034
455,0.017
456,0.027
457,0.037
458,0.032
459,-0.007
460,0.081
461,0.046
462,0.012
463,-0.149
464,-0.063
465,0.002
466,-0.11
467,0.002
468,-0.027
469,-0.093
470,-0.095
471,-0.122
472,-0.11
473,-0.093
474,0.039
475,-0.093
476,-0.051
477,-0.007
478,0.061
479,-0.005
480,-0.098
481,0.024
482,0.059
483,0.039
484,-0.01
485,-0.022
486,-0.007
487,0.063
488,-0.085
489,0.012
490,0.029
491,0.034
492,0.005
493,0.049
494,0.029
495,0.083
496,0.1
497,0.0
498,0.134
499,0.046
500,0.029
501,0.054
502,0.015
503,0.032
504,0.027
505,0.127
506,0.105
507,-0.066
508,0.049
509,0.103
510,0.002
511,-0.007
512,-0.127
513,0.029
514,0.051
515,-0.039
516,0.098
517,0.107
518,0.054
519,0.046
520,0.049
521,0.063
522,0.061
523,0.002
524,0.061
525,0.02
526,-0.02
527,0.015
528,-0.046
529,-0.042
530,0.022
531,0.007
532,0.002
533,0.056
534,0.093
535,-0.007
536,-0.107
537,-0.032
538,0.005
539,0.046
540,0.012
541,-0.049
542,-0.107
543,-0.122
544,-0.093
545,-0.081
546,-0.139
547,-0.122
548,-0.098
549,-0.095
550,-0.142
551,-0.032
552,0.012
553,-0.059
554,-0.144
555,-0.017
556,0.02
557,-0.139
558,0.034
559,-0.034
560,-0.002
561,0.042
562,-0.11
563,0.022
564,0.056
565,-0.1
566,0.049
567,-0.044
568,0.007
569,-0.051
570,-0.117
571,0.012
572,-0.017
573,0.134
574,0.056
575,-0.198
576,0.11
577,0.012
578,0.105
579,0.007
580,0.01
581,0.088
582,0.122
583,-0.01
584,-0.015
585,0.046
586,0.044
587,0.063
588,-0.037
589,-0.073
590,-0.051
591,-0.012
592,-0.156
593,-0.12
594,-0.029
595,0.068
596,0.173
597,-0.186
598,-0.12
599,0.049
600,0.034
601,0.015
602,-0.073
603,0.154
604,0.095
605,0.061
606,-0.034
607,-0.012
608,0.085
609,-0.09
610,-0.095
611,-0.056
612,-0.078
613,0.029
614,0.002
615,-0.017
616,-0.044
617,0.103
618,0.073
619,-0.071
620,0.037
621,-0.032
622,0.12
623,-0.034
624,-0.093
625,0.007
626,0.051
627,0.034
628,-0.015
629,-0.022
630,0.012
631,-0.166
632,-0.103
633,-0.051
634,0.044
635,0.024
636,-0.212
637,-0.088
638,-0.022
639,-0.002
640,-0.027
641,-0.112
642,-0.061
643,0.029
644,-0.017
645,-0.073
646,-0.059
647,-0.039
648,0.015
649,-0.022
650,-0.122
651,-0.129
652,-0.042
653,-0.01
654,-0.054
655,-0.005
656,0.051
657,-0.017
658,0.012
659,-0.1
660,0.0
661,-0.024
662,-0.066
663,-0.012
664,-0.02
665,0.042
666,0.076
667,0.029
668,-0.01
669,0.0
670,0.015
671,0.02
672,-0.002
673,-0.002
674,0.037
675,-0.01
676,0.051
677,0.044
678,0.132
679,0.022
680,0.085
681,0.02
682,0.059
683,0.022
684,0.044
685,-0.007
686,0.11
687,0.044
688,0.01
689,-0.022
690,-0.12
691,-0.034
692,0.076
693,-0.046
694,-0.027
695,0.037
696,0.117
697,0.01
698,-0.007
699,0.234
700,0.129
701,0.059
702,-0.024
703,0.007
704,0.081
705,0.017
706,0.132
707,0.0
708,-0.105
709,0.015
710,-0.161
711,-0.09
712,0.005
713,-0.024
714,-0.029
715,0.066
716,0.032
717,-0.01
718,-0.002
719,-0.032
720,-0.056
721,-0.134
722,-0.073
723,0.044
724,-0.078
725,-0.146
726,-0.125
727,-0.034
728,-0.066
729,-0.181
730,-0.156
731,-0.032
732,0.1
733,0.078
734,0.012
735,-0.056
736,-0.037
737,0.032
738,0.061
739,0.024
740,-0.105
741,-0.002
742,0.054
743,-0.073
744,-0.044
745,-0.049
746,-0.027
747,-0.066
748,-0.01
749,-0.044
750,0.017
751,0.078
752,0.046
753,0.078
754,0.098
755,-0.024
756,0.046
757,0.01
758,0.063
759,-0.112
760,0.034
761,0.222
762,0.054
763,0.095
764,0.02
765,-0.034
766,0.068
767,-0.012
768,-0.056
769,-0.039
770,0.005
771,-0.02
772,0.063
773,-0.022
774,-0.19
775,-0.037
776,0.01
777,-0.002
778,0.0
779,-0.071
780,0.127
781,0.112
782,0.005
783,0.024
784,-0.024
785,0.095
786,0.046
787,-0.046
788,0.032
789,0.054
790,-0.029
791,-0.063
792,0.054
793,-0.103
794,-0.024
795,-0.027
796,-0.103
797,0.01
798,0.0
799,-0.015
800,0.01
801,-0.129
802,-0.029
803,-0.059
804,-0.059
805,0.0
806,-0.061
807,-0.081
808,-0.042
809,-0.02
810,-0.066
811,-0.103
812,-0.024
813,-0.115
814,-0.088
815,-0.085
816,-0.068
817,-0.071
818,-0.103
819,-0.042
820,-0.159
821,-0.081
822,0.029
823,-0.012
824,-0.054
825,-0.022
826,-0.12
827,-0.115
828,-0.103
829,-0.117
830,-0.042
831,-0.125
832,-0.059
833,0.073
834,-0.09
835,0.007
836,0.034
837,0.022
838,0.015
839,0.017
840,0.022
841,0.068
842,-0.005
843,0.083
844,0.088
845,0.046
846,-0.066
847,0.002
848,0.044
849,0.1
850,0.005
851,0.073
852,0.034
853,0.012
854,-0.007
855,-0.081
856,-0.044
857,0.054
858,0.107
859,0.134
860,-0.015
861,0.002
862,0.227
863,0.01
864,-0.002
865,0.061
866,0.046
867,0.203
868,-0.076
869,0.063
870,0.034
871,-0.09
872,-0.068
873,0.005
874,-0.046
875,-0.029
876,-0.168
877,-0.066
878,-0.105
879,-0.085
880,-0.12
881,-0.024
882,-0.039
883,-0.078
884,0.032
885,0.073
886,0.078
887,-0.09
888,0.029
889,0.029
890,0.073
891,0.046
892,-0.034
893,-0.032
894,-0.103
895,-0.051
896,-0.01
897,-0.027
898,0.024
899,-0.051
900,-0.056
901,-0.007
902,-0.044
903,-0.042
904,0.02
905,-0.029
906,-0.032
907,-0.029
908,-0.029
909,0.063
910,-0.066
911,-0.042
912,-0.068
913,0.02
914,0.027
915,0.042
916,0.044
917,-0.042
918,-0.115
919,-0.11
920,-0.007
921,0.063
922,0.088
923,-0.002
924,0.044
925,0.02
926,0.015
927,0.039
928,0.066
929,0.029
930,0.088
931,0.125
932,0.068
933,0.0
934,-0.066
935,0.066
936,-0.029
937,-0.093
938,0.015
939,0.081
940,0.083
941,-0.029
942,-0.11
943,0.081
944,0.1
945,0.129
946,0.066
947,0.066
948,0.112
949,0.093
950,0.127
951,0.046
952,0.049
953,0.044
954,0.007
955,0.037
956,0.11
957,0.039
958,0.032
959,0.046
960,0.024
961,0.054
962,-0.046
963,-0.054
964,0.225
965,0.073
966,-0.085
967,0.093
968,0.044
969,0.051
970,-0.078
971,0.005
972,-0.007
973,0.115
974,0.078
975,0.061
976,0.039
977,0.095
978,-0.01
979,-0.029
980,0.029
981,0.056
982,0.078
983,0.066
984,-0.037
985,-0.085
986,-0.024
987,0.039
988,0.015
989,-0.032
990,-0.071
991,0.027
992,0.015
993,-0.042
994,-0.122
995,-0.032
996,-0.01
997,-0.059
998,0.002
999,0.015
1000,0.081
1001,0.051
1002,-0.078
1003,-0.012
1004,0.049
1005,0.044
1006,-0.029
1007,-0.056
1008,0.007
1009,-0.037
1010,0.046
1011,-0.022
1012,-0.037
1013,-0.068
1014,0.054
1015,0.1
1016,-0.068
1017,-0.068
1018,-0.012
1019,0.076
1020,0.083
1021,0.012
1022,0.081
1023,0.132
1024,0.11
1025,0.085
1026,0.083
1027,0.12
1028,0.164
1029,0.159
1030,0.054
1031,0.093
1032,0.142
1033,0.134
1034,0.059
1035,0.027
1036,0.066
1037,0.085
1038,-0.02
1039,-0.012
1040,0.02
1041,0.039
1042,0.071
1043,-0.005
1044,0.11
1045,0.125
1046,0.049
1047,0.017
1048,-0.081
1049,-0.073
1050,-0.081
1051,-0.071
1052,0.01
1053,-0.137
1054,0.059
1055,0.0
1056,-0.066
1057,-0.012
1058,-0.034
1059,-0.032
1060,0.029
1061,0.054
1062,0.015
1063,0.083
1064,0.01
1065,0.039
1066,0.049
1067,0.017
1068,0.022
1069,0.066
1070,-0.01
1071,-0.032
1072,0.076
1073,0.015
1074,-0.071
1075,0.039
1076,0.059
1077,0.081
1078,0.071
1079,-0.002
1080,0.037
1081,-0.01
1082,0.046
1083,-0.068
1084,-0.129
1085,-0.034
1086,0.024
1087,0.11
1088,-0.02
1089,-0.039
1090,-0.034
1091,0.002
1092,0.076
1093,-0.02
1094,-0.024
1095,0.044
1096,0.105
1097,0.115
1098,0.024
1099,-0.007
1100,-0.024
1101,0.122
1102,0.144
1103,0.061
1104,0.073
1105,0.129
1106,0.049
1107,-0.044
1108,0.005
1109,-0.032
1110,-0.085
1111,0.015
1112,-0.11
1113,-0.046
1114,0.0
1115,-0.024
1116,-0.012
1117,-0.007
1118,0.034
1119,0.024
1120,-0.012
1121,-0.044
1122,-0.229
1123,-0.103
1124,0.027
1125,0.115
1126,-0.002
1127,-0.134
1128,-0.186
1129,-0.029
1130,-0.017
1131,-0.081
1132,0.039
1133,0.203
1134,-0.073
1135,-0.059
1136,-0.032
1137,-0.051
1138,0.068
1139,-0.01
1140,-0.034
1141,0.107
1142,0.149
1143,0.11
1144,0.01
1145,0.037
1146,-0.017
1147,0.037
1148,0.037
1149,-0.034
1150,-0.044
1151,-0.085
1152,-0.034
1153,-0.088
1154,-0.088
1155,-0.085
1156,-0.068
1157,-0.017
1158,-0.122
1159,-0.095
1160,-0.122
1161,-0.132
1162,-0.088
1163,-0.127
1164,-0.081
1165,0.083
1166,-0.039
1167,-0.037
1168,-0.017
1169,0.132
1170,0.083
1171,-0.024
1172,-0.066
1173,-0.024
1174,-0.107
1175,-0.015
1176,-0.076
1177,-0.117
1178,-0.032
1179,-0.081
1180,-0.083
1181,-0.044
1182,-0.022
1183,0.024
1184,-0.012
1185,0.022
1186,-0.056
1187,-0.024
1188,0.059
1189,-0.002
1190,-0.02
1191,0.083
1192,0.027
1193,-0.022
1194,-0.088
1195,-0.129
1196,-0.12
1197,-0.085
1198,-0.039
1199,-0.12
1200,-0.11
1201,-0.02
1202,0.054
1203,-0.068
1204,-0.085
1205,-0.051
1206,0.015
1207,0.044
1208,-0.059
1209,0.051
1210,0.088
1211,0.012
1212,-0.027
1213,-0.037
1214,0.059
1215,0.037
1216,-0.139
1217,-0.144
1218,-0.117
1219,-0.063
1220,0.066
1221,0.0
1222,-0.12
1223,-0.1
1224,-0.134
1225,-0.078
1226,-0.042
1227,0.007
1228,-0.024
1229,-0.085
1230,0.071
1231,0.054
1232,-0.122
1233,-0.081
1234,-0.024
1235,0.085
1236,-0.144
1237,-0.146
1238,-0.103
1239,-0.081
1240,-0.068
1241,-0.034
1242,-0.09
1243,-0.046
1244,-0.007
1245,-0.02
1246,-0.039
1247,0.0
1248,-0.083
1249,0.017
1250,0.022
1251,-0.012
1252,0.061
1253,-0.007
1254,0.037
1255,-0.046
1256,-0.054
1257,0.032
1258,-0.066
1259,-0.063
1260,-0.015
1261,-0.046
1262,-0.151
1263,-0.054
1264,0.02
1265,-0.061
1266,-0.115
1267,-0.022
1268,0.071
1269,-0.012
1270,0.044
1271,-0.007
1272,0.083
1273,0.039
1274,0.0
1275,0.049
1276,-0.022
1277,-0.049
1278,-0.068
1279,-0.027
1280,-0.017
1281,-0.142
1282,-0.083
1283,-0.042
1284,-0.088
1285,-0.042
1286,-0.071
1287,0.02
1288,0.02
1289,0.02
1290,0.103
1291,0.061
1292,0.046
1293,0.088
1294,0.063
1295,0.012
1296,0.09
1297,-0.005
1298,0.015
1299,-0.09
1300,0.0
1301,0.09
1302,-0.066
1303,-0.1
1304,0.02
1305,-0.081
1306,-0.042
1307,0.022
1308,-0.054
1309,0.027
1310,0.024
1311,0.1
1312,0.059
1313,0.029
1314,0.098
1315,-0.005
1316,-0.005
1317,0.11
1318,0.112
1319,-0.076
1320,-0.068
1321,-0.083
1322,-0.056
1323,0.061
1324,-0.061
1325,-0.073
1326,0.005
1327,0.012
1328,0.01
1329,-0.01
1330,-0.002
1331,0.015
1332,-0.037
1333,0.012
1334,-0.002
1335,0.037
1336,-0.017
1337,-0.005
1338,-0.044
1339,-0.12
1340,-0.029
1341,-0.063
1342,-0.127
1343,-0.056
1344,-0.046
1345,-0.066
1346,-0.076
1347,-0.061
1348,-0.032
1349,0.034
1350,0.046
1351,0.105
1352,0.208
1353,0.063
1354,0.044
1355,0.083
1356,0.061
1357,0.107
1358,-0.027
1359,-0.027
1360,0.063
1361,0.098
1362,0.061
1363,0.017
1364,0.002
1365,0.034
1366,-0.007
1367,-0.056
1368,-0.024
1369,0.056
1370,0.068
1371,0.093
1372,0.005
1373,0.051
1374,0.039
1375,0.054
1376,0.0
1377,-0.01
1378,0.0
1379,-0.061
1380,-0.061
1381,0.005
1382,0.098
1383,-0.046
1384,-0.051
1385,-0.044
1386,0.034
1387,-0.007
1388,0.051
1389,0.078
1390,0.127
1391,0.103
1392,-0.049
1393,0.042
1394,0.034
1395,0.085
1396,-0.015
1397,-0.068
1398,-0.022
1399,-0.054
1400,0.02
1401,-0.046
1402,-0.107
1403,-0.007
1404,-0.073
1405,-0.059
1406,0.066
1407,0.059
1408,0.142
1409,-0.042
1410,-0.051
1411,-0.024
1412,-0.002
1413,0.088
1414,-0.029
1415,0.005
1416,0.01
1417,-0.051
1418,0.027
1419,-0.112
1420,-0.103
1421,0.029
1422,-0.027
1423,0.073
1424,0.007
1425,-0.049
1426,0.046
1427,0.022
1428,0.044
1429,0.112
1430,0.081
1431,0.098
1432,0.164
1433,0.042
1434,0.042
1435,0.054
1436,0.002
1437,-0.005
1438,-0.007
1439,-0.002
1440,-0.002
1441,-0.095
1442,0.015
1443,0.022
1444,-0.132
1445,-0.107
1446,-0.007
1447,0.039
1448,0.115
1449,0.061
1450,0.051
1451,0.149
1452,0.105
1453,0.066
1454,0.042
1455,-0.002
1456,-0.012
1457,-0.044
1458,0.015
1459,-0.012
1460,0.059
1461,0.007
1462,0.027
1463,-0.056
1464,-0.081
1465,-0.078
1466,-0.032
1467,-0.012
1468,0.083
1469,0.046
1470,0.088
1471,0.146
1472,0.156
1473,0.095
1474,0.088
1475,0.259
1476,-0.005
1477,-0.061
1478,0.09
1479,-0.01
1480,0.076
1481,0.027
1482,-0.09
1483,0.002
1484,0.044
1485,-0.107
1486,-0.083
1487,-0.002
1488,0.039
1489,0.059
1490,-0.007
1491,-0.034
1492,-0.015
1493,-0.049
1494,-0.168
1495,-0.061
1496,0.044
1497,0.012
1498,-0.029
1499,-0.051
1500,-0.039
1501,-0.02
1502,-0.161
1503,-0.09
1504,-0.039
1505,-0.081
1506,-0.039
1507,-0.037
1508,-0.1
1509,0.015
1510,0.027
1511,0.122
1512,-0.01
1513,0.015
1514,0.1
1515,-0.088
1516,-0.12
1517,0.037
1518,0.024
1519,-0.02
1520,-0.015
1521,-0.063
1522,-0.012
1523,0.015
1524,-0.029
1525,0.063
1526,-0.015
1527,0.017
1528,-0.017
1529,-0.012
1530,-0.012
1531,0.0
1532,0.054
1533,0.132
1534,-0.068
1535,-0.022
1536,0.088
1537,0.015
1538,0.002
1539,-0.029
1540,-0.088
1541,0.02
1542,0.039
1543,-0.029
1544,-0.032
1545,-0.066
1546,0.002
1547,0.059
1548,0.11
1549,0.137
1550,0.037
1551,0.09
1552,0.183
1553,0.105
1554,-0.024
1555,0.12
1556,0.146
1557,-0.054
1558,-0.005
1559,-0.005
1560,-0.027
1561,0.037
1562,-0.02
1563,-0.083
1564,-0.005
1565,-0.049
1566,-0.032
1567,-0.054
1568,-0.015
1569,0.081
1570,0.02
1571,0.01
1572,0.002
1573,-0.007
1574,0.098
1575,0.022
1576,-0.046
1577,-0.012
1578,0.066
1579,0.024
1580,-0.081
1581,-0.02
1582,-0.083
1583,-0.073
1584,-0.059
1585,-0.063
1586,-0.112
1587,-0.034
1588,0.056
1589,-0.071
1590,-0.127
1591,0.032
1592,-0.007
1593,-0.007
1594,-0.073
1595,0.029
1596,-0.002
1597,0.083
1598,0.061
1599,-0.034
1600,-0.022
1601,0.005
1602,0.066
1603,-0.051
1604,-0.073
1605,0.037
1606,0.049
1607,0.098
1608,-0.042
1609,-0.068
1610,0.034
1611,-0.098
1612,-0.024
1613,0.032
1614,0.024
1615,0.095
1616,0.037
1617,0.093
1618,0.051
1619,0.076
1620,-0.034
1621,-0.107
1622,-0.083
1623,0.017
1624,0.059
1625,0.051
1626,-0.034
1627,0.049
1628,0.032
1629,0.037
1630,-0.002
1631,-0.02
1632,0.068
1633,0.076
1634,0.059
1635,0.032
1636,-0.127
1637,0.063
1638,0.085
1639,0.029
1640,-0.078
1641,0.027
1642,0.129
1643,0.01
1644,-0.093
1645,-0.034
1646,0.015
1647,-0.015
1648,0.034
1649,0.007
1650,-0.029
1651,0.117
1652,-0.024
1653,0.017
1654,-0.017
1655,0.042
1656,0.042
1657,-0.024
1658,0.054
1659,0.049
1660,0.022
1661,-0.056
1662,-0.051
1663,-0.063
1664,0.063
1665,0.007
1666,0.149
1667,0.076
1668,-0.059
1669,-0.139
1670,-0.076
1671,-0.034
1672,0.146
1673,0.063
1674,0.11
1675,-0.078
1676,-0.005
1677,0.159
1678,-0.046
1679,0.002
1680,-0.081
1681,-0.095
1682,0.044
1683,-0.166
1684,-0.105
1685,0.063
1686,-0.034
1687,-0.085
1688,-0.024
1689,-0.039
1690,-0.039
1691,-0.051
1692,-0.037
1693,0.056
1694,-0.105
1695,0.042
1696,0.005
1697,0.046
1698,0.059
1699,0.002
1700,-0.034
1701,0.012
1702,-0.027
1703,0.005
1704,-0.02
1705,-0.09
1706,0.0
1707,-0.029
1708,0.029
1709,-0.103
1710,-0.015
1711,0.039
1712,0.093
1713,0.083
1714,-0.081
1715,0.046
1716,0.022
1717,0.0
1718,0.032
1719,0.015
1720,-0.034
1721,0.159
1722,-0.103
1723,-0.11
1724,0.032
1725,-0.044
1726,0.125
1727,-0.044
1728,0.024
1729,0.056
1730,0.015
1731,0.015
1732,0.059
1733,0.0
1734,0.103
1735,0.051
1736,-0.005
1737,-0.078
1738,0.132
1739,0.151
1740,-0.029
1741,0.037
1742,-0.046
1743,-0.002
1744,0.098
1745,0.005
1746,0.022
1747,0.015
1748,0.083
1749,0.137
1750,0.061
1751,-0.044
1752,0.066
1753,0.137
1754,0.188
1755,0.015
1756,-0.151
1757,0.005
1758,0.183
1759,0.049
1760,-0.042
1761,0.01
1762,0.015
1763,-0.178
1764,-0.183
1765,0.044
1766,0.005
1767,0.024
1768,-0.112
1769,-0.129
1770,-0.027
1771,-0.044
1772,0.115
1773,0.012
1774,-0.059
1775,0.051
1776,-0.02
1777,0.029
1778,-0.034
1779,-0.044
1780,-0.037
1781,0.044
1782,0.029
1783,-0.02
1784,-0.024
1785,-0.115
1786,-0.12
1787,-0.022
1788,0.146
1789,0.134
1790,0.02
1791,-0.176
1792,0.034
1793,0.012
1794,0.063
1795,-0.02
1796,0.032
1797,0.132
1798,0.09
1799,0.037
1800,-0.107
1801,0.015
1802,0.051
1803,-0.046
1804,-0.159
1805,-0.107
1806,-0.076
1807,-0.022
1808,0.051
1809,-0.066
1810,-0.083
1811,0.066
1812,0.156
1813,-0.095
1814,-0.042
1815,-0.029
1816,-0.032
1817,-0.071
1818,-0.093
1819,0.029
1820,0.0
1821,0.039
1822,-0.132
1823,-0.115
1824,-0.037
1825,0.088
1826,0.005
1827,-0.029
1828,0.012
1829,-0.024
1830,0.012
1831,0.015
1832,-0.081
1833,-0.073
1834,0.051
1835,-0.02
1836,-0.073
1837,0.017
1838,-0.032
1839,-0.024
1840,-0.056
1841,-0.015
1842,-0.027
1843,-0.012
1844,0.012
1845,-0.032
1846,-0.039
1847,0.01
1848,-0.015
1849,-0.007
1850,-0.056
1851,-0.156
1852,-0.056
1853,-0.012
1854,0.085
1855,0.073
1856,-0.027
1857,-0.032
1858,-0.046
1859,-0.042
1860,0.007
1861,0.066
1862,0.046
1863,-0.024
1864,-0.042
1865,-0.071
1866,-0.059
1867,0.078
1868,-0.11
1869,0.068
1870,0.034
1871,-0.122
1872,0.198
1873,-0.005
1874,-0.034
1875,0.156
1876,-0.005
1877,0.068
1878,0.073
1879,0.046
1880,-0.095
1881,-0.002
1882,-0.017
1883,-0.002
1884,-0.117
1885,-0.1
1886,-0.002
1887,0.0
1888,-0.012
1889,0.093
1890,-0.09
1891,0.0
1892,0.01
1893,-0.073
1894,0.012
1895,0.105
1896,0.09
1897,0.02
1898,0.0
1899,0.034
1900,0.078
1901,0.095
1902,0.017
1903,-0.078
1904,-0.11
1905,-0.085
1906,-0.107
1907,-0.117
1908,-0.02
1909,-0.002
1910,0.037
1911,-0.063
1912,0.054
1913,-0.149
1914,-0.1
1915,0.21
1916,0.151
1917,0.122
1918,-0.093
1919,0.037
1920,0.105
1921,0.081
1922,-0.078
1923,-0.066
1924,0.017
1925,0.098
1926,-0.005
1927,-0.044
1928,-0.107
1929,-0.034
1930,-0.051
1931,-0.142
1932,-0.012
1933,-0.005
1934,0.046
1935,0.027
1936,0.024
1937,0.01
1938,0.042
1939,0.103
1940,0.032
1941,-0.034
1942,-0.042
1943,-0.056
1944,-0.051
1945,-0.088
1946,-0.01
1947,-0.125
1948,-0.076
1949,-0.098
1950,0.0
1951,0.017
1952,-0.007
1953,-0.081
1954,0.022
1955,0.022
1956,0.027
1957,0.059
1958,0.032
1959,0.073
1960,0.02
1961,-0.032
1962,-0.017
1963,0.051
1964,0.063
1965,0.034
1966,0.024
1967,-0.042
1968,-0.005
1969,0.054
1970,-0.002
1971,-0.068
1972,0.081
1973,0.09
1974,0.022
1975,-0.151
1976,-0.027
1977,0.022
1978,-0.032
1979,0.063
1980,0.01
1981,-0.015
1982,0.068
1983,0.017
1984,-0.076
1985,0.022
1986,-0.032
1987,-0.115
1988,0.039
1989,0.005
1990,-0.029
1991,-0.051
1992,0.02
1993,0.073
1994,0.007
1995,0.059
1996,0.095
1997,0.105
1998,0.046
1999,-0.022
2000,0.007
2001,0.107
2002,-0.015
2003,-0.024
2004,-0.024
2005,0.042
2006,-0.066
2007,-0.054
2008,-0.103
2009,-0.076
2010,0.022
2011,-0.059
2012,-0.127
2013,0.022
2014,0.022
2015,-0.049
2016,0.051
2017,-0.039
2018,-0.024
2019,-0.027
2020,-0.056
2021,0.151
2022,0.066
2023,0.042
2024,0.1
2025,0.042
2026,-0.1
2027,0.01
2028,0.049
2029,-0.042
2030,-0.115
2031,-0.156
2032,-0.022
2033,0.005
2034,0.09
2035,0.125
2036,0.027
2037,0.027
2038,0.193
2039,0.166
2040,0.056
2041,0.005
2042,-0.002
2043,0.022
2044,-0.027
2045,-0.112
2046,-0.059
2047,-0.076
2048,-0.042
2049,0.037
2050,-0.088
2051,0.005
2052,0.034
2053,-0.095
2054,-0.049
2055,-0.022
2056,-0.015
2057,0.146
2058,0.11
2059,0.068
2060,0.132
2061,0.015
2062,-0.044
2063,0.117
2064,0.188
2065,0.105
2066,-0.059
2067,0.024
2068,0.071
2069,0.02
2070,-0.078
2071,0.0
2072,0.044
2073,-0.061
2074,-0.049
2075,-0.034
2076,0.005
2077,-0.027
2078,-0.037
2079,0.078
2080,0.054
2081,-0.044
2082,0.046
2083,0.09
2084,-0.056
2085,0.017
2086,0.081
2087,-0.105
2088,-0.107
2089,-0.137
2090,0.034
2091,0.173
2092,0.017
2093,-0.066
2094,0.056
2095,-0.027
2096,-0.066
2097,-0.037
2098,0.071
2099,0.042
2100,-0.103
2101,-0.002
2102,-0.037
2103,-0.007
2104,-0.054
2105,-0.088
2106,0.017
2107,0.024
2108,-0.059
2109,-0.042
2110,-0.122
2111,-0.09
2112,0.034
2113,0.037
2114,0.0
2115,-0.027
2116,-0.029
2117,0.115
2118,0.139
2119,0.068
2120,0.034
2121,0.059
2122,0.0
2123,-0.056
2124,-0.037
2125,0.095
2126,0.02
2127,-0.037
2128,-0.012
2129,-0.081
2130,-0.024
2131,0.0
2132,0.127
2133,-0.068
2134,-0.105
2135,-0.049
2136,-0.073
2137,-0.056
2138,-0.005
2139,0.063
2140,0.039
2141,0.046
2142,-0.01
2143,0.034
2144,-0.125
2145,-0.044
2146,-0.076
2147,-0.037
2148,-0.024
2149,-0.044
2150,-0.022
2151,0.027
2152,-0.007
2153,0.034
2154,0.022
2155,0.015
2156,0.09
2157,0.059
2158,-0.012
2159,0.112
2160,0.071
2161,0.088
2162,0.007
2163,0.017
2164,0.044
2165,0.09
2166,-0.024
2167,0.117
2168,-0.002
2169,-0.12
2170,-0.071
2171,-0.022
2172,-0.017
2173,-0.024
2174,-0.095
2175,-0.083
2176,-0.027
2177,-0.046
2178,-0.061
2179,-0.107
2180,0.027
2181,0.068
2182,0.002
2183,0.01
2184,0.037
2185,0.071
2186,0.032
2187,-0.032
2188,-0.024
2189,-0.007
2190,0.039
2191,-0.027
2192,0.002
2193,-0.117
2194,-0.044
2195,-0.056
2196,-0.151
2197,-0.11
2198,0.083
2199,0.022
2200,-0.103
2201,-0.022
2202,0.037
2203,-0.015
2204,-0.012
2205,0.029
2206,-0.054
2207,0.034
2208,-0.076
2209,-0.002
2210,0.088
2211,-0.054
2212,-0.029
2213,-0.01
2214,-0.088
2215,-0.088
2216,0.01
2217,-0.076
2218,0.066
2219,0.034
2220,0.007
2221,0.059
2222,0.007
2223,0.039
2224,0.012
2225,-0.017
2226,-0.029
2227,0.017
2228,-0.029
2229,-0.068
2230,-0.037
2231,0.042
2232,0.015
2233,-0.049
2234,-0.034
2235,-0.012
2236,0.09
2237,-0.039
2238,0.012
2239,0.061
2240,0.085
2241,0.146
2242,-0.056
2243,0.015
2244,0.017
2245,0.12
2246,0.017
2247,-0.02
2248,-0.176
2249,-0.034
2250,0.022
2251,-0.015
2252,0.01
2253,-0.044
2254,-0.027
2255,-0.005
2256,0.0
2257,0.015
2258,-0.029
2259,0.032
2260,0.11
2261,-0.073
2262,0.081
2263,0.059
2264,-0.032
2265,0.066
2266,-0.007
2267,0.051
2268,-0.022
2269,-0.12
2270,-0.002
2271,-0.076
2272,-0.046
2273,0.044
2274,0.093
2275,-0.107
2276,-0.181
2277,-0.02
2278,0.132
2279,-0.046
2280,-0.007
2281,0.056
2282,0.059
2283,-0.005
2284,-0.071
2285,-0.044
2286,-0.029
2287,-0.066
2288,0.034
2289,-0.044
2290,-0.144
2291,-0.071
2292,-0.029
2293,-0.01
2294,0.068
2295,-0.01
2296,0.02
2297,-0.054
2298,-0.129
2299,0.076
2300,0.039
2301,-0.071
2302,-0.044
2303,0.11
2304,0.083
2305,0.012
2306,-0.046
2307,0.068
2308,0.151
2309,-0.01
2310,-0.137
2311,0.0
2312,0.044
2313,-0.01
2314,0.046
2315,-0.068
2316,-0.071
2317,0.061
2318,0.039
2319,0.071
2320,0.09
2321,0.1
2322,0.02
2323,-0.039
2324,-0.137
2325,0.017
2326,-0.027
2327,0.046
2328,0.027
2329,-0.005
2330,0.005
2331,-0.081
2332,-0.029
2333,-0.071
2334,-0.088
2335,0.01
2336,-0.068
2337,-0.059
2338,-0.076
2339,-0.129
2340,0.01
2341,-0.022
2342,-0.073
2343,0.054
2344,0.071
2345,0.146
2346,0.078
2347,-0.068
2348,-0.073
2349,-0.037
2350,0.046
2351,-0.068
2352,-0.056
2353,-0.027
2354,-0.107
2355,0.049
2356,0.049
2357,-0.046
2358,0.083
2359,0.083
2360,0.093
2361,-0.012
2362,0.081
2363,0.095
2364,0.09
2365,-0.015
2366,0.01
2367,0.059
2368,0.071
2369,-0.061
2370,-0.081
2371,-0.129
2372,0.054
2373,0.049
2374,-0.022
2375,0.01
2376,0.042
2377,0.039
2378,0.071
2379,-0.078
2380,-0.061
2381,0.149
2382,0.063
2383,0.039
2384,-0.1
2385,0.015
2386,0.083
2387,-0.01
2388,-0.005
2389,-0.034
2390,-0.059
2391,-0.032
2392,-0.134
2393,-0.085
2394,0.002
2395,0.042
2396,0.007
2397,0.024
2398,0.076
2399,0.059
2400,0.1
2401,0.125
2402,0.076
2403,-0.024
2404,-0.015
2405,-0.012
2406,0.063
2407,-0.005
2408,0.076
2409,0.02
2410,-0.044
2411,-0.032
2412,0.083
2413,-0.115
2414,-0.037
2415,-0.066
2416,-0.186
2417,-0.11
2418,-0.027
2419,-0.044
2420,0.054
2421,-0.037
2422,-0.034
2423,-0.022
2424,0.032
2425,-0.034
2426,0.049
2427,0.0
2428,-0.01
2429,0.071
2430,0.027
2431,-0.068
2432,0.046
2433,-0.046
2434,-0.107
2435,-0.127
2436,-0.051
2437,0.034
2438,-0.076
2439,0.007
2440,-0.103
2441,0.083
2442,0.11
2443,0.039
2444,-0.051
2445,-0.042
2446,0.022
2447,0.061
2448,-0.005
2449,0.049
2450,0.032
2451,0.068
2452,0.098
2453,-0.093
2454,-0.09
2455,0.107
2456,-0.095
2457,-0.024
2458,0.029
2459,-0.007
2460,0.112
2461,0.022
2462,-0.125
2463,-0.015
2464,-0.039
2465,0.132
2466,0.146
2467,0.01
2468,0.134
2469,0.012
2470,-0.076
2471,-0.005
2472,-0.024
2473,0.022
2474,-0.037
2475,-0.02
2476,0.117
2477,-0.076
2478,-0.071
2479,-0.02
2480,-0.039
2481,0.061
2482,-0.054
2483,0.039
2484,0.107
2485,-0.017
2486,0.09
2487,0.032
2488,-0.017
2489,0.149
2490,0.044
2491,-0.032
2492,-0.002
2493,-0.027
2494,0.105
2495,0.002
2496,-0.059
2497,0.142
2498,0.103
2499,0.083
2500,0.083
2501,-0.085
2502,-0.024
2503,0.0
2504,0.059
2505,0.083
2506,-0.002
2507,-0.054
2508,0.061
2509,0.0
2510,-0.007
2511,-0.095
2512,0.034
2513,0.017
2514,-0.015
2515,-0.059
2516,-0.071
2517,-0.137
2518,-0.122
2519,-0.066
2520,-0.078
2521,0.029
2522,0.051
2523,-0.068
2524,0.032
2525,0.015
2526,0.181
2527,0.046
2528,-0.037
2529,0.022
2530,-0.022
2531,0.032
2532,-0.007
2533,-0.081
2534,0.022
2535,-0.039
2536,-0.027
2537,-0.042
2538,-0.039
2539,0.01
2540,-0.042
2541,-0.044
2542,-0.034
2543,-0.098
2544,0.029
2545,0.027
2546,0.103
2547,0.098
2548,-0.076
2549,0.088
2550,0.11
2551,-0.12
2552,-0.01
2553,0.012
2554,-0.095
2555,-0.029
2556,-0.032
2557,0.042
2558,-0.046
2559,0.005
2560,-0.024
2561,0.039
2562,-0.022
2563,0.005
2564,-0.022
2565,-0.012
2566,0.029
2567,0.076
2568,0.154
2569,-0.005
2570,-0.054
2571,0.0
2572,0.137
2573,0.044
2574,0.029
2575,-0.007
2576,-0.029
2577,-0.103
2578,0.012
2579,0.054
2580,0.039
2581,-0.002
2582,-0.029
2583,-0.085
2584,-0.024
2585,0.002
2586,0.098
2587,-0.005
2588,-0.054
2589,0.112
2590,0.022
2591,0.044
2592,-0.049
2593,0.056
2594,0.11
2595,0.02
2596,0.049
2597,-0.156
2598,0.037
2599,0.037
2600,0.01
2601,0.061
2602,-0.127
2603,-0.139
2604,0.032
2605,-0.034
2606,-0.024
2607,0.059
2608,0.056
2609,0.039
2610,0.039
2611,0.024
2612,0.0
2613,0.034
2614,0.088
2615,0.054
2616,0.007
2617,0.032
2618,-0.029
2619,-0.02
2620,-0.007
2621,0.042
2622,-0.051
2623,-0.161
2624,-0.015
2625,0.044
2626,-0.068
2627,-0.085
2628,-0.02
2629,0.039
2630,-0.01
2631,-0.107
2632,0.085
2633,0.027
2634,0.042
2635,-0.037
2636,-0.02
2637,0.027
2638,-0.037
2639,0.059
2640,0.017
2641,-0.032
2642,-0.066
2643,0.029
2644,0.049
2645,0.098
2646,-0.046
2647,0.032
2648,-0.015
2649,-0.032
2650,0.015
2651,-0.039
2652,-0.005
2653,-0.051
2654,0.017
2655,0.09
2656,-0.017
2657,0.01
2658,0.046
2659,0.049
2660,-0.012
2661,-0.027
2662,-0.146
2663,0.046
2664,-0.034
2665,-0.037
2666,0.049
2667,0.02
2668,0.093
2669,0.161
2670,0.042
2671,0.0
2672,0.056
2673,0.049
2674,0.085
2675,0.051
2676,0.066
2677,-0.002
2678,0.042
2679,0.039
2680,-0.017
2681,0.088
2682,0.063
2683,0.107
2684,0.051
2685,0.061
2686,0.054
2687,0.103
2688,0.11
2689,0.066
2690,0.059
2691,0.049
2692,0.022
2693,0.022
2694,-0.029
2695,0.061
2696,0.02
2697,-0.046
2698,-0.073
2699,-0.042
2700,0.066
2701,0.024
2702,-0.078
2703,-0.007
2704,-0.054
2705,-0.002
2706,-0.054
2707,0.1
2708,0.068
2709,-0.071
2710,0.044
2711,0.051
2712,0.093
2713,0.051
2714,0.029
2715,-0.032
2716,-0.034
2717,0.024
2718,-0.01
2719,-0.034
2720,-0.129
2721,-0.046
2722,0.037
2723,-0.156
2724,-0.12
2725,-0.046
2726,0.007
2727,0.068
2728,-0.049
2729,-0.046
2730,0.054
2731,0.012
2732,0.095
2733,0.01
2734,0.007
2735,0.034
2736,-0.063
2737,-0.034
2738,-0.071
2739,-0.046
2740,-0.071
2741,-0.066
2742,0.012
2743,-0.017
2744,-0.037
2745,-0.017
2746,-0.059
2747,0.017
2748,0.054
2749,-0.063
2750,0.034
2751,-0.007
2752,0.054
2753,-0.012
2754,-0.046
2755,0.024
2756,0.012
2757,-0.056
2758,-0.083
2759,-0.037
2760,-0.088
2761,-0.093
2762,-0.027
2763,-0.071
2764,-0.149
2765,-0.002
2766,-0.11
2767,-0.134
2768,-0.112
2769,0.054
2770,0.125
2771,-0.11
2772,-0.063
2773,-0.01
2774,0.027
2775,0.046
2776,-0.076
2777,-0.022
2778,-0.01
2779,0.105
2780,-0.02
2781,-0.054
2782,-0.076
2783,0.066
2784,-0.059
2785,0.056
2786,0.071
2787,0.017
2788,-0.027
2789,0.093
2790,0.027
2791,0.032
2792,-0.098
2793,0.051
2794,0.059
2795,-0.076
2796,-0.022
2797,-0.02
2798,0.0
2799,0.0
2800,-0.039
2801,-0.122
2802,-0.076
2803,-0.071
2804,-0.046
2805,0.029
2806,0.017
2807,-0.029
2808,0.029
2809,0.039
2810,-0.046
2811,-0.005
2812,0.1
2813,0.068
2814,-0.005
2815,-0.071
2816,-0.073
2817,-0.1
2818,-0.037
2819,0.039
2820,-0.056
2821,0.002
2822,-0.105
2823,-0.107
2824,0.012
2825,-0.063
2826,-0.01
2827,-0.042
2828,-0.073
2829,0.022
2830,0.027
2831,-0.042
2832,-0.012
2833,-0.063
2834,-0.005
2835,-0.022
2836,-0.088
2837,-0.005
2838,0.012
2839,-0.054
2840,-0.12
2841,-0.09
2842,-0.042
2843,0.029
2844,-0.156
2845,-0.107
2846,-0.032
2847,0.044
2848,-0.044
2849,-0.017
2850,-0.024
2851,0.059
2852,0.054
2853,-0.037
2854,0.088
2855,-0.017
2856,0.081
2857,0.012
2858,0.029
2859,0.12
2860,0.032
2861,0.122
2862,0.044
2863,-0.071
2864,0.01
2865,0.083
2866,-0.007
2867,0.002
2868,-0.024
2869,0.054
2870,-0.01
2871,-0.02
2872,0.002
2873,0.01
2874,0.071
2875,0.01
2876,0.095
2877,-0.032
2878,0.037
2879,0.083
2880,-0.105
2881,0.0
2882,0.012
2883,-0.049
2884,-0.044
2885,-0.107
2886,-0.059
2887,0.056
2888,-0.054
2889,-0.09
2890,0.073
2891,-0.024
2892,0.088
2893,0.046
2894,0.051
2895,0.032
2896,0.032
2897,-0.027
2898,-0.046
2899,0.005
2900,0.002
2901,-0.022
2902,-0.081
2903,-0.007
2904,-0.112
2905,0.034
2906,-0.01
2907,-0.015
2908,0.029
2909,0.01
2910,-0.037
2911,-0.02
2912,0.042
2913,-0.044
2914,0.024
2915,0.022
2916,0.024
2917,0.027
2918,-0.027
2919,0.024
2920,-0.02
2921,0.1
2922,0.095
2923,0.02
2924,0.005
2925,0.027
2926,0.154
2927,0.1
2928,-0.085
2929,0.073
2930,0.081
2931,0.037
2932,0.115
2933,0.005
2934,0.071
2935,0.1
2936,0.054
2937,0.063
2938,-0.078
2939,-0.11
2940,0.061
2941,-0.02
2942,-0.139
2943,-0.11
2944,-0.051
2945,0.032
2946,-0.122
2947,-0.085
2948,0.037
2949,0.01
2950,0.049
2951,-0.002
2952,0.015
2953,0.007
2954,0.0
2955,0.061
2956,0.005
2957,-0.007
2958,-0.042
2959,0.068
2960,0.002
2961,-0.049
2962,-0.071
2963,-0.066
2964,-0.037
2965,-0.088
2966,-0.073
2967,-0.002
2968,-0.078
2969,0.012
2970,-0.024
2971,0.002
2972,0.046
2973,-0.081
2974,0.0
2975,0.085
2976,-0.01
2977,0.034
2978,0.066
2979,0.127
2980,0.066
2981,-0.051
2982,0.007
2983,0.005
2984,-0.066
2985,0.039
2986,-0.039
2987,0.083
2988,-0.054
2989,0.073
2990,0.042
2991,-0.051
2992,0.049
2993,0.022
2994,-0.022
2995,0.005
2996,0.066
2997,0.037
2998,0.051
2999,-0.029
3000,0.115
3001,0.012
3002,-0.085
3003,-0.071
3004,0.071
3005,0.022
3006,-0.093
3007,-0.042
3008,-0.002
3009,-0.044
3010,-0.09
3011,0.029
3012,0.234
3013,0.063
3014,-0.054
3015,-0.046
3016,0.061
3017,0.017
3018,0.024
3019,-0.037
3020,-0.12
3021,-0.039
3022,0.0
3023,0.024
3024,-0.02
3025,-0.042
3026,0.076
3027,0.115
3028,0.002
3029,-0.056
3030,-0.027
3031,0.085
3032,-0.002
3033,-0.034
3034,0.02
3035,0.081
3036,0.056
3037,-0.005
3038,0.039
3039,0.054
3040,0.022
3041,0.073
3042,-0.032
3043,-0.071
3044,0.015
3045,-0.027
3046,-0.115
3047,-0.037
3048,0.071
3049,0.024
3050,0.024
3051,0.051
3052,0.122
3053,0.061
3054,0.139
3055,-0.044
3056,0.0
3057,-0.012
3058,-0.073
3059,0.024
3060,0.034
3061,0.042
3062,0.09
3063,-0.103
3064,-0.127
3065,-0.002
3066,-0.09
3067,-0.073
3068,-0.083
3069,-0.027
3070,0.093
3071,0.002
3072,0.056
3073,0.144
3074,0.081
3075,0.037
3076,0.095
3077,-0.061
3078,0.09
3079,-0.032
3080,-0.085
3081,-0.02
3082,-0.034
3083,0.017
3084,-0.029
3085,0.1
3086,0.063
3087,-0.122
3088,0.054
3089,0.032
3090,-0.125
3091,-0.054
3092,-0.005
3093,0.042
3094,-0.01
3095,-0.049
3096,0.034
3097,0.017
3098,0.061
3099,-0.037
3100,-0.007
3101,0.051
3102,0.098
3103,-0.022
3104,-0.012
3105,0.056
3106,0.015
3107,0.098
3108,0.044
3109,-0.054
3110,-0.054
3111,0.024
3112,0.088
3113,0.032
3114,0.059
3115,0.098
3116,0.071
3117,-0.015
3118,-0.037
3119,-0.068
3120,0.059
3121,-0.005
3122,-0.107
3123,-0.09
3124,-0.1
3125,-0.01
3126,-0.132
3127,-0.095
3128,-0.139
3129,-0.027
3130,0.12
3131,0.007
3132,0.0
3133,-0.073
3134,-0.032
3135,0.037
3136,0.054
3137,-0.059
3138,-0.034
3139,0.054
3140,-0.073
3141,-0.012
3142,0.002
3143,-0.007
3144,0.002
3145,0.054
3146,-0.056
3147,-0.125
3148,-0.112
3149,-0.051
3150,-0.032
3151,-0.012
3152,0.012
3153,0.002
3154,0.0
3155,0.107
3156,0.112
3157,0.015
3158,0.017
3159,0.005
3160,-0.073
3161,0.037
3162,0.088
3163,0.068
3164,-0.024
3165,-0.066
3166,-0.056
3167,-0.049
3168,-0.042
3169,-0.017
3170,-0.054
3171,-0.154
3172,-0.029
3173,0.117
3174,0.046
3175,0.005
3176,0.042
3177,0.037
3178,0.007
3179,-0.02
3180,0.049
3181,0.098
3182,-0.005
3183,0.037
3184,-0.061
3185,0.042
3186,-0.024
3187,0.039
3188,-0.066
3189,-0.1
3190,-0.054
3191,-0.09
3192,0.115
3193,0.027
3194,0.002
3195,0.095
3196,0.005
3197,0.11
3198,0.051
3199,0.037
3200,0.063
3201,0.029
3202,0.039
3203,-0.044
3204,0.051
3205,0.037
3206,-0.051
3207,-0.11
3208,-0.063
3209,-0.049
3210,-0.088
3211,0.032
3212,0.115
3213,-0.129
3214,-0.039
3215,0.039
3216,0.12
3217,-0.02
3218,-0.02
3219,0.088
3220,0.093
3221,0.076
3222,0.022
3223,-0.034
3224,0.029
3225,-0.015
3226,0.051
3227,-0.083
3228,-0.105
3229,-0.039
3230,-0.09
3231,0.037
3232,-0.005
3233,-0.125
3234,-0.049
3235,-0.032
3236,-0.11
3237,-0.037
3238,0.046
3239,-0.078
3240,0.037
3241,0.061
3242,0.015
3243,0.017
3244,0.0
3245,0.022
3246,-0.01
3247,-0.068
3248,-0.056
3249,0.017
3250,-0.042
3251,-0.002
3252,-0.059
3253,-0.061
3254,0.032
3255,0.0
3256,-0.032
3257,0.056
3258,0.093
3259,0.151
3260,0.078
3261,0.012
3262,0.103
3263,0.103
3264,0.02
3265,-0.071
3266,-0.042
3267,-0.037
3268,-0.027
3269,-0.01
3270,-0.137
3271,-0.103
3272,-0.017
3273,0.005
3274,-0.012
3275,-0.032
3276,-0.005
3277,0.02
3278,0.056
3279,0.0
3280,0.044
3281,0.068
3282,0.137
3283,0.051
3284,-0.017
3285,-0.01
3286,0.09
3287,0.066
3288,-0.002
3289,0.005
3290,-0.044
3291,0.027
3292,-0.02
3293,-0.046
3294,-0.056
3295,-0.063
3296,-0.081
3297,0.017
3298,0.056
3299,-0.017
3300,0.01
3301,0.068
3302,-0.034
3303,-0.022
3304,0.088
3305,0.017
3306,0.015
3307,-0.029
3308,-0.112
3309,-0.002
3310,-0.09
3311,-0.049
3312,-0.071
3313,-0.103
3314,0.005
3315,0.083
3316,-0.083
3317,0.007
3318,-0.024
3319,-0.051
3320,-0.005
3321,0.005
3322,-0.027
3323,0.01
3324,-0.032
3325,-0.056
3326,-0.071
3327,0.027
3328,-0.015
3329,-0.066
3330,-0.02
3331,0.044
3332,-0.088
3333,-0.054
3334,-0.027
3335,-0.078
3336,0.061
3337,0.115
3338,0.039
3339,-0.098
3340,-0.024
3341,0.112
3342,0.098
3343,-0.032
3344,-0.1
3345,0.054
3346,0.085
3347,-0.002
3348,-0.098
3349,0.015
3350,-0.037
3351,-0.032
3352,-0.098
3353,-0.083
3354,-0.107
3355,-0.024
3356,-0.007
3357,-0.039
3358,0.11
3359,0.049
3360,0.081
3361,0.083
3362,-0.017
3363,0.137
3364,0.022
3365,-0.063
3366,-0.073
3367,0.068
3368,0.093
3369,0.02
3370,-0.095
3371,0.01
3372,-0.09
3373,-0.061
3374,0.005
3375,0.056
3376,0.129
3377,0.034
3378,0.093
3379,0.146
3380,0.139
3381,0.002
3382,0.083
3383,0.005
3384,0.027
3385,-0.022
3386,0.039
3387,-0.02
3388,-0.085
3389,-0.022
3390,-0.088
3391,-0.12
3392,-0.193
3393,-0.178
3394,-0.073
3395,-0.081
3396,0.049
3397,-0.071
3398,0.046
3399,-0.032
3400,-0.117
3401,0.027
3402,0.007
3403,-0.015
3404,0.051
3405,-0.027
3406,-0.071
3407,-0.015
3408,-0.02
3409,-0.049
3410,-0.078
3411,-0.039
3412,-0.134
3413,-0.105
3414,-0.083
3415,-0.198
3416,-0.088
3417,-0.037
3418,-0.02
3419,-0.071
3420,-0.122
3421,-0.042
3422,0.007
3423,0.02
3424,0.076
3425,-0.015
3426,-0.029
3427,-0.066
3428,0.046
3429,-0.01
3430,-0.195
3431,-0.02
3432,0.0
3433,-0.027
3434,-0.027
3435,-0.132
3436,-0.037
3437,0.015
3438,-0.034
3439,-0.044
3440,0.005
3441,0.0
3442,-0.027
3443,0.012
3444,0.022
3445,0.056
3446,0.054
3447,0.042
3448,-0.039
3449,0.024
3450,0.007
3451,0.032
3452,0.0
3453,0.049
3454,0.151
3455,0.166
3456,0.039
3457,-0.203
3458,-0.056
3459,0.173
3460,0.037
3461,-0.032
3462,-0.037
3463,0.093
3464,0.09
3465,0.012
3466,-0.071
3467,0.071
3468,0.107
3469,0.061
3470,0.046
3471,0.012
3472,0.037
3473,-0.007
3474,-0.027
3475,-0.005
3476,-0.027
3477,0.149
3478,-0.002
3479,-0.044
3480,0.095
3481,-0.054
3482,-0.037
3483,-0.037
3484,0.103
3485,0.081
3486,0.046
3487,0.002
3488,-0.066
3489,-0.034
3490,0.005
3491,0.044
3492,0.007
3493,0.024
3494,0.066
3495,-0.017
3496,-0.029
3497,0.093
3498,0.022
3499,-0.083
3500,-0.083
3501,0.007
3502,0.085
3503,-0.015
3504,-0.049
3505,-0.022
3506,-0.037
3507,0.0
3508,-0.132
3509,0.0
3510,-0.059
3511,-0.09
3512,0.002
3513,-0.066
3514,-0.039
3515,-0.081
3516,0.044
3517,0.029
3518,-0.103
3519,0.007
3520,0.088
3521,-0.11
3522,-0.051
3523,-0.095
3524,0.066
3525,0.046
3526,-0.078
3527,0.059
3528,0.037
3529,-0.059
3530,0.059
3531,0.01
3532,-0.151
3533,-0.066
3534,-0.042
3535,0.015
3536,0.032
3537,0.054
3538,-0.027
3539,-0.061
3540,0.071
3541,0.017
3542,-0.085
3543,-0.034
3544,0.02
3545,0.081
3546,0.034
3547,0.012
3548,-0.002
3549,0.022
3550,0.037
3551,0.017
3552,-0.042
3553,0.039
3554,0.125
3555,0.098
3556,-0.051
3557,0.012
3558,0.063
3559,0.078
3560,0.09
3561,-0.024
3562,0.125
3563,0.046
3564,-0.015
3565,-0.032
3566,0.1
3567,0.12
3568,0.081
3569,0.09
3570,-0.088
3571,-0.051
3572,0.017
3573,0.034
3574,-0.076
3575,-0.042
3576,0.044
3577,-0.012
3578,0.029
3579,0.022
3580,-0.159
3581,-0.12
3582,-0.022
3583,-0.022
3584,0.015
3585,0.002
3586,-0.073
3587,-0.027
3588,-0.061
3589,-0.039
3590,-0.01
3591,0.015
3592,0.061
3593,0.032
3594,-0.081
3595,0.046
3596,0.027
3597,0.002
3598,0.056
3599,-0.061
3600,-0.027
3601,0.002
3602,0.015
3603,-0.112
3604,-0.103
3605,-0.017
3606,-0.061
3607,-0.095
3608,-0.129
3609,-0.139
3610,-0.139
3611,-0.044
3612,-0.093
3613,-0.051
3614,-0.171
3615,-0.12
3616,0.044
3617,-0.046
3618,0.01
3619,-0.042
3620,-0.063
3621,0.054
3622,0.007
3623,0.083
3624,-0.024
3625,-0.139
3626,-0.037
3627,-0.02
3628,-0.061
3629,-0.044
3630,0.049
3631,0.017
3632,-0.071
3633,-0.078
3634,-0.027
3635,0.046
3636,0.032
3637,0.005
3638,0.027
3639,0.188
3640,-0.02
3641,-0.095
3642,-0.073
3643,0.076
3644,0.144
3645,0.051
3646,-0.09
3647,0.027
3648,0.054
3649,0.022
3650,-0.032
3651,-0.1
3652,-0.024
3653,0.085
3654,0.071
3655,-0.098
3656,-0.093
3657,0.005
3658,-0.015
3659,-0.085
3660,0.002
3661,-0.039
3662,0.073
3663,0.005
3664,0.09
3665,0.132
3666,0.127
3667,0.107
3668,0.039
3669,-0.002
3670,-0.09
3671,-0.127
3672,-0.122
3673,-0.005
3674,0.049
3675,-0.063
3676,-0.093
3677,-0.134
3678,-0.176
3679,-0.068
3680,-0.063
3681,-0.105
3682,-0.059
3683,-0.005
3684,0.044
3685,-0.012
3686,0.0
3687,0.032
3688,0.02
3689,0.032
3690,-0.032
3691,0.029
3692,0.076
3693,0.022
3694,-0.002
3695,-0.068
3696,-0.081
3697,-0.073
3698,-0.1
3699,0.005
3700,-0.063
3701,-0.078
3702,0.073
3703,-0.085
3704,-0.107
3705,-0.007
3706,0.081
3707,0.122
3708,0.054
3709,-0.007
3710,0.083
3711,0.098
3712,0.085
3713,0.056
3714,-0.066
3715,0.107
3716,0.129
3717,-0.032
3718,0.002
3719,0.027
3720,-0.01
3721,0.029
3722,-0.117
3723,-0.029
3724,0.063
3725,-0.01
3726,0.017
3727,0.105
3728,0.127
3729,-0.059
3730,0.051
3731,0.159
3732,0.076
3733,0.12
3734,-0.049
3735,0.012
3736,-0.029
3737,-0.078
3738,-0.002
3739,0.024
3740,0.171
3741,0.173
3742,-0.093
3743,0.159
3744,0.134
3745,0.112
3746,0.066
3747,0.073
3748,-0.044
3749,0.012
3750,0.063
3751,-0.098
3752,0.054
3753,0.171
3754,-0.017
3755,-0.007
3756,-0.103
3757,-0.103
3758,-0.02
3759,0.042
3760,0.061
3761,-0.022
3762,0.056
3763,0.01
3764,-0.051
3765,0.078
3766,-0.022
3767,0.02
3768,-0.017
3769,-0.107
3770,0.029
3771,0.054
3772,-0.142
3773,0.012
3774,-0.044
3775,-0.11
3776,-0.042
3777,-0.115
3778,0.068
3779,-0.09
3780,0.088
3781,0.046
3782,-0.015
3783,0.071
3784,0.073
3785,0.049
3786,0.039
3787,0.042
3788,0.098
3789,0.151
3790,0.098
3791,0.093
3792,-0.042
3793,0.066
3794,0.056
3795,-0.098
3796,-0.066
3797,-0.112
3798,-0.098
3799,-0.029
3800,-0.063
3801,-0.068
3802,-0.049
3803,-0.093
3804,0.063
3805,-0.037
3806,-0.024
3807,0.122
3808,0.068
3809,0.068
3810,-0.017
3811,0.002
3812,0.164
3813,-0.002
3814,-0.007
3815,0.105
3816,0.007
3817,0.027
3818,0.024
3819,-0.132
3820,-0.063
3821,0.0
3822,0.002
3823,-0.059
3824,0.061
3825,0.19
3826,0.112
3827,0.134
3828,0.073
3829,0.093
3830,-0.042
3831,0.027
3832,0.039
3833,0.049
3834,0.137
3835,0.034
3836,-0.151
3837,-0.156
3838,-0.046
3839,-0.063
3840,-0.056
3841,-0.015
3842,-0.049
3843,-0.11
3844,-0.122
3845,-0.068
3846,0.115
3847,0.127
3848,-0.002
3849,-0.073
3850,0.012
3851,0.049
3852,0.017
3853,-0.02
3854,0.098
3855,0.146
3856,0.105
3857,-0.034
3858,-0.039
3859,0.032
3860,0.083
3861,0.066
3862,0.105
3863,0.044
3864,0.051
3865,0.112
3866,0.056
3867,0.117
3868,0.115
3869,0.061
3870,0.1
3871,0.085
3872,0.095
3873,0.02
3874,0.02
3875,0.051
3876,0.115
3877,0.027
3878,-0.054
3879,-0.063
3880,0.005
3881,0.071
3882,-0.007
3883,0.061
3884,0.063
3885,0.134
3886,0.044
3887,0.027
3888,-0.037
3889,0.039
3890,-0.02
3891,-0.056
3892,-0.034
3893,0.063
3894,-0.093
3895,0.039
3896,0.051
3897,-0.054
3898,0.017
3899,-0.076
3900,0.024
3901,0.159
3902,0.051
3903,0.005
3904,0.029
3905,0.076
3906,0.107
3907,0.039
3908,0.015
3909,0.032
3910,0.032
3911,0.066
3912,-0.034
3913,0.02
3914,-0.093
3915,-0.149
3916,-0.059
3917,-0.176
3918,-0.105
3919,-0.085
3920,0.046
3921,-0.061
3922,-0.049
3923,0.046
3924,0.02
3925,-0.073
3926,-0.042
3927,0.103
3928,0.005
3929,0.122
3930,0.022
3931,-0.007
3932,-0.01
3933,-0.029
3934,0.005
3935,-0.027
3936,-0.037
3937,-0.01
3938,0.005
3939,-0.046
3940,-0.046
3941,-0.034
3942,0.068
3943,-0.039
3944,-0.012
3945,0.039
3946,-0.049
3947,-0.059
3948,-0.017
3949,-0.027
3950,-0.015
3951,-0.022
3952,-0.066
3953,-0.071
3954,-0.044
3955,0.007
3956,-0.085
3957,-0.154
3958,-0.11
3959,-0.103
3960,-0.046
3961,-0.044
3962,-0.01
3963,0.005
3964,0.076
3965,-0.002
3966,-0.071
3967,0.017
3968,0.134
3969,0.051
3970,-0.032
3971,0.032
3972,0.02
3973,-0.042
3974,-0.012
3975,0.032
3976,-0.042
3977,-0.076
3978,0.015
3979,0.029
3980,-0.085
3981,0.005
3982,0.0
3983,-0.063
3984,-0.068
3985,0.044
3986,0.029
3987,-0.076
3988,-0.078
3989,0.039
3990,-0.02
3991,0.012
3992,-0.002
3993,0.051
3994,-0.054
3995,-0.005
3996,-0.076
3997,-0.146
3998,0.007
3999,-0.012
4000,-0.085
4001,-0.054
4002,-0.066
4003,-0.037
4004,-0.024
4005,-0.012
4006,-0.103
4007,-0.027
4008,0.073
4009,0.027
4010,-0.059
4011,-0.088
4012,-0.107
4013,-0.073
4014,-0.032
4015,-0.071
4016,-0.061
4017,-0.132
4018,-0.198
4019,-0.129
4020,-0.149
4021,-0.183
4022,-0.068
4023,-0.117
4024,-0.024
4025,0.098
4026,-0.076
4027,0.005
4028,0.022
4029,-0.076
4030,-0.081
4031,-0.073
4032,-0.042
4033,-0.068
4034,-0.039
4035,-0.056
4036,-0.066
4037,-0.139
4038,-0.103
4039,-0.112
4040,-0.103
4041,-0.027
4042,-0.093
4043,-0.005
4044,-0.022
4045,-0.071
4046,0.051
4047,0.037
4048,0.032
4049,0.071
4050,0.027
4051,0.1
4052,0.09
4053,-0.02
4054,0.037
4055,0.02
4056,-0.073
4057,-0.054
4058,-0.081
4059,-0.012
4060,-0.017
4061,-0.134
4062,0.017
4063,-0.022
4064,-0.149
4065,-0.103
4066,-0.1
4067,-0.012
4068,0.122
4069,-0.085
4070,-0.093
4071,0.039
4072,0.068
4073,0.054
4074,-0.024
4075,-0.002
4076,0.051
4077,-0.059
4078,-0.132
4079,-0.178
4080,0.0
4081,0.017
4082,-0.164
4083,-0.134
4084,0.056
4085,-0.078
4086,-0.046
4087,0.015
4088,0.029
4089,-0.046
4090,0.032
4091,-0.044
4092,0.027
4093,0.049
4094,-0.01
4095,0.007
4096,0.017
4097,-0.105
4098,-0.1
4099,-0.095
4100,-0.12
4101,-0.095
4102,-0.002
4103,-0.076
4104,-0.146
4105,-0.093
4106,-0.051
4107,-0.063
4108,-0.103
4109,0.027
4110,0.01
4111,-0.012
4112,-0.015
4113,-0.051
4114,-0.017
4115,0.042
4116,-0.012
4117,0.01
4118,-0.027
4119,-0.095
4120,0.022
4121,0.015
4122,-0.112
4123,-0.061
4124,-0.085
4125,-0.098
4126,-0.029
4127,-0.029
4128,-0.015
4129,0.017
4130,-0.01
4131,0.032
4132,0.146
4133,0.061
4134,-0.01
4135,0.129
4136,0.024
4137,-0.005
4138,-0.017
4139,-0.002
4140,0.105
4141,0.029
4142,-0.017
4143,-0.007
4144,0.005
4145,0.02
4146,0.007
4147,-0.027
4148,0.017
4149,0.022
4150,0.017
4151,0.034
4152,0.056
4153,0.11
4154,0.029
4155,0.061
4156,0.037
4157,-0.054
4158,0.024
4159,0.061
4160,0.042
4161,-0.027
4162,-0.01
4163,-0.01
4164,0.01
4165,-0.005
4166,0.02
4167,0.022
4168,0.034
4169,-0.027
4170,0.015
4171,-0.027
4172,0.073
4173,-0.024
4174,0.015
4175,0.095
4176,0.027
4177,-0.024
4178,-0.066
4179,0.056
4180,0.083
4181,-0.032
4182,-0.042
4183,0.002
4184,0.088
4185,-0.005
4186,0.02
4187,-0.071
4188,0.017
4189,0.105
4190,-0.002
4191,-0.002
4192,0.0
4193,-0.012
4194,0.029
4195,0.054
4196,0.076
4197,-0.11
4198,-0.063
4199,0.007
4200,-0.049
4201,-0.076
4202,-0.1
4203,0.007
4204,-0.049
4205,-0.063
4206,-0.032
4207,0.056
4208,0.01
4209,-0.022
4210,-0.042
4211,-0.022
4212,0.056
4213,0.044
4214,-0.044
4215,-0.02
4216,-0.076
4217,0.029
4218,0.1
4219,-0.02
4220,-0.037
4221,-0.056
4222,0.024
4223,-0.093
4224,-0.081
4225,0.051
4226,0.039
4227,0.09
4228,0.032
4229,0.029
4230,0.103
4231,0.063
4232,0.066
4233,0.02
4234,0.088
4235,0.176
4236,0.161
4237,-0.046
4238,-0.051
4239,0.103
4240,-0.017
4241,-0.098
4242,-0.073
4243,-0.032
4244,-0.054
4245,-0.083
4246,0.0
4247,-0.012
4248,-0.051
4249,0.066
4250,0.068
4251,0.095
4252,0.063
4253,-0.017
4254,0.054
4255,0.081
4256,0.015
4257,0.071
4258,0.0
4259,0.056
4260,-0.068
4261,0.029
4262,0.015
4263,-0.017
4264,0.037
4265,-0.076
4266,0.044
4267,0.02
4268,0.115
4269,0.11
4270,0.161
4271,0.173
4272,0.081
4273,-0.042
4274,0.149
4275,0.1
4276,-0.022
4277,0.068
4278,-0.032
4279,-0.034
4280,-0.051
4281,-0.044
4282,-0.085
4283,-0.063
4284,-0.066
4285,-0.127
4286,-0.027
4287,0.0
4288,-0.005
4289,0.022
4290,-0.034
4291,0.061
4292,0.012
4293,0.056
4294,0.029
4295,-0.034
4296,-0.039
4297,-0.015
4298,-0.071
4299,0.046
4300,0.12
4301,-0.063
4302,-0.183
4303,-0.051
4304,0.088
4305,-0.024
4306,-0.115
4307,0.029
4308,-0.12
4309,-0.032
4310,0.12
4311,-0.059
4312,0.085
4313,0.09
4314,0.046
4315,0.164
4316,0.093
4317,-0.017
4318,-0.051
4319,-0.015
4320,0.037
4321,0.081
4322,-0.071
4323,-0.022
4324,-0.027
4325,0.02
4326,-0.034
4327,-0.061
4328,0.073
4329,0.029
4330,0.044
4331,0.11
4332,0.159
4333,0.132
4334,0.076
4335,0.081
4336,0.078
4337,0.022
4338,0.056
4339,0.125
4340,-0.037
4341,-0.012
4342,0.024
4343,-0.034
4344,-0.02
4345,-0.002
4346,0.002
4347,0.068
4348,-0.022
4349,-0.007
4350,0.085
4351,0.037
4352,0.081
4353,0.027
4354,0.029
4355,0.068
4356,-0.044
4357,0.122
4358,0.071
4359,-0.046
4360,0.132
4361,-0.005
4362,-0.049
4363,-0.066
4364,-0.088
4365,-0.078
4366,0.02
4367,-0.054
4368,-0.093
4369,-0.117
4370,-0.029
4371,-0.012
4372,-0.02
4373,-0.022
4374,0.042
4375,0.068
4376,0.029
4377,0.081
4378,-0.054
4379,-0.032
4380,-0.107
4381,0.0
4382,-0.081
4383,-0.093
4384,0.037
4385,0.002
4386,-0.127
4387,-0.037
4388,-0.024
4389,-0.022
4390,0.01
4391,0.015
4392,0.129
4393,-0.029
4394,0.107
4395,0.154
4396,-0.039
4397,0.12
4398,0.061
4399,0.098
4400,0.054
4401,-0.071
4402,0.039
4403,-0.068
4404,-0.01
4405,-0.046
4406,-0.063
4407,-0.059
4408,-0.037
4409,-0.032
4410,-0.063
4411,-0.173
4412,0.027
4413,0.127
4414,0.11
4415,-0.022
4416,0.032
4417,0.127
4418,0.017
4419,0.066
4420,0.054
4421,0.027
4422,0.073
4423,0.002
4424,-0.059
4425,0.093
4426,0.027
4427,-0.005
4428,0.01
4429,-0.061
4430,0.063
4431,0.168
4432,-0.027
4433,-0.039
4434,0.164
4435,0.034
4436,0.176
4437,-0.007
4438,0.063
4439,0.112
4440,0.049
4441,-0.015
4442,-0.012
4443,0.112
4444,0.19
4445,0.076
4446,-0.134
4447,-0.12
4448,-0.032
4449,-0.034
4450,0.0
4451,-0.049
4452,0.044
4453,0.034
4454,-0.093
4455,-0.012
4456,-0.078
4457,0.061
4458,0.203
4459,0.103
4460,0.012
4461,0.076
4462,-0.01
4463,0.005
4464,-0.027
4465,0.051
4466,-0.078
4467,-0.01
4468,0.068
4469,-0.088
4470,0.046
4471,-0.078
4472,-0.01
4473,0.068
4474,-0.059
4475,0.012
4476,0.09
4477,-0.042
4478,0.085
4479,-0.002
4480,-0.037
4481,-0.027
4482,-0.085
4483,-0.061
4484,-0.037
4485,-0.005
4486,-0.095
4487,-0.032
4488,-0.098
4489,-0.02
4490,0.056
4491,-0.032
4492,-0.049
4493,-0.071
4494,0.039
4495,0.049
4496,-0.063
4497,0.02
4498,-0.046
4499,0.09
4500,0.044
4501,-0.044
4502,-0.012
4503,-0.066
4504,-0.078
4505,0.056
4506,0.073
4507,0.007
4508,-0.071
4509,0.012
4510,0.054
4511,-0.083
4512,0.054
4513,0.027
4514,0.085
4515,-0.081
4516,-0.059
4517,0.188
4518,0.059
4519,-0.068
4520,-0.098
4521,0.054
4522,0.105
4523,-0.093
4524,-0.049
4525,-0.103
4526,-0.078
4527,-0.107
4528,-0.029
4529,-0.066
4530,0.015
4531,-0.02
4532,0.149
4533,0.027
4534,0.007
4535,0.059
4536,0.046
4537,0.066
4538,-0.02
4539,-0.061
4540,0.012
4541,0.005
4542,-0.044
4543,0.024
4544,-0.115
4545,-0.154
4546,-0.208
4547,0.039
4548,-0.054
4549,0.034
4550,0.195
4551,0.085
4552,0.049
4553,-0.042
4554,0.156
4555,0.266
4556,0.046
4557,0.007
4558,0.059
4559,-0.049
4560,0.093
4561,-0.002
4562,-0.034
4563,0.029
4564,-0.012
4565,-0.015
4566,-0.154
4567,-0.078
4568,0.078
4569,-0.105
4570,-0.261
4571,-0.122
4572,-0.049
4573,-0.168
4574,-0.066
4575,-0.063
4576,0.144
4577,0.032
4578,0.0
4579,0.029
4580,-0.029
4581,0.076
4582,0.007
4583,-0.049
4584,-0.061
4585,-0.017
4586,-0.02
4587,-0.068
4588,-0.054
4589,0.042
4590,-0.007
4591,-0.068
4592,-0.042
4593,0.088
4594,0.068
4595,0.046
4596,-0.051
4597,0.044
4598,0.061
4599,0.068
4600,-0.054
4601,-0.071
4602,-0.078
4603,0.068
4604,0.012
4605,0.002
4606,0.093
4607,-0.063
4608,-0.024
4609,0.01
4610,0.017
4611,0.09
4612,0.078
4613,-0.054
4614,0.039
4615,0.005
4616,0.022
4617,0.081
4618,-0.051
4619,0.081
4620,0.017
4621,-0.012
4622,-0.032
4623,-0.012
4624,0.017
4625,-0.037
4626,-0.095
4627,0.01
4628,0.022
4629,-0.012
4630,0.032
4631,-0.063
4632,-0.029
4633,0.01
4634,0.002
4635,0.01
4636,-0.02
4637,-0.002
4638,-0.125
4639,-0.146
4640,-0.007
4641,-0.051
4642,-0.103
4643,-0.081
4644,-0.085
4645,-0.068
4646,-0.073
4647,-0.107
4648,-0.049
4649,-0.002
4650,0.029
4651,-0.11
4652,-0.085
4653,-0.088
4654,-0.02
4655,-0.049
4656,-0.049
4657,0.027
4658,-0.054
4659,0.02
4660,-0.037
4661,-0.205
4662,0.056
4663,0.061
4664,-0.024
4665,-0.144
4666,-0.085
4667,-0.015
4668,0.063
4669,-0.076
4670,-0.005
4671,0.0
4672,0.149
4673,0.107
4674,0.012
4675,0.059
4676,0.056
4677,0.156
4678,0.095
4679,-0.056
4680,-0.024
4681,0.037
4682,0.071
4683,0.042
4684,-0.093
4685,-0.134
4686,0.208
4687,0.015
4688,-0.083
4689,-0.032
4690,0.017
4691,0.032
4692,-0.059
4693,-0.107
4694,0.078
4695,-0.051
4696,0.051
4697,0.02
4698,-0.037
4699,0.039
4700,0.039
4701,0.002
4702,0.049
4703,-0.09
4704,-0.022
4705,0.017
4706,-0.166
4707,-0.085
4708,-0.09
4709,-0.054
4710,0.0
4711,-0.085
4712,-0.046
4713,0.046
4714,-0.049
4715,-0.039
4716,0.056
4717,0.061
4718,0.1
4719,0.044
4720,0.103
4721,0.142
4722,0.076
4723,0.129
4724,-0.005
4725,0.015
4726,-0.066
4727,0.071
4728,-0.063
4729,-0.12
4730,0.12
4731,-0.112
4732,-0.259
4733,-0.183
4734,-0.01
4735,0.149
4736,0.049
4737,-0.093
4738,0.015
4739,0.09
4740,-0.1
4741,-0.056
4742,-0.186
4743,-0.078
4744,0.056
4745,0.078
4746,0.017
4747,-0.09
4748,-0.168
4749,0.076
4750,0.081
4751,-0.122
4752,-0.032
4753,-0.02
4754,0.107
4755,0.073
4756,0.073
4757,-0.017
4758,0.115
4759,0.181
4760,0.042
4761,0.02
4762,-0.037
4763,0.054
4764,0.007
4765,-0.076
4766,-0.032
4767,-0.056
4768,-0.044
4769,0.007
4770,-0.159
4771,-0.11
4772,-0.02
4773,-0.051
4774,-0.012
4775,-0.012
4776,0.01
4777,0.134
4778,0.081
4779,0.046
4780,-0.015
4781,-0.005
4782,0.054
4783,-0.076
4784,0.017
4785,0.032
4786,-0.083
4787,-0.051
4788,-0.024
4789,0.061
4790,0.044
4791,0.01
4792,0.042
4793,-0.125
4794,-0.066
4795,0.042
4796,0.085
4797,0.061
4798,0.073
4799,-0.002
4800,0.103
4801,0.054
4802,-0.044
4803,-0.044
4804,-0.02
4805,-0.042
4806,0.01
4807,-0.051
4808,-0.054
4809,-0.049
4810,-0.061
4811,-0.195
4812,-0.071
4813,-0.085
4814,-0.081
4815,-0.054
4816,0.054
4817,0.029
4818,0.007
4819,-0.056
4820,0.098
4821,0.061
4822,-0.042
4823,-0.088
4824,-0.122
4825,0.107
4826,0.188
4827,-0.037
4828,-0.139
4829,-0.024
4830,-0.005
4831,0.024
4832,-0.056
4833,-0.063
4834,0.137
4835,0.02
4836,0.073
4837,0.046
4838,0.049
4839,0.076
4840,0.032
4841,0.085
4842,-0.049
4843,0.01
4844,0.1
4845,0.015
4846,0.11
4847,0.032
4848,-0.098
4849,0.032
4850,-0.034
4851,-0.007
4852,0.061
4853,0.002
4854,0.029
4855,-0.063
4856,-0.137
4857,0.029
4858,0.149
4859,-0.017
4860,0.1
4861,-0.02
4862,-0.127
4863,0.044
4864,-0.034
4865,0.11
4866,-0.02
4867,0.007
4868,0.068
4869,0.046
4870,-0.105
4871,-0.083
4872,-0.037
4873,0.015
4874,-0.085
4875,-0.029
4876,0.044
4877,-0.032
4878,0.117
4879,0.085
4880,-0.015
4881,-0.044
4882,-0.012
4883,0.034
4884,-0.005
4885,0.02
4886,0.015
4887,0.012
4888,-0.012
4889,-0.042
4890,-0.037
4891,0.024
4892,-0.059
4893,0.015
4894,0.007
4895,-0.029
4896,0.063
4897,-0.078
4898,-0.068
4899,0.01
4900,-0.034
4901,-0.039
4902,-0.024
4903,0.002
4904,0.034
4905,0.049
4906,0.0
4907,-0.132
4908,-0.178
4909,-0.01
4910,0.01
4911,0.017
4912,-0.02
4913,0.02
4914,0.076
4915,0.056
4916,0.046
4917,0.01
4918,0.059
4919,0.017
4920,-0.051
4921,-0.017
4922,-0.049
4923,0.059
4924,-0.015
4925,0.015
4926,0.022
4927,0.049
4928,-0.042
4929,-0.134
4930,-0.078
4931,0.042
4932,0.059
4933,-0.11
4934,-0.083
4935,-0.037
4936,-0.056
4937,0.071
4938,-0.015
4939,0.032
4940,0.083
4941,0.037
4942,-0.007
4943,-0.046
4944,0.103
4945,0.029
4946,-0.078
4947,-0.002
4948,0.095
4949,0.017
4950,0.015
4951,-0.066
4952,0.0
4953,-0.029
4954,-0.024
4955,-0.007
4956,-0.078
4957,-0.032
4958,0.076
4959,-0.005
4960,-0.085
4961,0.027
4962,0.11
4963,0.103
4964,-0.002
4965,-0.063
4966,-0.051
4967,-0.063
4968,0.071
4969,0.024
4970,-0.005
4971,-0.1
4972,-0.071
4973,-0.059
4974,-0.015
4975,-0.073
4976,-0.068
4977,-0.046
4978,-0.027
4979,-0.027
4980,0.046
4981,0.081
4982,0.007
4983,-0.034
4984,0.056
4985,0.1
4986,0.039
4987,-0.022
4988,-0.007
4989,0.01
4990,-0.063
4991,-0.083
4992,-0.073
4993,-0.173
4994,-0.034
4995,0.054
4996,-0.071
4997,-0.015
4998,-0.002
4999,0.12
5000,0.005
5001,0.049
5002,-0.017
5003,0.105
5004,0.073
5005,-0.037
5006,-0.059
5007,0.039
5008,0.088
5009,0.012
5010,-0.002
5011,0.0
5012,0.103
5013,0.017
5014,0.059
5015,0.046
5016,-0.007
5017,0.071
5018,0.132
5019,0.01
5020,0.032
5021,0.12
5022,0.059
5023,0.095
5024,0.017
5025,0.042
5026,0.0
5027,-0.002
5028,0.081
5029,0.068
5030,0.134
5031,-0.002
5032,0.039
5033,-0.027
5034,-0.137
5035,-0.083
5036,-0.005
5037,-0.007
5038,-0.012
5039,-0.039
5040,0.098
5041,0.024
5042,-0.122
5043,0.049
5044,0.103
5045,0.176
5046,0.054
5047,0.061
5048,0.061
5049,-0.056
5050,-0.046
5051,-0.173
5052,-0.103
5053,-0.022
5054,-0.059
5055,0.037
5056,0.027
5057,-0.12
5058,-0.049
5059,0.042
5060,-0.02
5061,0.046
5062,-0.059
5063,-0.103
5064,0.007
5065,-0.063
5066,-0.125
5067,-0.137
5068,-0.083
5069,0.005
5070,-0.032
5071,-0.022
5072,-0.061
5073,-0.161
5074,-0.044
5075,0.017
5076,-0.037
5077,-0.01
5078,0.039
5079,-0.037
5080,-0.027
5081,-0.032
5082,0.056
5083,0.054
5084,0.024
5085,0.095
5086,0.054
5087,-0.01
5088,0.059
5089,0.027
5090,-0.012
5091,-0.129
5092,-0.002
5093,0.042
5094,-0.122
5095,-0.144
5096,0.029
5097,-0.022
5098,-0.002
5099,-0.098
5100,-0.081
5101,0.037
5102,-0.029
5103,-0.012
5104,0.01
5105,0.0
5106,0.063
5107,0.071
5108,-0.076
5109,-0.034
5110,0.139
5111,0.085
5112,0.024
5113,0.02
5114,-0.012
5115,-0.046
5116,0.11
5117,-0.012
5118,0.066
5119,-0.054
5120,0.105
5121,0.239
5122,0.042
5123,0.066
5124,0.083
5125,0.09
5126,0.19
5127,0.073
5128,-0.051
5129,-0.005
5130,0.071
5131,0.093
5132,0.051
5133,-0.088
5134,-0.027
5135,-0.085
5136,0.076
5137,-0.046
5138,-0.063
5139,0.178
5140,0.054
5141,-0.027
5142,-0.032
5143,0.017
5144,0.046
5145,0.002
5146,-0.022
5147,-0.027
5148,-0.081
5149,-0.046
5150,-0.066
5151,0.073
5152,0.007
5153,-0.046
5154,-0.029
5155,-0.19
5156,-0.105
5157,-0.078
5158,-0.017
5159,-0.005
5160,-0.024
5161,-0.017
5162,0.042
5163,0.137
5164,-0.015
5165,0.085
5166,0.071
5167,0.015
5168,0.107
5169,-0.034
5170,0.071
5171,-0.049
5172,-0.032
5173,-0.042
5174,-0.088
5175,0.015
5176,-0.083
5177,-0.127
5178,-0.01
5179,0.007
5180,0.007
5181,0.059
5182,0.0
5183,-0.059
5184,-0.054
5185,-0.059
5186,-0.081
5187,-0.039
5188,-0.049
5189,-0.027
5190,-0.024
5191,-0.022
5192,0.012
5193,0.017
5194,-0.105
5195,-0.024
5196,0.034
5197,0.061
5198,-0.007
5199,0.107
5200,0.088
5201,0.015
5202,0.125
5203,0.1
5204,0.049
5205,0.088
5206,0.105
5207,0.037
5208,0.063
5209,-0.005
5210,0.002
5211,-0.002
5212,0.061
5213,-0.024
5214,-0.085
5215,-0.044
5216,-0.032
5217,-0.032
5218,-0.078
5219,-0.029
5220,0.0
5221,-0.078
5222,0.046
5223,0.032
5224,-0.012
5225,0.088
5226,-0.054
5227,0.044
5228,0.042
5229,0.051
5230,-0.005
5231,-0.066
5232,0.002
5233,-0.042
5234,0.022
5235,-0.034
5236,-0.066
5237,0.01
5238,-0.039
5239,0.012
5240,-0.005
5241,-0.105
5242,-0.02
5243,0.098
5244,-0.002
5245,-0.017
5246,0.034
5247,-0.002
5248,-0.039
5249,-0.059
5250,-0.029
5251,-0.042
5252,-0.054
5253,-0.046
5254,-0.076
5255,-0.083
5256,-0.056
5257,-0.01
5258,0.022
5259,-0.007
5260,-0.005
5261,0.022
5262,-0.024
5263,0.032
5264,0.027
5265,0.098
5266,0.061
5267,0.088
5268,0.098
5269,0.051
5270,0.112
5271,0.024
5272,-0.09
5273,-0.051
5274,0.068
5275,-0.044
5276,0.007
5277,-0.005
5278,-0.005
5279,-0.002
5280,0.007
5281,0.007
5282,-0.005
5283,0.044
5284,0.037
5285,0.051
5286,0.046
5287,-0.061
5288,0.049
5289,0.073
5290,-0.115
5291,-0.09
5292,0.015
5293,0.034
5294,0.093
5295,0.049
5296,0.051
5297,0.01
5298,-0.02
5299,-0.002
5300,0.144
5301,0.127
5302,0.166
5303,0.122
5304,0.066
5305,0.12
5306,0.071
5307,0.088
5308,0.088
5309,0.222
5310,0.149
5311,-0.059
5312,0.034
5313,-0.012
5314,0.024
5315,0.039
5316,-0.01
5317,0.046
5318,-0.078
5319,-0.076
5320,0.002
5321,-0.029
5322,-0.054
5323,-0.046
5324,-0.071
5325,0.029
5326,0.039
5327,-0.049
5328,0.037
5329,-0.01
5330,0.017
5331,-0.044
5332,0.022
5333,0.015
5334,-0.076
5335,-0.083
5336,-0.103
5337,-0.122
5338,-0.02
5339,0.007
5340,-0.093
5341,-0.085
5342,-0.068
5343,-0.1
5344,-0.154
5345,0.034
5346,0.005
5347,-0.076
5348,0.049
5349,0.007
5350,-0.032
5351,-0.017
5352,0.007
5353,-0.049
5354,-0.017
5355,-0.09
5356,-0.105
5357,-0.029
5358,0.015
5359,-0.11
5360,-0.042
5361,-0.034
5362,0.002
5363,-0.1
5364,-0.151
5365,0.007
5366,-0.01
5367,0.073
5368,0.007
5369,-0.012
5370,0.027
5371,0.044
5372,0.1
5373,0.081
5374,0.049
5375,-0.005
5376,0.063
5377,0.088
5378,-0.012
5379,-0.039
5380,0.078
5381,0.063
5382,0.039
5383,0.039
5384,0.059
5385,0.117
5386,0.051
5387,0.034
5388,0.034
5389,0.063
5390,-0.012
5391,0.027
5392,-0.005
5393,0.056
5394,-0.015
5395,-0.078
5396,0.02
5397,-0.056
5398,-0.051
5399,-0.107
5400,-0.068
5401,-0.049
5402,-0.068
5403,-0.049
5404,-0.151
5405,-0.034
5406,0.056
5407,0.012
5408,0.017
5409,-0.132
5410,-0.005
5411,0.061
5412,0.037
5413,0.083
5414,0.032
5415,0.076
5416,0.059
5417,0.049
5418,-0.083
5419,-0.051
5420,-0.09
5421,-0.012
5422,0.034
5423,-0.012
5424,-0.01
5425,0.002
5426,0.125
5427,-0.051
5428,-0.042
5429,0.125
5430,0.071
5431,-0.029
5432,0.029
5433,0.017
5434,0.037
5435,0.088
5436,-0.005
5437,0.002
5438,-0.073
5439,-0.039
5440,0.051
5441,-0.012
5442,0.032
5443,-0.076
5444,-0.054
5445,0.142
5446,-0.015
5447,-0.186
5448,0.054
5449,0.0
5450,-0.01
5451,-0.02
5452,-0.02
5453,0.137
5454,0.085
5455,-0.049
5456,0.063
5457,-0.046
5458,0.002
5459,-0.017
5460,-0.073
5461,0.103
5462,-0.071
5463,-0.015
5464,-0.1
5465,-0.122
5466,-0.085
5467,-0.032
5468,0.027
5469,0.049
5470,-0.139
5471,0.076
5472,0.037
5473,-0.017
5474,0.017
5475,0.012
5476,0.044
5477,-0.017
5478,-0.083
5479,-0.022
5480,-0.015
5481,-0.034
5482,-0.039
5483,-0.039
5484,0.078
5485,0.012
5486,0.034
5487,0.049
5488,0.022
5489,0.076
5490,0.059
5491,0.034
5492,0.132
5493,0.044
5494,0.088
5495,-0.11
5496,-0.11
5497,0.049
5498,0.005
5499,-0.02
5500,-0.01
5501,-0.022
5502,0.044
5503,-0.037
5504,-0.073
5505,-0.046
5506,0.056
5507,0.022
5508,-0.061
5509,0.0
5510,0.049
5511,-0.051
5512,-0.029
5513,-0.066
5514,-0.103
5515,-0.09
5516,-0.117
5517,-0.083
5518,-0.083
5519,-0.046
5520,-0.015
5521,-0.1
5522,-0.112
5523,0.068
5524,-0.142
5525,-0.154
5526,0.0
5527,0.059
5528,0.042
5529,-0.042
5530,-0.032
5531,0.059
5532,0.032
5533,0.012
5534,-0.027
5535,-0.027
5536,0.005
5537,0.046
5538,-0.037
5539,-0.09
5540,-0.044
5541,0.0
5542,-0.027
5543,-0.044
5544,-0.068
5545,-0.034
5546,-0.056
5547,0.002
5548,-0.012
5549,0.0
5550,0.088
5551,-0.056
5552,-0.056
5553,0.012
5554,-0.032
5555,0.117
5556,0.007
5557,-0.032
5558,0.012
5559,0.083
5560,0.093
5561,0.034
5562,-0.02
5563,-0.022
5564,0.015
5565,0.063
5566,0.12
5567,0.083
5568,0.073
5569,0.032
5570,0.024
5571,-0.022
5572,0.029
5573,-0.034
5574,-0.029
5575,-0.046
5576,-0.107
5577,-0.024
5578,-0.063
5579,-0.022
5580,-0.046
5581,-0.171
5582,-0.125
5583,-0.044
5584,-0.1
5585,-0.127
5586,-0.078
5587,0.024
5588,0.015
5589,-0.037
5590,0.044
5591,-0.054
5592,-0.002
5593,0.002
5594,0.044
5595,-0.073
5596,-0.039
5597,-0.046
5598,-0.103
5599,-0.054
5600,-0.063
5601,-0.142
5602,-0.066
5603,-0.007
5604,0.046
5605,-0.046
5606,-0.039
5607,-0.017
5608,-0.066
5609,0.0
5610,0.059
5611,-0.02
5612,0.046
5613,-0.024
5614,-0.146
5615,-0.024
5616,0.002
5617,0.02
5618,-0.027
5619,-0.088
5620,-0.083
5621,-0.144
5622,-0.044
5623,0.02
5624,-0.054
5625,-0.01
5626,-0.051
5627,0.012
5628,0.02
5629,-0.037
5630,-0.002
5631,0.059
5632,0.115
5633,0.015
5634,-0.017
5635,0.127
5636,0.122
5637,0.046
5638,0.061
5639,0.115
5640,0.024
5641,-0.129
5642,-0.002
5643,-0.073
5644,-0.051
5645,-0.1
5646,0.059
5647,-0.125
5648,0.029
5649,0.037
5650,-0.039
5651,0.01
5652,0.002
5653,-0.044
5654,0.073
5655,-0.002
5656,-0.093
5657,0.042
5658,0.056
5659,0.107
5660,0.046
5661,-0.037
5662,-0.012
5663,0.02
5664,0.095
5665,0.024
5666,-0.073
5667,0.024
5668,-0.071
5669,-0.073
5670,-0.005
5671,-0.107
5672,-0.093
5673,0.022
5674,-0.02
5675,0.017
5676,0.012
5677,0.1
5678,0.005
5679,-0.015
5680,0.002
5681,-0.12
5682,-0.083
5683,-0.007
5684,-0.029
5685,-0.063
5686,-0.012
5687,-0.073
5688,-0.046
5689,-0.029
5690,0.007
5691,-0.015
5692,0.056
5693,-0.054
5694,-0.002
5695,-0.012
5696,0.012
5697,-0.01
5698,-0.01
5699,0.054
5700,-0.024
5701,-0.042
5702,0.0
5703,-0.071
5704,-0.042
5705,-0.022
5706,-0.02
5707,-0.046
5708,-0.012
5709,-0.056
5710,-0.083
5711,0.059
5712,0.029
5713,0.046
5714,0.027
5715,0.09
5716,0.032
5717,0.046
5718,0.107
5719,0.073
5720,0.095
5721,-0.059
5722,0.027
5723,0.0
5724,-0.076
5725,0.0
5726,-0.02
5727,0.037
5728,0.073
5729,0.039
5730,0.066
5731,0.012
5732,0.125
5733,0.063
5734,-0.078
5735,0.068
5736,0.068
5737,-0.051
5738,0.083
5739,-0.066
5740,0.024
5741,0.034
5742,-0.049
5743,-0.007
5744,-0.027
5745,-0.017
5746,0.125
5747,0.056
5748,0.02
5749,-0.068
5750,-0.032
5751,-0.044
5752,-0.056
5753,0.015
5754,0.068
5755,0.083
5756,0.193
5757,0.042
5758,-0.015
5759,0.059
5760,0.078
5761,0.076
5762,-0.083
5763,0.034
5764,0.073
5765,-0.042
5766,-0.081
5767,0.034
5768,-0.005
5769,-0.037
5770,-0.127
5771,-0.029
5772,-0.088
5773,-0.029
5774,-0.034
5775,-0.015
5776,0.071
5777,-0.044
5778,-0.034
5779,0.037
5780,0.061
5781,0.024
5782,0.029
5783,-0.022
5784,-0.1
5785,-0.032
5786,-0.007
5787,-0.012
5788,-0.085
5789,0.046
5790,-0.007
5791,-0.1
5792,-0.022
5793,-0.076
5794,0.015
5795,0.007
5796,0.034
5797,0.022
5798,-0.034
5799,0.073
5800,0.083
5801,0.068
5802,0.068
5803,0.007
5804,0.044
5805,0.095
5806,0.044
5807,0.0
5808,-0.007
5809,0.083
5810,0.142
5811,0.063
5812,0.056
5813,0.107
5814,0.132
5815,0.154
5816,0.137
5817,0.0
5818,0.027
5819,-0.015
5820,-0.156
5821,-0.02
5822,0.015
5823,0.01
5824,0.115
5825,0.024
5826,0.073
5827,0.002
5828,-0.125
5829,0.0
5830,-0.015
5831,-0.039
5832,0.068
5833,0.156
5834,0.049
5835,-0.002
5836,-0.103
5837,0.002
5838,0.037
5839,-0.007
5840,0.078
5841,-0.049
5842,-0.059
5843,0.0
5844,-0.022
5845,-0.029
5846,-0.088
5847,0.049
5848,0.005
5849,-0.061
5850,0.002
5851,-0.005
5852,-0.042
5853,-0.032
5854,-0.037
5855,0.017
5856,0.046
5857,0.01
5858,0.024
5859,0.0
5860,0.012
5861,-0.034
5862,0.015
5863,-0.015
5864,-0.044
5865,-0.002
5866,0.01
5867,-0.022
5868,-0.068
5869,-0.095
5870,0.02
5871,0.034
5872,-0.063
5873,0.015
5874,0.071
5875,0.022
5876,0.024
5877,-0.002
5878,0.078
5879,0.059
5880,-0.005
5881,0.103
5882,0.017
5883,-0.002
5884,-0.027
5885,-0.032
5886,0.044
5887,0.039
5888,0.076
5889,-0.007
5890,-0.095
5891,-0.015
5892,0.076
5893,-0.017
5894,-0.073
5895,0.037
5896,0.173
5897,0.078
5898,0.024
5899,-0.037
5900,0.022
5901,0.115
5902,0.073
5903,-0.054
5904,-0.105
5905,0.107
5906,0.261
5907,0.01
5908,-0.181
5909,-0.037
5910,-0.09
5911,-0.042
5912,-0.015
5913,-0.024
5914,0.112
5915,0.156
5916,-0.066
5917,-0.032
5918,0.015
5919,0.127
5920,0.098
5921,-0.117
5922,0.027
5923,-0.034
5924,0.024
5925,0.046
5926,-0.076
5927,-0.105
5928,-0.027
5929,-0.09
5930,-0.022
5931,-0.017
5932,-0.044
5933,-0.015
5934,-0.029
5935,-0.01
5936,-0.007
5937,0.0
5938,0.081
5939,-0.024
5940,0.022
5941,-0.02
5942,-0.112
5943,-0.1
5944,-0.059
5945,-0.056
5946,-0.002
5947,-0.115
5948,-0.059
5949,-0.024
5950,-0.134
5951,-0.054
5952,-0.032
5953,-0.098
5954,-0.042
5955,-0.049
5956,0.01
5957,0.044
5958,0.071
5959,0.015
5960,-0.039
5961,-0.005
5962,-0.032
5963,-0.002
5964,0.044
5965,-0.046
5966,-0.012
5967,-0.066
5968,0.049
5969,0.054
5970,-0.081
5971,-0.037
5972,0.037
5973,-0.056
5974,0.085
5975,0.171
5976,0.056
5977,0.012
5978,0.115
5979,0.168
5980,0.146
5981,-0.078
5982,0.076
5983,0.081
5984,0.039
5985,0.002
5986,-0.039
5987,-0.049
5988,-0.002
5989,0.027
5990,0.032
5991,-0.122
5992,0.007
5993,0.012
5994,0.037
5995,0.098
5996,0.015
5997,0.002
5998,0.046
5999,-0.015
6000,0.022
6001,0.054
6002,0.022
6003,0.122
6004,-0.022
6005,0.007
6006,-0.051
6007,-0.073
6008,-0.022
6009,0.034
6010,-0.066
6011,-0.01
6012,0.012
6013,-0.007
6014,-0.022
6015,-0.122
6016,-0.039
6017,0.044
6018,-0.046
6019,-0.024
6020,-0.032
6021,0.032
6022,-0.007
6023,-0.081
6024,-0.066
6025,0.0
6026,0.002
6027,0.015
6028,-0.022
6029,-0.061
6030,0.029
6031,-0.012
6032,-0.056
6033,-0.088
6034,-0.049
6035,-0.073
6036,-0.1
6037,-0.063
6038,0.039
6039,0.015
6040,-0.032
6041,0.01
6042,-0.061
6043,-0.027
6044,0.007
6045,-0.034
6046,-0.024
6047,0.027
6048,0.029
6049,-0.005
6050,-0.11
6051,-0.002
6052,-0.007
6053,0.071
6054,0.032
6055,0.103
6056,0.061
6057,0.022
6058,0.015
6059,-0.054
6060,0.005
6061,0.071
6062,-0.022
6063,0.039
6064,0.046
6065,-0.017
6066,0.098
6067,-0.037
6068,-0.071
6069,-0.032
6070,-0.059
6071,0.051
6072,0.095
6073,-0.002
6074,0.005
6075,-0.01
6076,0.027
6077,0.012
6078,0.024
6079,0.103
6080,0.029
6081,-0.024
6082,0.066
6083,-0.056
6084,-0.024
6085,0.063
6086,-0.037
6087,0.024
6088,-0.066
6089,0.022
6090,-0.024
6091,-0.151
6092,-0.005
6093,0.063
6094,0.02
6095,0.029
6096,0.002
6097,-0.039
6098,0.037
6099,0.105
6100,0.076
6101,-0.012
6102,0.095
6103,0.02
6104,0.081
6105,0.066
6106,-0.051
6107,-0.012
6108,-0.027
6109,-0.076
6110,-0.027
6111,-0.056
6112,-0.103
6113,0.022
6114,-0.022
6115,-0.066
6116,0.005
6117,-0.061
6118,-0.054
6119,0.046
6120,0.005
6121,-0.056
6122,-0.098
6123,-0.017
6124,-0.046
6125,-0.105
6126,-0.049
6127,-0.039
6128,-0.054
6129,-0.005
6130,-0.005
6131,-0.103
6132,-0.02
6133,0.005
6134,-0.098
6135,-0.103
6136,0.012
6137,0.007
6138,-0.015
6139,-0.002
6140,0.034
6141,0.051
6142,0.056
6143,-0.01
6144,-0.007
6145,0.066
6146,0.015
6147,-0.061
6148,0.022
6149,0.017
6150,-0.042
6151,-0.078
6152,0.024
6153,0.073
6154,0.142
6155,0.063
6156,-0.015
6157,-0.042
6158,-0.09
6159,0.042
6160,0.078
6161,0.01
6162,0.051
6163,0.027
6164,-0.022
6165,0.007
6166,0.034
6167,-0.032
6168,0.012
6169,-0.154
6170,-0.11
6171,-0.085
6172,-0.066
6173,0.049
6174,-0.017
6175,-0.034
6176,0.039
6177,-0.044
6178,0.125
6179,0.12
6180,-0.012
6181,-0.066
6182,-0.01
6183,0.027
6184,0.044
6185,0.066
6186,0.022
6187,-0.066
6188,-0.115
6189,0.0
6190,-0.149
6191,-0.095
6192,-0.09
6193,-0.081
6194,-0.078
6195,-0.129
6196,-0.071
6197,0.015
6198,-0.056
6199,-0.105
6200,-0.039
6201,-0.078
6202,-0.049
6203,-0.059
6204,0.022
6205,0.088
6206,-0.007
6207,-0.037
6208,0.029
6209,-0.059
6210,-0.059
6211,-0.154
6212,-0.161
6213,-0.061
6214,0.017
6215,-0.129
6216,-0.11
6217,-0.103
6218,-0.085
6219,-0.022
6220,-0.042
6221,-0.051
6222,0.015
6223,0.046
6224,0.049
6225,0.054
6226,0.054
6227,0.054
6228,0.093
6229,0.054
6230,-0.071
6231,-0.027
6232,-0.034
6233,-0.037
6234,-0.012
6235,-0.081
6236,-0.081
6237,-0.063
6238,-0.085
6239,-0.129
6240,-0.012
6241,0.027
6242,0.076
6243,0.032
6244,-0.063
6245,0.034
6246,0.071
6247,0.105
6248,-0.005
6249,0.054
6250,-0.015
6251,0.076
6252,0.11
6253,0.09
6254,0.073
6255,-0.042
6256,0.09
6257,0.071
6258,0.186
6259,0.095
6260,0.027
6261,-0.005
6262,-0.027
6263,0.029
6264,0.042
6265,0.007
6266,0.0
6267,0.063
6268,0.02
6269,0.022
6270,-0.051
6271,-0.012
6272,0.112
6273,0.081
6274,0.088
6275,0.049
6276,0.024
6277,0.032
6278,0.042
6279,0.002
6280,0.01
6281,-0.095
6282,-0.073
6283,0.012
6284,-0.01
6285,-0.066
6286,-0.007
6287,0.01
6288,-0.056
6289,-0.193
6290,-0.11
6291,-0.034
6292,-0.129
6293,-0.093
6294,-0.071
6295,0.015
6296,0.042
6297,-0.027
6298,0.017
6299,0.02
6300,0.105
6301,0.046
6302,-0.042
6303,-0.002
6304,0.007
6305,0.032
6306,-0.032
6307,-0.032
6308,-0.01
6309,-0.015
6310,-0.054
6311,-0.015
6312,-0.002
6313,-0.066
6314,-0.032
6315,-0.107
6316,-0.02
6317,-0.029
6318,-0.007
6319,0.068
6320,-0.054
6321,0.029
6322,0.088
6323,0.032
6324,0.159
6325,0.061
6326,0.127
6327,0.149
6328,0.12
6329,0.159
6330,0.068
6331,0.005
6332,0.154
6333,0.076
6334,0.105
6335,0.024
6336,-0.024
6337,-0.002
6338,0.083
6339,0.093
6340,0.068
6341,0.002
6342,-0.059
6343,-0.063
6344,0.046
6345,0.081
6346,-0.039
6347,-0.12
6348,-0.032
6349,0.012
6350,-0.095
6351,0.002
6352,-0.073
6353,0.039
6354,0.042
6355,-0.146
6356,-0.073
6357,-0.1
6358,0.09
6359,0.127
6360,-0.049
6361,-0.164
6362,0.027
6363,-0.029
6364,0.071
6365,-0.029
6366,-0.088
6367,0.056
6368,0.0
6369,-0.022
6370,0.042
6371,0.01
6372,0.02
6373,0.037
6374,-0.068
6375,-0.042
6376,-0.002
6377,0.046
6378,0.027
6379,-0.088
6380,0.039
6381,0.066
6382,-0.037
6383,-0.056
6384,-0.12
6385,-0.132
6386,-0.068
6387,-0.044
6388,-0.105
6389,-0.117
6390,-0.037
6391,-0.105
6392,-0.193
6393,0.012
6394,0.037
6395,-0.103
6396,-0.027
6397,0.01
6398,0.054
6399,0.049
6400,0.076
6401,-0.056
6402,0.09
6403,0.061
6404,-0.046
6405,-0.032
6406,-0.044
6407,0.01
6408,0.02
6409,0.059
6410,-0.046
6411,-0.046
6412,0.034
6413,-0.073
6414,-0.117
6415,-0.11
6416,-0.046
6417,-0.024
6418,-0.071
6419,0.015
6420,-0.088
6421,0.0
6422,0.146
6423,0.095
6424,0.051
6425,0.042
6426,0.11
6427,0.171
6428,-0.029
6429,0.034
6430,-0.076
6431,-0.051
6432,-0.027
6433,-0.098
6434,-0.005
6435,-0.02
6436,-0.164
6437,-0.012
6438,-0.103
6439,-0.059
6440,-0.02
6441,-0.02
6442,0.115
6443,0.015
6444,-0.039
6445,-0.059
6446,0.071
6447,0.283
6448,0.095
6449,-0.095
6450,0.027
6451,0.083
6452,0.01
6453,-0.105
6454,-0.173
6455,-0.029
6456,-0.044
6457,-0.11
6458,-0.049
6459,-0.107
6460,-0.056
6461,-0.063
6462,-0.088
6463,-0.093
6464,-0.049
6465,0.01
6466,-0.034
6467,-0.098
6468,0.095
6469,0.002
6470,-0.044
6471,0.022
6472,0.029
6473,0.002
6474,-0.015
6475,-0.063
6476,-0.071
6477,-0.11
6478,-0.049
6479,-0.061
6480,-0.105
6481,-0.154
6482,-0.107
6483,-0.095
6484,0.076
6485,-0.01
6486,-0.042
6487,-0.005
6488,0.024
6489,0.129
6490,0.046
6491,-0.01
6492,-0.042
6493,0.056
6494,0.251
6495,0.134
6496,0.002
6497,0.039
6498,0.012
6499,0.051
6500,0.066
6501,-0.054
6502,-0.103
6503,0.015
6504,0.015
6505,0.051
6506,0.032
6507,-0.046
6508,0.081
6509,-0.029
6510,0.0
6511,0.107
6512,0.005
6513,-0.024
6514,0.063
6515,0.044
6516,-0.034
6517,-0.049
6518,0.022
6519,0.059
6520,0.012
6521,-0.027
6522,-0.002
6523,0.159
6524,0.056
6525,-0.076
6526,-0.024
6527,0.022
6528,0.015
6529,-0.095
6530,-0.022
6531,0.093
6532,-0.022
6533,0.017
6534,0.005
6535,-0.012
6536,0.015
6537,0.007
6538,0.007
6539,-0.022
6540,-0.051
6541,0.042
6542,0.063
6543,-0.046
6544,-0.09
6545,0.007
6546,0.12
6547,0.007
6548,-0.007
6549,0.078
6550,-0.007
6551,-0.039
6552,0.039
6553,0.0
6554,-0.034
6555,-0.063
6556,-0.09
6557,0.005
6558,-0.027
6559,0.022
6560,-0.007
6561,-0.032
6562,0.046
6563,0.042
6564,-0.002
6565,0.137
6566,0.051
6567,0.015
6568,0.095
6569,0.129
6570,0.085
6571,0.098
6572,0.051
6573,0.066
6574,0.037
6575,-0.044
6576,-0.01
6577,0.076
6578,0.071
6579,-0.042
6580,-0.056
6581,0.015
6582,0.085
6583,0.012
6584,-0.027
6585,-0.002
6586,0.071
6587,0.098
6588,0.166
6589,0.164
6590,0.051
6591,-0.015
6592,0.024
6593,-0.066
6594,0.037
6595,0.017
6596,0.0
6597,-0.051
6598,-0.083
6599,0.012
6600,0.017
6601,0.029
6602,0.076
6603,0.093
6604,0.095
6605,0.007
6606,0.046
6607,0.029
6608,0.056
6609,0.095
6610,0.081
6611,0.061
6612,0.012
6613,0.039
6614,-0.042
6615,-0.037
6616,-0.024
6617,-0.051
6618,-0.081
6619,-0.088
6620,0.027
6621,-0.044
6622,0.044
6623,0.068
6624,-0.054
6625,-0.049
6626,0.005
6627,-0.122
6628,0.046
6629,-0.024
6630,0.049
6631,0.002
6632,-0.063
6633,-0.027
6634,-0.012
6635,-0.005
6636,-0.005
6637,0.071
6638,0.049
6639,-0.093
6640,-0.029
6641,-0.015
6642,0.01
6643,0.01
6644,0.056
6645,-0.034
6646,0.024
6647,0.132
6648,-0.002
6649,-0.09
6650,0.139
6651,0.103
6652,0.059
6653,-0.076
6654,0.027
6655,0.076
6656,-0.01
6657,-0.044
6658,-0.115
6659,-0.007
6660,0.071
6661,0.095
6662,0.059
6663,0.161
6664,0.117
6665,0.171
6666,0.176
6667,0.09
6668,0.081
6669,0.227
6670,0.156
6671,0.098
6672,-0.022
6673,0.022
6674,0.09
6675,0.024
6676,0.061
6677,-0.071
6678,-0.039
6679,-0.024
6680,-0.022
6681,0.0
6682,-0.002
6683,0.007
6684,0.083
6685,0.159
6686,-0.002
6687,0.134
6688,0.027
6689,0.134
6690,0.056
6691,-0.044
6692,-0.046
6693,0.054
6694,0.039
6695,0.012
6696,-0.103
6697,0.007
6698,0.042
6699,-0.042
6700,0.01
6701,0.02
6702,0.088
6703,0.017
6704,-0.127
6705,-0.098
6706,-0.032
6707,0.049
6708,0.027
6709,-0.107
6710,-0.007
6711,-0.007
6712,-0.156
6713,-0.12
6714,-0.12
6715,-0.061
6716,-0.022
6717,-0.117
6718,-0.112
6719,-0.103
6720,0.029
6721,-0.085
6722,-0.181
6723,-0.002
6724,0.117
6725,-0.105
6726,-0.132
6727,0.017
6728,-0.024
6729,0.0
6730,-0.068
6731,-0.1
6732,-0.129
6733,-0.054
6734,-0.024
6735,-0.178
6736,-0.181
6737,-0.081
6738,-0.112
6739,-0.144
6740,-0.088
6741,-0.054
6742,0.01
6743,-0.012
6744,-0.11
6745,0.159
6746,0.078
6747,0.063
6748,-0.015
6749,0.034
6750,0.066
6751,-0.005
6752,0.015
6753,0.01
6754,-0.056
6755,0.005
6756,0.039
6757,-0.059
6758,-0.151
6759,-0.125
6760,0.103
6761,-0.059
6762,0.088
6763,-0.012
6764,0.11
6765,-0.005
6766,-0.032
6767,0.071
6768,0.039
6769,0.012
6770,0.027
6771,-0.054
6772,0.071
6773,0.027
6774,-0.01
6775,-0.076
6776,-0.117
6777,-0.073
6778,-0.015
6779,0.002
6780,-0.107
6781,-0.085
6782,0.027
6783,-0.029
6784,-0.076
6785,-0.02
6786,0.022
6787,0.054
6788,0.0
6789,-0.068
6790,-0.063
6791,0.078
6792,-0.029
6793,0.039
6794,0.015
6795,0.076
6796,-0.105
6797,-0.042
6798,-0.129
6799,-0.186
6800,-0.134
6801,-0.115
6802,-0.137
6803,-0.098
6804,-0.161
6805,-0.208
6806,-0.171
6807,-0.056
6808,-0.12
6809,-0.017
6810,-0.09
6811,-0.051
6812,-0.095
6813,-0.029
6814,0.081
6815,-0.017
6816,-0.142
6817,-0.125
6818,-0.093
6819,-0.132
6820,-0.129
6821,-0.085
6822,-0.11
6823,-0.037
6824,-0.066
6825,-0.103
6826,-0.149
6827,-0.083
6828,0.017
6829,0.002
6830,0.059
6831,0.103
6832,0.144
6833,0.022
6834,-0.105
6835,-0.034
6836,0.046
6837,0.046
6838,-0.017
6839,-0.183
6840,-0.146
6841,-0.056
6842,-0.042
6843,-0.083
6844,-0.005
6845,-0.037
6846,0.032
6847,-0.039
6848,-0.002
6849,0.002
6850,0.039
6851,0.068
6852,0.029
6853,0.01
6854,0.193
6855,0.024
6856,0.042
6857,0.007
6858,-0.029
6859,-0.115
6860,-0.007
6861,-0.005
6862,0.051
6863,-0.022
6864,-0.005
6865,-0.083
6866,-0.01
6867,-0.073
6868,0.061
6869,0.239
6870,0.09
6871,0.088
6872,-0.012
6873,-0.032
6874,0.01
6875,-0.007
6876,0.068
6877,-0.027
6878,-0.039
6879,-0.054
6880,-0.039
6881,-0.164
6882,-0.066
6883,-0.132
6884,-0.144
6885,-0.066
6886,-0.173
6887,-0.098
6888,-0.093
6889,-0.125
6890,-0.039
6891,-0.056
6892,-0.093
6893,-0.024
6894,-0.051
6895,0.049
6896,0.037
6897,-0.122
6898,-0.105
6899,-0.107
6900,-0.09
6901,-0.063
6902,-0.09
6903,-0.068
6904,-0.049
6905,-0.068
6906,-0.107
6907,-0.068
6908,-0.027
6909,0.005
6910,-0.01
6911,0.032
6912,0.068
6913,-0.034
6914,0.107
6915,0.017
6916,0.11
6917,0.061
6918,-0.076
6919,-0.051
6920,0.042
6921,0.0
6922,-0.085
6923,-0.093
6924,-0.046
6925,-0.012
6926,0.02
6927,-0.085
6928,-0.039
6929,-0.007
6930,0.017
6931,0.107
6932,-0.017
6933,0.129
6934,0.198
6935,-0.059
6936,0.032
6937,-0.002
6938,0.037
6939,0.017
6940,0.085
6941,0.037
6942,-0.017
6943,0.002
6944,0.037
6945,0.005
6946,0.051
6947,0.122
6948,0.059
6949,0.037
6950,0.112
6951,0.137
6952,0.071
6953,0.129
6954,0.051
6955,0.012
6956,0.144
6957,0.068
6958,-0.012
6959,-0.076
6960,0.002
6961,-0.039
6962,-0.1
6963,-0.068
6964,-0.002
6965,-0.078
6966,-0.071
6967,-0.059
6968,-0.007
6969,-0.024
6970,-0.015
6971,0.005
6972,0.005
6973,0.017
6974,-0.085
6975,-0.015
6976,0.005
6977,-0.02
6978,0.073
6979,-0.063
6980,-0.02
6981,-0.044
6982,-0.054
6983,0.056
6984,-0.061
6985,-0.081
6986,-0.105
6987,-0.02
6988,-0.002
6989,0.068
6990,0.078
6991,0.024
6992,0.022
6993,0.017
6994,-0.01
6995,0.01
6996,0.034
6997,0.029
6998,-0.078
6999,0.007
7000,0.022
7001,-0.068
7002,-0.015
7003,0.059
7004,-0.059
7005,-0.042
7006,0.024
7007,0.095
7008,0.061
7009,0.061
7010,0.039
7011,0.054
7012,0.132
7013,0.132
7014,-0.01
7015,0.156
7016,0.066
7017,-0.039
7018,-0.027
7019,-0.049
7020,0.127
7021,-0.051
7022,-0.002
7023,0.015
7024,-0.027
7025,0.012
7026,-0.005
7027,-0.042
7028,0.056
7029,0.039
7030,-0.022
7031,0.027
7032,0.088
7033,0.112
7034,0.078
7035,0.017
7036,-0.002
7037,0.002
7038,-0.017
7039,-0.017
7040,0.037
7041,-0.002
7042,-0.029
7043,-0.078
7044,-0.088
7045,-0.054
7046,-0.046
7047,0.002
7048,-0.034
7049,0.022
7050,0.032
7051,0.051
7052,-0.027
7053,0.049
7054,0.02
7055,-0.01
7056,-0.071
7057,-0.071
7058,-0.02
7059,-0.042
7060,-0.098
7061,-0.144
7062,-0.076
7063,-0.085
7064,-0.095
7065,-0.022
7066,-0.002
7067,-0.012
7068,-0.002
7069,-0.063
7070,0.007
7071,0.005
7072,-0.005
7073,0.078
7074,0.029
7075,0.171
7076,-0.027
7077,0.051
7078,0.02
7079,0.007
7080,0.032
7081,-0.051
7082,0.054
7083,-0.073
7084,-0.117
7085,-0.039
7086,-0.005
7087,-0.034
7088,0.02
7089,0.098
7090,0.073
7091,0.063
7092,0.061
7093,0.112
7094,0.088
7095,0.166
7096,0.032
7097,0.09
7098,0.103
7099,-0.005
7100,0.078
7101,0.046
7102,0.051
7103,0.054
7104,0.027
7105,0.029
7106,-0.01
7107,0.068
7108,0.054
7109,0.068
7110,0.085
7111,0.144
7112,0.149
7113,-0.012
7114,0.056
7115,0.083
7116,0.061
7117,0.161
7118,0.039
7119,0.063
7120,0.002
7121,0.073
7122,0.085
7123,-0.042
7124,0.081
7125,0.002
7126,-0.132
7127,-0.142
7128,-0.12
7129,0.051
7130,0.01
7131,-0.022
7132,-0.046
7133,-0.029
7134,0.095
7135,0.029
7136,-0.044
7137,-0.007
7138,0.056
7139,0.071
7140,-0.056
7141,-0.066
7142,-0.059
7143,-0.044
7144,-0.015
7145,-0.024
7146,-0.042
7147,-0.005
7148,-0.056
7149,-0.046
7150,-0.022
7151,-0.063
7152,-0.059
7153,0.017
7154,0.032
7155,-0.005
7156,0.066
7157,0.042
7158,-0.054
7159,-0.105
7160,-0.02
7161,-0.044
7162,0.039
7163,-0.125
7164,0.0
7165,-0.088
7166,-0.066
7167,-0.015
7168,-0.088
7169,0.029
7170,-0.039
7171,-0.034
7172,-0.005
7173,0.034
7174,0.054
7175,0.095
7176,0.134
7177,-0.012
7178,-0.093
7179,-0.012
7180,0.063
7181,0.083
7182,0.005
7183,-0.037
7184,-0.02
7185,-0.032
7186,-0.032
7187,0.081
7188,0.095
7189,0.032
7190,-0.078
7191,-0.093
7192,0.005
7193,0.193
7194,0.103
7195,0.061
7196,0.027
7197,0.073
7198,0.195
7199,0.056
7200,0.049
7201,0.088
7202,0.134
7203,0.037
7204,-0.051
7205,-0.015
7206,-0.037
7207,0.078
7208,0.049
7209,-0.017
7210,0.039
7211,-0.015
7212,0.085
7213,0.127
7214,0.066
7215,0.02
7216,0.046
7217,0.054
7218,-0.012
7219,-0.042
7220,0.0
7221,0.051
7222,-0.039
7223,-0.032
7224,-0.034
7225,-0.034
7226,-0.015
7227,-0.09
7228,-0.142
7229,-0.002
7230,-0.046
7231,0.076
7232,0.056
7233,-0.029
7234,-0.098
7235,-0.046
7236,0.034
7237,0.056
7238,0.042
7239,0.054
7240,-0.017
7241,-0.034
7242,0.029
7243,-0.085
7244,-0.063
7245,-0.146
7246,-0.056
7247,0.015
7248,-0.085
7249,-0.076
7250,-0.034
7251,-0.054
7252,-0.037
7253,0.098
7254,0.002
7255,0.02
7256,0.037
7257,-0.076
7258,-0.042
7259,0.005
7260,0.081
7261,0.103
7262,0.0
7263,-0.046
7264,-0.007
7265,0.085
7266,0.073
7267,0.015
7268,0.068
7269,0.056
7270,0.164
7271,0.051
7272,0.098
7273,0.188
7274,0.085
7275,-0.017
7276,0.024
7277,0.09
7278,0.2
7279,0.037
7280,0.039
7281,0.122
7282,0.098
7283,-0.068
7284,0.071
7285,-0.034
7286,-0.073
7287,-0.164
7288,-0.007
7289,-0.029
7290,0.02
7291,0.029
7292,0.01
7293,-0.051
7294,0.127
7295,0.059
7296,-0.017
7297,-0.051
7298,0.11
7299,0.037
7300,-0.051
7301,-0.049
7302,-0.093
7303,0.044
7304,-0.056
7305,-0.034
7306,-0.012
7307,-0.164
7308,-0.059
7309,0.02
7310,-0.088
7311,0.017
7312,0.059
7313,-0.071
7314,0.044
7315,0.051
7316,0.071
7317,0.125
7318,0.076
7319,-0.037
7320,-0.103
7321,0.017
7322,0.039
7323,-0.085
7324,-0.039
7325,0.022
7326,-0.01
7327,0.024
7328,-0.007
7329,-0.073
7330,-0.068
7331,0.117
7332,-0.046
7333,-0.181
7334,-0.007
7335,0.093
7336,0.046
7337,0.002
7338,-0.051
7339,0.059
7340,0.127
7341,-0.11
7342,-0.098
7343,-0.022
7344,-0.032
7345,-0.078
7346,-0.105
7347,-0.044
7348,-0.024
7349,-0.029
7350,-0.046
7351,0.032
7352,-0.044
7353,-0.027
7354,0.073
7355,0.112
7356,0.054
7357,-0.01
7358,-0.027
7359,0.059
7360,0.142
7361,0.024
7362,0.129
7363,0.049
7364,-0.095
7365,-0.002
7366,-0.137
7367,-0.066
7368,0.068
7369,0.044
7370,0.103
7371,-0.027
7372,-0.049
7373,0.098
7374,0.007
7375,0.046
7376,-0.037
7377,0.117
7378,0.181
7379,0.088
7380,0.063
7381,-0.139
7382,0.012
7383,0.02
7384,0.066
7385,-0.093
7386,-0.098
7387,-0.032
7388,0.127
7389,0.01
7390,-0.122
7391,-0.085
7392,0.017
7393,0.144
7394,0.078
7395,-0.037
7396,0.059
7397,0.137
7398,0.012
7399,-0.046
7400,-0.125
7401,-0.088
7402,-0.007
7403,-0.1
7404,-0.01
7405,-0.044
7406,-0.093
7407,-0.056
7408,-0.107
7409,-0.085
7410,-0.125
7411,-0.044
7412,0.017
7413,0.007
7414,-0.085
7415,-0.093
7416,-0.002
7417,0.029
7418,0.081
7419,0.034
7420,-0.034
7421,0.0
7422,0.029
7423,-0.078
7424,-0.095
7425,-0.034
7426,-0.024
7427,-0.103
7428,-0.093
7429,-0.09
7430,0.034
7431,-0.095
7432,-0.166
7433,0.056
7434,-0.203
7435,-0.02
7436,0.049
7437,0.007
7438,0.037
7439,-0.054
7440,0.117
7441,0.098
7442,0.071
7443,0.112
7444,0.034
7445,-0.015
7446,0.117
7447,0.02
7448,-0.042
7449,-0.01
7450,0.046
7451,-0.049
7452,-0.005
7453,-0.01
7454,0.024
7455,0.012
7456,0.042
7457,0.024
7458,0.015
7459,0.005
7460,0.007
7461,0.039
7462,0.093
7463,-0.022
7464,0.017
7465,0.032
7466,0.056
7467,0.027
7468,-0.095
7469,-0.061
7470,-0.039
7471,0.056
7472,-0.071
7473,-0.029
7474,-0.103
7475,-0.098
7476,0.0
7477,-0.02
7478,-0.051
7479,0.112
7480,0.022
7481,-0.066
7482,-0.015
7483,-0.037
7484,-0.002
7485,0.022
7486,-0.056
7487,0.061
7488,-0.071
7489,-0.134
7490,-0.083
7491,-0.088
7492,-0.156
7493,-0.083
7494,-0.063
7495,-0.076
7496,-0.042
7497,-0.02
7498,-0.1
7499,-0.078
7500,-0.037
7501,0.081
7502,0.029
7503,-0.078
7504,-0.024
7505,0.093
7506,0.037
7507,-0.081
7508,-0.142
7509,-0.073
7510,-0.073
7511,-0.076
7512,-0.076
7513,-0.005
7514,-0.024
7515,0.061
7516,-0.063
7517,0.02
7518,-0.015
7519,-0.037
7520,0.1
7521,0.029
7522,0.012
7523,0.066
7524,0.017
7525,0.017
7526,-0.029
7527,-0.012
7528,-0.024
7529,0.037
7530,-0.02
7531,0.02
7532,0.125
7533,0.066
7534,0.0
7535,-0.012
7536,-0.01
7537,0.09
7538,0.081
7539,0.159
7540,0.073
7541,0.037
7542,0.073
7543,0.042
7544,0.081
7545,0.034
7546,-0.042
7547,-0.02
7548,-0.049
7549,-0.11
7550,-0.029
7551,-0.002
7552,-0.017
7553,-0.007
7554,0.002
7555,0.078
7556,0.063
7557,-0.039
7558,0.129
7559,0.063
7560,0.002
7561,0.017
7562,0.125
7563,0.125
7564,0.02
7565,-0.027
7566,-0.007
7567,-0.125
7568,-0.095
7569,-0.071
7570,-0.12
7571,-0.095
7572,-0.085
7573,-0.061
7574,0.027
7575,-0.01
7576,0.034
7577,-0.056
7578,0.056
7579,0.051
7580,0.02
7581,0.015
7582,-0.068
7583,0.015
7584,-0.002
7585,-0.022
7586,-0.012
7587,-0.037
7588,-0.088
7589,-0.054
7590,-0.098
7591,-0.046
7592,-0.056
7593,-0.056
7594,-0.083
7595,-0.085
7596,-0.032
7597,-0.002
7598,-0.029
7599,0.032
7600,0.01
7601,-0.012
7602,-0.059
7603,-0.078
7604,0.066
7605,0.024
7606,-0.044
7607,0.002
7608,0.073
7609,-0.007
7610,-0.11
7611,-0.068
7612,0.017
7613,0.042
7614,0.073
7615,0.02
7616,-0.081
7617,0.032
7618,0.203
7619,-0.02
7620,0.015
7621,0.015
7622,0.0
7623,0.117
7624,0.073
7625,0.059
7626,0.076
7627,-0.032
7628,0.103
7629,-0.044
7630,-0.056
7631,-0.027
7632,-0.049
7633,0.088
7634,-0.046
7635,0.015
7636,0.042
7637,0.007
7638,0.029
7639,0.107
7640,0.032
7641,0.132
7642,0.044
7643,0.037
7644,-0.037
7645,-0.068
7646,-0.09
7647,-0.024
7648,-0.02
7649,0.076
7650,-0.037
7651,-0.159
7652,0.056
7653,0.054
7654,-0.09
7655,0.005
7656,-0.037
7657,-0.085
7658,-0.034
7659,-0.059
7660,0.039
7661,-0.049
7662,-0.01
7663,-0.034
7664,-0.149
7665,-0.071
7666,-0.059
7667,-0.071
7668,-0.125
7669,-0.181
7670,-0.051
7671,-0.21
7672,-0.1
7673,-0.012
7674,-0.146
7675,-0.005
7676,0.017
7677,-0.063
7678,-0.073
7679,-0.054
7680,0.081
7681,0.1
7682,0.027
7683,0.042
7684,0.095
7685,-0.037
7686,0.054
7687,-0.127
7688,-0.12
7689,0.134
7690,0.005
7691,-0.159
7692,-0.078
7693,-0.01
7694,-0.012
7695,-0.085
7696,-0.112
7697,-0.015
7698,0.032
7699,0.137
7700,0.068
7701,0.015
7702,0.085
7703,-0.015
7704,0.056
7705,0.005
7706,0.015
7707,0.19
7708,0.076
7709,-0.01
7710,0.032
7711,-0.02
7712,0.007
7713,-0.046
7714,0.002
7715,0.054
7716,0.139
7717,0.005
7718,-0.017
7719,0.081
7720,0.11
7721,0.061
7722,0.015
7723,0.088
7724,0.044
7725,0.1
7726,0.073
7727,-0.02
7728,-0.1
7729,-0.098
7730,0.015
7731,-0.068
7732,-0.098
7733,0.017
7734,-0.093
7735,0.005
7736,-0.02
7737,-0.146
7738,0.056
7739,0.027
7740,-0.024
7741,-0.02
7742,-0.083
7743,-0.012
7744,0.107
7745,-0.078
7746,-0.015
7747,-0.181
7748,0.005
7749,-0.078
7750,-0.105
7751,0.017
7752,-0.061
7753,-0.159
7754,0.029
7755,-0.11
7756,-0.103
7757,-0.112
7758,-0.129
7759,0.085
7760,-0.051
7761,-0.007
7762,0.088
7763,0.017
7764,0.032
7765,-0.076
7766,-0.012
7767,0.039
7768,-0.024
7769,-0.105
7770,-0.073
7771,-0.024
7772,0.029
7773,0.002
7774,-0.164
7775,-0.037
7776,0.01
7777,-0.027
7778,0.0
7779,0.024
7780,0.049
7781,-0.015
7782,0.071
7783,0.073
7784,0.049
7785,0.1
7786,0.076
7787,0.024
7788,0.129
7789,0.095
7790,0.125
7791,0.105
7792,0.068
7793,0.007
7794,0.171
7795,-0.005
7796,0.007
7797,0.056
7798,0.007
7799,0.134
7800,0.103
7801,0.015
7802,0.146
7803,0.127
7804,0.173
7805,0.137
7806,0.076
7807,0.112
7808,0.059
7809,0.012
7810,-0.039
7811,0.044
7812,-0.005
7813,-0.132
7814,-0.059
7815,-0.017
7816,0.056
7817,-0.059
7818,-0.229
7819,0.005
7820,-0.024
7821,-0.027
7822,0.015
7823,0.059
7824,0.134
7825,-0.024
7826,-0.005
7827,0.125
7828,-0.027
7829,0.002
7830,0.022
7831,-0.042
7832,-0.059
7833,-0.159
7834,-0.039
7835,-0.034
7836,-0.061
7837,-0.024
7838,-0.044
7839,-0.037
7840,-0.107
7841,-0.21
7842,0.081
7843,0.137
7844,-0.049
7845,-0.066
7846,0.024
7847,0.044
7848,-0.02
7849,-0.056
7850,0.029
7851,-0.171
7852,-0.034
7853,0.005
7854,-0.085
7855,-0.178
7856,-0.015
7857,0.015
7858,-0.205
7859,-0.093
7860,0.015
7861,0.044
7862,-0.02
7863,0.051
7864,0.142
7865,-0.044
7866,-0.046
7867,-0.042
7868,0.059
7869,0.042
7870,-0.1
7871,0.01
7872,0.002
7873,0.044
7874,-0.059
7875,0.012
7876,0.09
7877,0.056
7878,0.098
7879,0.203
7880,-0.005
7881,0.083
7882,0.117
7883,0.112
7884,0.076
7885,0.166
7886,0.051
7887,0.088
7888,-0.081
7889,-0.081
7890,0.037
7891,0.095
7892,0.027
7893,-0.054
7894,-0.105
7895,-0.017
7896,-0.002
7897,0.0
7898,-0.007
7899,0.088
7900,-0.024
7901,0.151
7902,0.066
7903,-0.066
7904,0.09
7905,0.171
7906,0.059
7907,0.059
7908,-0.032
7909,-0.054
7910,0.1
7911,0.01
7912,-0.188
7913,-0.09
7914,0.037
7915,0.002
7916,0.059
7917,-0.015
7918,-0.139
7919,-0.042
7920,0.032
7921,0.032
7922,-0.034
7923,-0.081
7924,-0.002
7925,-0.056
7926,-0.015
7927,0.005
7928,-0.012
7929,0.046
7930,0.056
7931,-0.107
7932,-0.063
7933,-0.02
7934,-0.1
7935,-0.115
7936,-0.042
7937,-0.081
7938,-0.078
7939,-0.073
7940,0.017
7941,0.049
7942,0.015
7943,0.063
7944,0.002
7945,0.085
7946,0.02
7947,-0.09
7948,0.088
7949,0.09
7950,-0.01
7951,0.085
7952,0.027
7953,-0.029
7954,0.039
7955,0.103
7956,0.012
7957,-0.017
7958,0.037
7959,0.032
7960,0.005
7961,-0.01
7962,-0.037
7963,0.066
7964,0.117
7965,0.056
7966,0.063
7967,0.078
7968,0.142
7969,0.049
7970,0.1
7971,0.039
7972,-0.022
7973,0.039
7974,0.098
7975,0.024
7976,-0.076
7977,0.037
7978,0.11
7979,0.132
7980,-0.034
7981,-0.029
7982,0.076
7983,0.063
7984,0.171
7985,0.144
7986,0.02
7987,0.12
7988,0.002
7989,-0.12
7990,-0.125
7991,0.034
7992,0.095
7993,0.005
7994,-0.061
7995,-0.09
7996,-0.005
7997,-0.017
7998,-0.032
7999,-0.098
8000,-0.024
8001,0.015
8002,-0.005
8003,-0.046
8004,-0.085
8005,-0.017
8006,-0.083
8007,0.034
8008,-0.015
8009,-0.161
8010,-0.085
8011,-0.061
8012,0.029
8013,-0.081
8014,-0.029
8015,-0.039
8016,-0.083
8017,-0.066
8018,-0.044
8019,0.066
8020,0.029
8021,0.037
8022,0.117
8023,0.017
8024,0.022
8025,0.085
8026,-0.022
8027,0.042
8028,0.117
8029,0.125
8030,0.024
8031,-0.034
8032,-0.022
8033,-0.103
8034,-0.081
8035,-0.015
8036,-0.024
8037,-0.193
8038,-0.144
8039,-0.076
8040,-0.051
8041,-0.027
8042,-0.044
8043,0.007
8044,0.078
8045,0.093
8046,0.037
8047,0.073
8048,0.022
8049,0.107
8050,0.078
8051,0.007
8052,0.015
8053,0.061
8054,0.054
8055,0.2
8056,0.115
8057,-0.049
8058,-0.044
8059,-0.024
8060,-0.049
8061,-0.046
8062,-0.002
8063,0.146
8064,0.066
8065,0.056
8066,0.085
8067,0.044
8068,0.034
8069,0.071
8070,-0.022
8071,-0.032
8072,0.042
8073,0.027
8074,0.012
8075,-0.012
8076,-0.078
8077,-0.02
8078,-0.049
8079,-0.095
8080,-0.066
8081,-0.015
8082,-0.032
8083,0.063
8084,0.039
8085,-0.1
8086,0.061
8087,0.051
8088,0.007
8089,-0.02
8090,0.076
8091,0.1
8092,0.046
8093,-0.022
8094,0.071
8095,-0.032
8096,0.017
8097,-0.032
8098,-0.042
8099,0.061
8100,-0.039
8101,0.0
8102,-0.061
8103,-0.01
8104,0.012
8105,0.015
8106,-0.054
8107,-0.012
8108,0.039
8109,-0.02
8110,0.027
8111,-0.054
8112,-0.059
8113,-0.046
8114,-0.11
8115,-0.095
8116,-0.005
8117,-0.015
8118,0.066
8119,0.01
8120,-0.083
8121,-0.037
8122,-0.017
8123,0.066
8124,-0.078
8125,-0.024
8126,0.032
8127,0.11
8128,0.032
8129,0.022
8130,0.12
8131,-0.051
8132,0.071
8133,0.061
8134,-0.037
8135,-0.044
8136,0.059
8137,0.022
8138,-0.107
8139,-0.024
8140,-0.017
8141,-0.056
8142,-0.051
8143,0.005
8144,0.01
8145,0.044
8146,0.078
8147,0.112
8148,0.0
8149,0.061
8150,0.049
8151,0.0
8152,-0.054
8153,-0.027
8154,-0.037
8155,-0.085
8156,0.024
8157,-0.049
8158,-0.002
8159,-0.09
8160,-0.159
8161,-0.046
8162,0.037
8163,-0.002
8164,-0.103
8165,0.022
8166,-0.032
8167,-0.039
8168,-0.037
8169,0.027
8170,0.034
8171,0.044
8172,0.022
8173,0.024
8174,-0.103
8175,-0.059
8176,0.0
8177,-0.137
8178,-0.054
8179,-0.002
8180,-0.056
8181,-0.068
8182,-0.042
8183,-0.134
8184,-0.049
8185,0.017
8186,-0.007
8187,-0.015
8188,-0.063
8189,0.076
8190,-0.007
8191,-0.068
8192,0.022
8193,-0.037
8194,0.056
8195,-0.012
8196,0.054
8197,0.022
8198,-0.132
8199,-0.098
8200,-0.068
8201,-0.151
8202,-0.083
8203,-0.027
8204,-0.054
8205,0.061
8206,0.032
8207,0.022
8208,0.032
8209,0.015
8210,0.02
8211,0.122
8212,0.032
8213,0.093
8214,0.024
8215,0.056
8216,0.105
8217,-0.02
8218,0.073
8219,0.056
8220,-0.02
8221,-0.017
8222,0.022
8223,-0.085
8224,-0.095
8225,0.037
8226,-0.017
8227,-0.081
8228,-0.01
8229,0.066
8230,-0.046
8231,0.056
8232,0.088
8233,-0.024
8234,0.115
8235,0.056
8236,0.103
8237,-0.012
8238,0.061
8239,0.02
8240,0.012
8241,-0.029
8242,0.083
8243,0.107
8244,-0.027
8245,0.061
8246,0.046
8247,-0.056
8248,-0.022
8249,0.02
8250,0.051
8251,0.088
8252,0.002
8253,-0.061
8254,0.081
8255,0.024
8256,-0.076
8257,-0.049
8258,0.054
8259,-0.002
8260,-0.122
8261,-0.139
8262,-0.12
8263,-0.154
8264,-0.046
8265,-0.066
8266,-0.134
8267,-0.176
8268,-0.12
8269,0.029
8270,-0.081
8271,-0.159
8272,0.012
8273,-0.088
8274,0.01
8275,-0.015
8276,-0.117
8277,-0.081
8278,-0.017
8279,-0.078
8280,-0.034
8281,-0.068
8282,-0.022
8283,0.039
8284,-0.044
8285,0.002
8286,-0.081
8287,0.015
8288,0.073
8289,-0.01
8290,-0.027
8291,-0.063
8292,0.037
8293,0.024
8294,-0.063
8295,-0.022
8296,-0.007
8297,0.012
8298,0.073
8299,-0.024
8300,-0.015
8301,-0.071
8302,0.02
8303,0.068
8304,-0.049
8305,0.054
8306,0.049
8307,0.02
8308,0.039
8309,0.071
8310,0.11
8311,-0.012
8312,0.002
8313,0.1
8314,0.051
8315,0.0
8316,0.107
8317,0.01
8318,-0.022
8319,0.02
8320,0.1
8321,-0.007
8322,0.029
8323,-0.12
8324,0.022
8325,-0.005
8326,0.005
8327,0.217
8328,0.056
8329,-0.049
8330,0.01
8331,0.081
8332,0.203
8333,0.002
8334,-0.073
8335,-0.022
8336,-0.066
8337,0.056
8338,-0.085
8339,0.034
8340,0.049
8341,-0.095
8342,-0.183
8343,-0.042
8344,0.027
8345,-0.11
8346,-0.134
8347,-0.066
8348,0.066
8349,-0.11
8350,-0.046
8351,0.066
8352,-0.066
8353,0.029
8354,-0.09
8355,-0.1
8356,0.002
8357,-0.09
8358,0.002
8359,-0.037
8360,-0.095
8361,-0.09
8362,-0.032
8363,-0.056
8364,-0.132
8365,-0.042
8366,-0.007
8367,0.037
8368,-0.098
8369,-0.186
8370,0.039
8371,-0.071
8372,-0.005
8373,-0.034
8374,-0.139
8375,0.015
8376,0.005
8377,-0.063
8378,-0.098
8379,-0.129
8380,0.005
8381,-0.049
8382,-0.149
8383,-0.081
8384,0.007
8385,-0.073
8386,-0.037
8387,0.049
8388,0.049
8389,0.166
8390,0.129
8391,0.0
8392,0.049
8393,0.112
8394,0.083
8395,-0.032
8396,0.051
8397,0.022
8398,0.051
8399,0.056
8400,0.0
8401,0.044
8402,-0.017
8403,-0.002
8404,0.012
8405,-0.078
8406,-0.01
8407,0.015
8408,0.017
8409,0.002
8410,-0.137
8411,-0.049
8412,0.085
8413,-0.01
8414,0.007
8415,0.083
8416,0.085
8417,0.129
8418,-0.027
8419,0.039
8420,0.024
8421,-0.098
8422,0.112
8423,-0.063
8424,-0.122
8425,-0.076
8426,-0.09
8427,-0.073
8428,-0.125
8429,-0.122
8430,0.066
8431,-0.085
8432,-0.129
8433,-0.137
8434,-0.042
8435,-0.039
8436,-0.066
8437,-0.034
8438,-0.071
8439,-0.129
8440,-0.181
8441,-0.112
8442,-0.059
8443,-0.112
8444,-0.161
8445,-0.198
8446,-0.049
8447,-0.112
8448,-0.149
8449,-0.029
8450,-0.042
8451,-0.059
8452,-0.085
8453,0.176
8454,0.017
8455,-0.056
8456,-0.02
8457,-0.027
8458,0.027
8459,0.063
8460,-0.032
8461,-0.115
8462,-0.054
8463,-0.061
8464,-0.051
8465,-0.083
8466,-0.083
8467,-0.029
8468,-0.054
8469,-0.051
8470,-0.059
8471,0.061
8472,0.017
8473,0.007
8474,0.02
8475,0.015
8476,0.085
8477,0.103
8478,0.061
8479,0.012
8480,0.076
8481,0.044
8482,0.017
8483,0.039
8484,0.02
8485,-0.02
8486,0.044
8487,-0.012
8488,-0.054
8489,-0.063
8490,0.007
8491,0.066
8492,-0.134
8493,-0.017
8494,0.176
8495,0.095
8496,0.059
8497,0.039
8498,0.059
8499,-0.044
8500,-0.027
8501,0.063
8502,0.088
8503,0.193
8504,-0.027
8505,-0.049
8506,0.088
8507,0.051
8508,-0.024
8509,-0.066
8510,0.007
8511,-0.024
8512,0.029
8513,0.132
8514,0.012
8515,-0.012
8516,-0.032
8517,0.027
8518,0.085
8519,0.002
8520,0.002
8521,0.02
8522,-0.078
8523,-0.078
8524,-0.015
8525,-0.071
8526,-0.09
8527,-0.071
8528,-0.061
8529,0.029
8530,-0.002
8531,-0.078
8532,0.063
8533,-0.012
8534,-0.056
8535,-0.022
8536,0.042
8537,-0.024
8538,-0.044
8539,-0.059
8540,-0.029
8541,-0.093
8542,0.012
8543,-0.042
8544,-0.083
8545,0.0
8546,-0.024
8547,-0.005
8548,0.059
8549,-0.042
8550,-0.029
8551,0.029
8552,-0.015
8553,-0.015
8554,-0.049
8555,0.0
8556,0.02
8557,-0.027
8558,-0.02
8559,0.02
8560,0.1
8561,0.083
8562,0.098
8563,0.117
8564,0.046
8565,-0.039
8566,0.015
8567,-0.073
8568,0.068
8569,0.029
8570,-0.122
8571,0.156
8572,0.056
8573,0.117
8574,0.056
8575,-0.044
8576,0.098
8577,0.071
8578,0.002
8579,0.076
8580,0.173
8581,0.09
8582,0.024
8583,0.061
8584,0.068
8585,0.061
8586,0.034
8587,0.117
8588,0.073
8589,-0.007
8590,-0.032
8591,-0.017
8592,0.002
8593,-0.029
8594,0.051
8595,0.103
8596,0.063
8597,-0.037
8598,0.056
8599,0.115
8600,-0.034
8601,-0.085
8602,0.09
8603,-0.068
8604,0.005
8605,-0.051
8606,-0.056
8607,-0.017
8608,-0.134
8609,-0.063
8610,-0.01
8611,0.063
8612,0.0
8613,-0.081
8614,0.002
8615,0.046
8616,0.044
8617,-0.024
8618,-0.076
8619,-0.056
8620,-0.012
8621,-0.015
8622,-0.056
8623,-0.034
8624,0.078
8625,-0.012
8626,-0.044
8627,-0.061
8628,0.022
8629,-0.029
8630,-0.144
8631,-0.078
8632,0.02
8633,0.098
8634,-0.056
8635,-0.022
8636,0.024
8637,0.0
8638,0.066
8639,-0.034
8640,0.049
8641,0.029
8642,0.0
8643,-0.093
8644,-0.005
8645,-0.02
8646,-0.1
8647,-0.046
8648,-0.061
8649,-0.037
8650,0.027
8651,0.083
8652,0.042
8653,0.022
8654,0.161
8655,0.071
8656,-0.022
8657,0.154
8658,0.085
8659,0.059
8660,0.037
8661,0.037
8662,0.042
8663,0.066
8664,0.085
8665,-0.002
8666,-0.071
8667,-0.032
8668,-0.01
8669,-0.046
8670,0.054
8671,0.161
8672,0.063
8673,0.029
8674,0.029
8675,0.1
8676,0.093
8677,0.051
8678,0.085
8679,-0.085
8680,0.024
8681,0.098
8682,0.083
8683,0.039
8684,0.022
8685,0.022
8686,0.005
8687,-0.054
8688,-0.022
8689,0.144
8690,0.085
8691,-0.049
8692,-0.059
8693,-0.024
8694,0.005
8695,-0.039
8696,-0.012
8697,0.022
8698,0.188
8699,0.076
8700,-0.01
8701,-0.049
8702,-0.083
8703,-0.039
8704,-0.107
8705,-0.181
8706,-0.005
8707,-0.039
8708,-0.125
8709,-0.137
8710,-0.105
8711,-0.051
8712,-0.02
8713,-0.083
8714,-0.059
8715,-0.095
8716,-0.083
8717,-0.122
8718,-0.024
8719,0.0
8720,-0.02
8721,0.01
8722,-0.032
8723,-0.076
8724,0.046
8725,-0.015
8726,0.037
8727,0.044
8728,-0.09
8729,0.002
8730,-0.095
8731,-0.078
8732,-0.115
8733,0.066
8734,0.039
8735,0.059
8736,0.017
8737,0.017
8738,0.056
8739,-0.034
8740,0.061
8741,0.139
8742,0.056
8743,-0.095
8744,-0.071
8745,0.051
8746,-0.056
8747,0.027
8748,-0.024
8749,-0.037
8750,-0.005
8751,-0.042
8752,-0.032
8753,-0.02
8754,-0.02
8755,0.012
8756,0.044
8757,0.024
8758,0.056
8759,0.049
8760,0.02
8761,0.017
8762,-0.024
8763,0.129
8764,0.073
8765,0.029
8766,0.002
8767,-0.125
8768,-0.081
8769,-0.049
8770,-0.088
8771,-0.022
8772,-0.044
8773,-0.022
8774,-0.017
8775,0.061
8776,0.081
8777,0.059
8778,-0.042
8779,0.073
8780,0.005
8781,-0.007
8782,0.081
8783,-0.063
8784,0.034
8785,-0.024
8786,-0.083
8787,-0.073
8788,-0.015
8789,0.024
8790,-0.095
8791,-0.144
8792,-0.034
8793,-0.046
8794,-0.12
8795,-0.127
8796,-0.073
8797,0.007
8798,0.051
8799,0.015
8800,-0.02
8801,-0.032
8802,0.073
8803,0.024
8804,-0.081
8805,0.022
8806,0.049
8807,0.059
8808,0.034
8809,0.012
8810,0.042
8811,0.0
8812,-0.073
8813,0.005
8814,-0.085
8815,0.059
8816,0.007
8817,-0.024
8818,0.049
8819,0.068
8820,0.115
8821,0.029
8822,0.12
8823,0.181
8824,0.122
8825,0.076
8826,0.076
8827,0.007
8828,-0.012
8829,-0.068
8830,-0.071
8831,-0.125
8832,-0.046
8833,0.056
8834,-0.037
8835,-0.051
8836,0.051
8837,0.042
8838,0.002
8839,0.017
8840,0.039
8841,0.02
8842,0.042
8843,-0.049
8844,0.022
8845,-0.01
8846,0.063
8847,0.046
8848,-0.032
8849,-0.01
8850,-0.042
8851,-0.017
8852,-0.056
8853,0.0
8854,0.002
8855,-0.063
8856,-0.027
8857,-0.007
8858,-0.051
8859,-0.015
8860,0.02
8861,-0.01
8862,0.01
8863,0.046
8864,0.066
8865,-0.015
8866,-0.054
8867,-0.017
8868,0.046
8869,-0.054
8870,-0.076
8871,-0.022
8872,-0.09
8873,-0.063
8874,-0.039
8875,-0.098
8876,-0.017
8877,-0.042
8878,-0.049
8879,-0.054
8880,-0.017
8881,-0.024
8882,0.027
8883,-0.037
8884,-0.049
8885,-0.103
8886,-0.015
8887,-0.022
8888,0.039
8889,0.029
8890,-0.071
8891,-0.054
8892,-0.093
8893,-0.039
8894,-0.005
8895,-0.1
8896,-0.012
8897,-0.012
8898,0.015
8899,-0.029
8900,0.032
8901,0.027
8902,0.037
8903,-0.02
8904,-0.007
8905,-0.029
8906,0.022
8907,-0.022
8908,-0.049
8909,0.002
8910,0.02
8911,-0.032
8912,-0.044
8913,0.027
8914,-0.022
8915,-0.044
8916,0.034
8917,0.022
8918,0.066
8919,0.129
8920,0.149
8921,0.029
8922,0.02
8923,0.029
8924,0.063
8925,0.029
8926,0.027
8927,-0.012
8928,-0.039
8929,0.017
8930,-0.032
8931,0.017
8932,0.002
8933,-0.027
8934,0.024
8935,-0.012
8936,0.029
8937,0.068
8938,0.066
8939,0.12
8940,0.022
8941,0.027
8942,0.044
8943,0.068
8944,0.015
8945,-0.027
8946,-0.007
8947,0.178
8948,0.01
8949,-0.068
8950,-0.015
8951,-0.085
8952,-0.159
8953,-0.088
8954,0.059
8955,0.017
8956,-0.027
8957,-0.078
8958,-0.007
8959,0.017
8960,0.024
8961,-0.11
8962,-0.039
8963,0.056
8964,0.002
8965,-0.044
8966,-0.042
8967,-0.051
8968,-0.015
8969,-0.024
8970,-0.151
8971,-0.034
8972,0.002
8973,-0.012
8974,-0.103
8975,-0.051
8976,0.032
8977,-0.034
8978,0.024
8979,0.073
8980,0.012
8981,-0.046
8982,0.1
8983,0.071
8984,0.017
8985,-0.095
8986,-0.095
8987,0.09
8988,-0.01
8989,-0.129
8990,-0.027
8991,-0.144
8992,-0.039
8993,-0.063
8994,-0.061
8995,-0.017
8996,0.015
8997,0.081
8998,0.015
8999,-0.105
9000,0.017
9001,0.09
9002,0.117
9003,-0.017
9004,0.005
9005,0.068
9006,0.029
9007,0.098
9008,0.056
9009,0.063
9010,-0.134
9011,-0.125
9012,-0.063
9013,-0.015
9014,-0.054
9015,-0.093
9016,-0.171
9017,-0.134
9018,-0.005
9019,-0.173
9020,0.034
9021,0.159
9022,0.078
9023,0.068
9024,-0.168
9025,-0.1
9026,0.107
9027,0.044
9028,0.078
9029,-0.156
9030,-0.017
9031,-0.032
9032,-0.063
9033,-0.063
9034,-0.1
9035,0.015
9036,0.032
9037,-0.022
9038,-0.1
9039,-0.066
9040,0.027
9041,-0.093
9042,-0.107
9043,-0.129
9044,0.002
9045,-0.005
9046,-0.049
9047,-0.01
9048,0.051
9049,0.02
9050,-0.093
9051,-0.066
9052,-0.068
9053,0.056
9054,-0.002
9055,-0.09
9056,-0.051
9057,-0.022
9058,0.002
9059,-0.034
9060,-0.12
9061,-0.112
9062,0.02
9063,0.02
9064,-0.017
9065,-0.049
9066,0.029
9067,0.093
9068,-0.071
9069,0.012
9070,0.029
9071,0.129
9072,0.017
9073,-0.027
9074,0.012
9075,-0.015
9076,0.159
9077,0.078
9078,0.188
9079,0.02
9080,0.117
9081,0.244
9082,0.056
9083,-0.044
9084,-0.073
9085,0.117
9086,0.139
9087,-0.01
9088,-0.088
9089,0.063
9090,-0.015
9091,0.056
9092,-0.002
9093,-0.044
9094,0.083
9095,-0.012
9096,-0.032
9097,0.037
9098,0.046
9099,0.044
9100,0.042
9101,0.037
9102,0.083
9103,0.007
9104,0.005
9105,0.02
9106,-0.015
9107,0.081
9108,-0.044
9109,-0.015
9110,-0.105
9111,-0.178
9112,-0.149
9113,-0.037
9114,0.029
9115,-0.01
9116,0.002
9117,-0.09
9118,-0.085
9119,0.103
9120,0.103
9121,-0.085
9122,-0.015
9123,-0.007
9124,0.112
9125,-0.066
9126,-0.164
9127,-0.09
9128,-0.027
9129,-0.061
9130,-0.071
9131,-0.085
9132,-0.103
9133,-0.095
9134,-0.19
9135,-0.103
9136,-0.181
9137,-0.144
9138,0.105
9139,-0.071
9140,-0.044
9141,-0.012
9142,0.037
9143,0.029
9144,-0.081
9145,0.042
9146,0.095
9147,-0.044
9148,-0.039
9149,-0.127
9150,-0.151
9151,0.039
9152,0.01
9153,-0.039
9154,-0.02
9155,-0.002
9156,-0.078
9157,0.01
9158,0.166
9159,0.039
9160,-0.178
9161,-0.049
9162,0.061
9163,-0.005
9164,0.061
9165,-0.059
9166,0.002
9167,0.103
9168,0.073
9169,0.115
9170,0.107
9171,0.12
9172,0.127
9173,0.149
9174,0.042
9175,0.056
9176,0.146
9177,0.125
9178,0.027
9179,0.049
9180,0.186
9181,0.176
9182,0.042
9183,0.229
9184,0.183
9185,0.149
9186,0.115
9187,-0.034
9188,0.117
9189,0.002
9190,0.103
9191,0.078
9192,-0.034
9193,-0.076
9194,-0.054
9195,0.007
9196,0.037
9197,-0.037
9198,-0.002
9199,0.022
9200,0.012
9201,-0.02
9202,-0.02
9203,0.005
9204,0.024
9205,-0.061
9206,-0.081
9207,-0.063
9208,-0.044
9209,-0.042
9210,-0.068
9211,0.049
9212,-0.12
9213,-0.061
9214,-0.068
9215,-0.024
9216,-0.027
9217,-0.12
9218,-0.01
9219,-0.051
9220,-0.149
9221,0.042
9222,-0.103
9223,-0.171
9224,-0.024
9225,-0.024
9226,-0.027
9227,-0.164
9228,-0.034
9229,-0.002
9230,-0.032
9231,-0.149
9232,-0.151
9233,-0.144
9234,-0.098
9235,-0.151
9236,-0.137
9237,-0.22
9238,-0.142
9239,-0.125
9240,-0.042
9241,-0.105
9242,-0.093
9243,0.007
9244,0.027
9245,0.088
9246,0.059
9247,0.061
9248,0.054
9249,0.005
9250,0.081
9251,0.085
9252,-0.02
9253,0.034
9254,-0.095
9255,-0.01
9256,0.1
9257,0.078
9258,-0.056
9259,0.088
9260,0.027
9261,0.012
9262,0.115
9263,0.056
9264,0.168
9265,0.149
9266,0.054
9267,0.186
9268,0.1
9269,0.117
9270,0.107
9271,0.01
9272,0.054
9273,0.107
9274,0.049
9275,-0.071
9276,-0.032
9277,-0.015
9278,0.066
9279,-0.037
9280,-0.071
9281,0.039
9282,-0.017
9283,-0.01
9284,0.063
9285,0.063
9286,0.049
9287,0.002
9288,-0.024
9289,0.117
9290,0.081
9291,-0.042
9292,0.046
9293,-0.085
9294,-0.002
9295,-0.024
9296,-0.1
9297,-0.002
9298,-0.059
9299,-0.032
9300,0.081
9301,-0.046
9302,-0.002
9303,-0.085
9304,-0.056
9305,-0.073
9306,-0.112
9307,0.039
9308,0.0
9309,-0.103
9310,-0.002
9311,-0.046
9312,-0.107
9313,-0.012
9314,0.015
9315,-0.051
9316,-0.068
9317,-0.122
9318,-0.127
9319,-0.173
9320,-0.115
9321,-0.073
9322,-0.178
9323,-0.159
9324,-0.107
9325,0.017
9326,-0.051
9327,-0.061
9328,0.032
9329,0.029
9330,0.027
9331,0.02
9332,-0.029
9333,0.11
9334,-0.002
9335,0.107
9336,0.12
9337,0.039
9338,0.049
9339,0.095
9340,0.024
9341,0.015
9342,0.051
9343,0.095
9344,-0.034
9345,0.093
9346,0.276
9347,0.1
9348,0.037
9349,0.117
9350,0.039
9351,0.063
9352,0.061
9353,-0.044
9354,0.034
9355,0.063
9356,-0.049
9357,-0.085
9358,-0.044
9359,-0.037
9360,-0.024
9361,-0.005
9362,0.066
9363,0.061
9364,0.015
9365,-0.034
9366,0.112
9367,0.146
9368,0.081
9369,0.154
9370,0.107
9371,0.12
9372,0.115
9373,0.098
9374,0.107
9375,0.09
9376,0.125
9377,0.11
9378,-0.039
9379,0.005
9380,0.144
9381,0.059
9382,-0.027
9383,0.015
9384,0.007
9385,-0.015
9386,0.046
9387,0.007
9388,-0.015
9389,0.085
9390,0.042
9391,0.01
9392,-0.063
9393,-0.005
9394,0.02
9395,-0.059
9396,-0.059
9397,-0.105
9398,-0.01
9399,0.007
9400,-0.015
9401,-0.054
9402,0.032
9403,-0.034
9404,-0.063
9405,-0.073
9406,-0.005
9407,0.129
9408,-0.049
9409,0.029
9410,0.083
9411,0.017
9412,0.068
9413,-0.007
9414,-0.046
9415,0.095
9416,0.044
9417,-0.042
9418,0.034
9419,-0.078
9420,0.129
9421,0.037
9422,0.01
9423,0.061
9424,-0.002
9425,0.042
9426,-0.012
9427,0.073
9428,-0.015
9429,0.007
9430,0.2
9431,0.103
9432,0.098
9433,0.142
9434,0.083
9435,-0.022
9436,0.083
9437,0.112
9438,0.085
9439,0.103
9440,0.085
9441,0.142
9442,0.161
9443,0.01
9444,0.049
9445,0.022
9446,0.037
9447,0.103
9448,0.032
9449,0.007
9450,0.059
9451,0.063
9452,0.088
9453,0.088
9454,0.007
9455,0.125
9456,0.122
9457,0.029
9458,-0.044
9459,0.002
9460,-0.034
9461,0.056
9462,0.105
9463,0.032
9464,-0.046
9465,-0.12
9466,-0.044
9467,0.1
9468,0.063
9469,0.007
9470,0.02
9471,0.071
9472,0.024
9473,-0.037
9474,-0.063
9475,-0.059
9476,-0.09
9477,-0.002
9478,-0.02
9479,-0.095
9480,-0.056
9481,-0.063
9482,-0.015
9483,-0.09
9484,-0.078
9485,-0.039
9486,-0.032
9487,-0.007
9488,-0.01
9489,0.01
9490,-0.037
9491,-0.083
9492,-0.142
9493,-0.066
9494,-0.071
9495,0.059
9496,0.032
9497,-0.046
9498,-0.059
9499,-0.042
9500,0.0
9501,0.076
9502,0.093
9503,0.007
9504,-0.022
9505,0.032
9506,0.076
9507,-0.024
9508,-0.022
9509,0.137
9510,0.093
9511,0.066
9512,0.081
9513,0.083
9514,-0.132
9515,-0.01
9516,0.015
9517,-0.029
9518,-0.005
9519,-0.017
9520,0.002
9521,-0.044
9522,-0.02
9523,0.049
9524,0.002
9525,-0.063
9526,0.039
9527,0.063
9528,0.032
9529,0.134
9530,-0.002
9531,-0.059
9532,0.115
9533,-0.005
9534,-0.093
9535,-0.081
9536,0.024
9537,-0.056
9538,-0.056
9539,-0.01
9540,-0.081
9541,-0.042
9542,0.09
9543,-0.029
9544,0.063
9545,-0.078
9546,-0.039
9547,0.024
9548,-0.054
9549,0.042
9550,-0.022
9551,-0.015
9552,0.073
9553,-0.095
9554,-0.051
9555,0.071
9556,-0.164
9557,0.046
9558,0.012
9559,-0.073
9560,-0.081
9561,-0.166
9562,-0.073
9563,-0.034
9564,-0.149
9565,-0.076
9566,-0.117
9567,-0.117
9568,0.034
9569,0.054
9570,-0.095
9571,-0.063
9572,0.012
9573,-0.017
9574,-0.024
9575,-0.085
9576,0.0
9577,-0.01
9578,-0.063
9579,-0.115
9580,-0.254
9581,-0.02
9582,-0.105
9583,-0.107
9584,-0.01
9585,-0.029
9586,-0.081
9587,-0.061
9588,-0.02
9589,0.027
9590,-0.144
9591,-0.007
9592,0.085
9593,0.059
9594,-0.005
9595,-0.034
9596,-0.139
9597,-0.044
9598,-0.049
9599,-0.007
9600,0.049
9601,-0.046
9602,0.061
9603,-0.081
9604,-0.066
9605,-0.034
9606,0.015
9607,0.042
9608,-0.02
9609,0.042
9610,0.129
9611,-0.024
9612,-0.032
9613,0.063
9614,-0.059
9615,-0.007
9616,0.032
9617,-0.063
9618,0.002
9619,-0.059
9620,-0.071
9621,-0.127
9622,-0.09
9623,0.066
9624,-0.076
9625,-0.061
9626,0.024
9627,-0.115
9628,0.042
9629,-0.076
9630,-0.054
9631,0.059
9632,0.051
9633,0.029
9634,0.046
9635,0.063
9636,-0.071
9637,-0.181
9638,-0.007
9639,-0.134
9640,-0.088
9641,-0.073
9642,-0.063
9643,-0.11
9644,-0.237
9645,-0.166
9646,-0.09
9647,-0.154
9648,-0.125
9649,-0.164
9650,-0.176
9651,-0.081
9652,-0.117
9653,-0.051
9654,-0.007
9655,-0.061
9656,-0.146
9657,-0.054
9658,-0.022
9659,-0.076
9660,-0.071
9661,-0.061
9662,-0.088
9663,-0.093
9664,-0.027
9665,-0.12
9666,-0.193
9667,-0.083
9668,-0.056
9669,-0.005
9670,-0.027
9671,0.015
9672,0.034
9673,-0.083
9674,0.012
9675,0.056
9676,0.015
9677,0.051
9678,0.039
9679,0.054
9680,-0.017
9681,-0.105
9682,-0.032
9683,-0.061
9684,-0.042
9685,0.007
9686,0.073
9687,0.022
9688,-0.059
9689,-0.042
9690,0.076
9691,0.01
9692,-0.032
9693,0.002
9694,0.161
9695,0.076
9696,0.051
9697,0.088
9698,0.039
9699,-0.056
9700,-0.042
9701,-0.076
9702,0.046
9703,-0.059
9704,0.024
9705,0.068
9706,0.056
9707,-0.046
9708,0.122
9709,0.054
9710,0.112
9711,0.068
9712,0.154
9713,0.166
9714,0.012
9715,0.098
9716,0.21
9717,-0.029
9718,-0.027
9719,0.09
9720,-0.073
9721,0.029
9722,-0.022
9723,-0.095
9724,0.037
9725,-0.083
9726,-0.071
9727,-0.005
9728,0.0
9729,0.09
9730,-0.015
9731,-0.049
9732,0.049
9733,0.083
9734,0.051
9735,-0.068
9736,-0.024
9737,0.01
9738,0.066
9739,0.005
9740,0.088
9741,0.027
9742,-0.098
9743,-0.076
9744,-0.088
9745,-0.071
9746,-0.051
9747,-0.012
9748,-0.044
9749,0.0
9750,0.002
9751,-0.076
9752,-0.107
9753,0.039
9754,-0.059
9755,0.063
9756,-0.005
9757,-0.088
9758,0.039
9759,-0.078
9760,-0.088
9761,-0.134
9762,-0.042
9763,-0.022
9764,-0.046
9765,-0.056
9766,-0.022
9767,0.027
9768,-0.051
9769,0.0
9770,-0.059
9771,-0.039
9772,0.071
9773,0.068
9774,0.149
9775,0.127
9776,0.088
9777,0.11
9778,0.078
9779,0.161
9780,-0.01
9781,-0.012
9782,0.115
9783,0.032
9784,0.051
9785,0.044
9786,0.063
9787,0.09
9788,-0.017
9789,0.085
9790,0.039
9791,0.1
9792,0.129
9793,0.168
9794,0.095
9795,0.032
9796,0.061
9797,0.161
9798,0.078
9799,0.059
9800,0.195
9801,0.012
9802,0.02
9803,0.039
9804,-0.034
9805,-0.002
9806,-0.059
9807,-0.088
9808,-0.061
9809,-0.046
9810,0.051
9811,0.083
9812,-0.088
9813,0.078
9814,-0.007
9815,-0.071
9816,-0.046
9817,-0.027
9818,-0.022
9819,-0.112
9820,-0.007
9821,0.046
9822,-0.129
9823,-0.066
9824,-0.095
9825,-0.122
9826,-0.178
9827,-0.081
9828,0.098
9829,0.002
9830,0.024
9831,0.017
9832,-0.037
9833,-0.027
9834,-0.005
9835,0.068
9836,0.037
9837,0.051
9838,0.007
9839,-0.054
9840,-0.037
9841,-0.085
9842,-0.083
9843,0.032
9844,0.029
9845,-0.049
9846,0.005
9847,-0.107
9848,-0.051
9849,-0.066
9850,-0.039
9851,0.168
9852,0.027
9853,0.076
9854,0.024
9855,0.085
9856,0.027
9857,-0.012
9858,-0.051
9859,0.085
9860,0.024
9861,0.049
9862,0.063
9863,-0.024
9864,0.039
9865,-0.007
9866,0.049
9867,0.125
9868,0.068
9869,0.161
9870,-0.024
9871,0.149
9872,0.115
9873,0.127
9874,0.183
9875,0.161
9876,0.039
9877,0.054
9878,0.173
9879,0.085
9880,0.093
9881,0.095
9882,-0.085
9883,-0.034
9884,-0.037
9885,0.056
9886,0.039
9887,-0.068
9888,-0.034
9889,0.159
9890,0.0
9891,0.037
9892,-0.015
9893,0.01
9894,0.188
9895,0.188
9896,0.105
9897,-0.017
9898,0.095
9899,0.09
9900,0.098
9901,-0.088
9902,-0.071
9903,0.039
9904,-0.117
9905,-0.071
9906,0.066
9907,-0.029
9908,-0.046
9909,-0.027
9910,-0.061
9911,-0.137
9912,-0.088
9913,-0.032
9914,0.073
9915,0.193
9916,-0.027
9917,0.012
9918,0.034
9919,-0.027
9920,-0.01
9921,-0.034
9922,-0.061
9923,-0.012
9924,-0.015
9925,0.027
9926,-0.071
9927,0.002
9928,-0.046
9929,-0.105
9930,-0.081
9931,-0.139
9932,0.032
9933,0.105
9934,-0.073
9935,0.012
9936,-0.022
9937,0.022
9938,0.117
9939,0.083
9940,0.071
9941,0.081
9942,-0.005
9943,-0.002
9944,-0.022
9945,0.02
9946,-0.012
9947,-0.078
9948,0.024
9949,0.093
9950,0.02
9951,0.144
9952,-0.012
9953,0.022
9954,0.037
9955,0.098
9956,0.2
9957,0.134
9958,0.054
9959,0.127
9960,-0.039
9961,0.042
9962,-0.005
9963,-0.042
9964,0.088
9965,0.007
9966,0.02
9967,-0.034
9968,-0.076
9969,-0.046
9970,0.122
9971,0.093
9972,0.154
9973,0.042
9974,-0.027
9975,0.049
9976,0.076
9977,0.132
9978,0.027
9979,-0.02
9980,0.103
9981,0.056
9982,0.085
9983,-0.039
9984,-0.039
9985,-0.005
9986,0.0
9987,-0.088
9988,-0.066
9989,-0.005
9990,-0.056
9991,-0.068
9992,-0.059
9993,-0.02
9994,-0.039
9995,0.02
9996,-0.005
9997,-0.056
9998,-0.037
9999,0.012
10000,0.037
10001,-0.002
10002,-0.12
10003,0.015
10004,0.027
10005,-0.137
10006,-0.051
10007,-0.054
10008,-0.042
10009,-0.076
10010,-0.044
10011,-0.024
10012,-0.01
10013,-0.002
10014,0.115
10015,-0.027
10016,-0.017
10017,0.034
10018,-0.015
10019,-0.015
10020,-0.112
10021,0.007
10022,0.039
10023,0.017
10024,0.083
10025,-0.061
10026,0.002
10027,-0.125
10028,0.029
10029,0.027
10030,0.032
10031,-0.054
10032,0.027
10033,0.059
10034,0.122
10035,0.146
10036,0.034
10037,0.059
10038,0.156
10039,0.21
10040,0.054
10041,-0.059
10042,0.005
10043,0.093
10044,0.09
10045,-0.044
10046,-0.059
10047,0.0
10048,-0.024
10049,-0.078
10050,-0.01
10051,0.098
10052,0.073
10053,0.11
10054,-0.005
10055,0.134
10056,0.144
10057,0.117
10058,0.061
10059,0.217
10060,0.049
10061,0.083
10062,0.027
10063,-0.034
10064,0.068
10065,-0.054
10066,-0.037
10067,-0.127
10068,-0.112
10069,0.059
10070,-0.071
10071,-0.127
10072,0.017
10073,0.205
10074,-0.015
10075,-0.112
10076,-0.002
10077,0.142
10078,0.029
10079,-0.083
10080,-0.098
10081,0.049
10082,0.032
10083,-0.027
10084,-0.156
10085,-0.107
10086,-0.066
10087,-0.034
10088,-0.088
10089,-0.144
10090,0.027
10091,-0.017
10092,-0.078
10093,-0.076
10094,-0.125
10095,-0.049
10096,0.054
10097,0.029
10098,-0.046
10099,-0.063
10100,-0.051
10101,0.095
10102,0.098
10103,0.017
10104,-0.059
10105,-0.144
10106,-0.093
10107,-0.029
10108,-0.029
10109,-0.171
10110,-0.049
10111,0.117
10112,-0.027
10113,-0.039
10114,-0.071
10115,0.032
10116,0.017
10117,0.007
10118,0.024
10119,-0.015
10120,-0.032
10121,0.042
10122,0.054
10123,0.037
10124,-0.034
10125,0.005
10126,0.076
10127,0.039
10128,0.02
10129,-0.022
10130,0.024
10131,0.12
10132,0.054
10133,0.078
10134,0.085
10135,0.144
10136,0.134
10137,0.024
10138,0.01
10139,0.107
10140,-0.002
10141,0.095
10142,0.115
10143,-0.015
10144,0.022
10145,-0.002
10146,-0.093
10147,-0.078
10148,-0.049
10149,0.046
10150,0.007
10151,-0.095
10152,0.015
10153,0.095
10154,0.083
10155,-0.032
10156,-0.107
10157,0.0
10158,0.005
10159,0.01
10160,-0.049
10161,-0.103
10162,0.007
10163,-0.037
10164,-0.103
10165,-0.129
10166,-0.056
10167,0.007
10168,0.0
10169,-0.093
10170,-0.188
10171,-0.059
10172,0.12
10173,0.061
10174,-0.154
10175,-0.071
10176,-0.085
10177,0.049
10178,0.017
10179,-0.027
10180,-0.11
10181,-0.068
10182,-0.056
10183,-0.081
10184,-0.122
10185,-0.066
10186,0.044
10187,-0.046
10188,-0.171
10189,-0.188
10190,0.073
10191,0.071
10192,-0.054
10193,0.037
10194,-0.022
10195,-0.112
10196,0.095
10197,0.093
10198,0.029
10199,0.024
10200,-0.002
10201,0.032
10202,-0.024
10203,-0.044
10204,0.093
10205,0.098
10206,-0.103
10207,-0.024
10208,-0.01
10209,-0.115
10210,-0.066
10211,0.049
10212,0.129
10213,-0.061
10214,-0.107
10215,0.056
10216,0.1
10217,0.017
10218,-0.071
10219,-0.037
10220,0.054
10221,0.073
10222,0.059
10223,-0.076
10224,-0.046
10225,0.068
10226,0.01
10227,-0.039
10228,-0.01
10229,0.059
10230,0.093
10231,-0.007
10232,-0.083
10233,0.017
10234,-0.005
10235,0.037
10236,0.015
10237,-0.032
10238,-0.032
10239,-0.081
10240,0.066
10241,-0.017
10242,-0.059
10243,-0.076
10244,-0.044
10245,-0.059
10246,-0.205
10247,-0.212
10248,0.034
10249,0.042
10250,-0.071
10251,-0.142
10252,-0.151
10253,-0.046
10254,-0.122
10255,-0.042
10256,0.073
10257,-0.134
10258,0.007
10259,-0.024
10260,-0.042
10261,0.007
10262,-0.071
10263,-0.015
10264,-0.061
10265,-0.015
10266,-0.034
10267,-0.168
10268,-0.044
10269,-0.117
10270,-0.088
10271,-0.044
10272,-0.078
10273,-0.11
10274,-0.017
10275,0.017
10276,0.0
10277,-0.015
10278,-0.02
10279,0.005
10280,-0.032
10281,-0.007
10282,0.059
10283,-0.037
10284,0.098
10285,0.049
10286,-0.054
10287,-0.056
10288,-0.056
10289,-0.049
10290,-0.046
10291,-0.051
10292,-0.002
10293,-0.02
10294,-0.002
10295,0.066
10296,0.007
10297,-0.024
10298,0.046
10299,0.09
10300,0.002
10301,0.034
10302,-0.029
10303,0.1
10304,0.039
10305,0.063
10306,0.063
10307,0.046
10308,0.076
10309,0.049
10310,0.071
10311,0.105
10312,-0.012
10313,-0.02
10314,-0.015
10315,0.078
10316,0.12
10317,0.039
10318,0.015
10319,0.01
10320,0.042
10321,0.027
10322,0.088
10323,0.042
10324,-0.007
10325,0.032
10326,-0.049
10327,-0.066
10328,-0.076
10329,0.076
10330,-0.02
10331,-0.112
10332,0.027
10333,-0.103
10334,-0.017
10335,-0.098
10336,-0.051
10337,0.032
10338,-0.022
10339,-0.134
10340,-0.144
10341,0.051
10342,0.017
10343,-0.083
10344,-0.137
10345,-0.073
10346,-0.093
10347,-0.159
10348,-0.042
10349,0.002
10350,-0.01
10351,-0.146
10352,-0.205
10353,-0.073
10354,0.002
10355,-0.132
10356,-0.085
10357,0.015
10358,0.051
10359,0.078
10360,-0.029
10361,0.012
10362,0.078
10363,0.039
10364,-0.032
10365,0.015
10366,-0.051
10367,-0.054
10368,-0.02
10369,-0.132
10370,-0.032
10371,-0.049
10372,0.01
10373,0.01
10374,-0.103
10375,0.054
10376,0.078
10377,0.01
10378,0.032
10379,0.063
10380,0.11
10381,0.12
10382,0.024
10383,0.056
10384,0.024
10385,0.122
10386,0.088
10387,-0.037
10388,-0.056
10389,-0.002
10390,-0.02
10391,0.129
10392,0.017
10393,-0.061
10394,0.01
10395,0.0
10396,-0.02
10397,-0.054
10398,-0.015
10399,0.012
10400,0.115
10401,0.042
10402,-0.037
10403,0.024
10404,-0.051
10405,0.071
10406,0.022
10407,-0.049
10408,-0.059
10409,-0.024
10410,0.068
10411,-0.115
10412,0.029
10413,-0.046
10414,-0.081
10415,-0.061
10416,0.005
10417,-0.029
10418,-0.073
10419,-0.083
10420,0.044
10421,0.085
10422,0.005
10423,0.088
10424,0.059
10425,0.007
10426,-0.029
10427,0.037
10428,-0.005
10429,-0.103
10430,-0.042
10431,-0.037
10432,-0.042
10433,-0.09
10434,-0.081
10435,0.024
10436,-0.037
10437,-0.054
10438,-0.081
10439,-0.078
10440,-0.017
10441,-0.015
10442,0.015
10443,0.017
10444,-0.032
10445,-0.071
10446,-0.061
10447,-0.073
10448,-0.046
10449,0.039
10450,-0.032
10451,-0.034
10452,-0.061
10453,-0.09
10454,-0.02
10455,-0.09
10456,-0.054
10457,0.1
10458,-0.01
10459,0.063
10460,0.107
10461,0.083
10462,0.054
10463,0.073
10464,0.046
10465,-0.015
10466,0.02
10467,0.061
10468,0.063
10469,0.032
10470,0.029
10471,-0.046
10472,0.039
10473,0.01
10474,0.029
10475,0.076
10476,0.061
10477,0.02
10478,0.125
10479,0.112
10480,0.044
10481,0.049
10482,0.044
10483,0.071
10484,-0.037
10485,-0.063
10486,0.056
10487,0.002
10488,0.02
10489,0.039
10490,0.032
10491,-0.049
10492,0.063
10493,-0.039
10494,0.007
10495,0.071
10496,0.01
10497,-0.032
10498,0.017
10499,-0.022
10500,-0.027
10501,0.059
10502,0.027
10503,0.015
10504,0.056
10505,-0.081
10506,-0.034
10507,-0.029
10508,-0.024
10509,0.017
10510,-0.095
10511,-0.178
10512,-0.2
10513,-0.151
10514,-0.017
10515,-0.022
10516,-0.166
10517,-0.09
10518,-0.076
10519,-0.056
10520,0.02
10521,0.024
10522,-0.037
10523,0.005
10524,0.059
10525,-0.027
10526,-0.049
10527,-0.037
10528,-0.002
10529,0.071
10530,0.046
10531,0.071
10532,-0.059
10533,-0.085
10534,-0.063
10535,-0.12
10536,-0.071
10537,-0.09
10538,-0.095
10539,0.088
10540,-0.01
10541,-0.054
10542,-0.005
10543,0.105
10544,0.081
10545,0.12
10546,-0.002
10547,-0.015
10548,0.056
10549,0.095
10550,-0.015
10551,0.002
10552,0.002
10553,0.105
10554,0.027
10555,-0.015
10556,-0.11
10557,-0.066
10558,-0.068
10559,0.083
10560,0.227
10561,0.1
10562,0.051
10563,0.095
10564,0.134
10565,0.129
10566,0.09
10567,0.161
10568,0.154
10569,0.056
10570,0.022
10571,0.029
10572,0.061
10573,0.037
10574,0.027
10575,0.007
10576,-0.054
10577,-0.007
10578,0.059
10579,-0.042
10580,-0.1
10581,-0.032
10582,0.012
10583,0.029
10584,0.049
10585,-0.022
10586,0.01
10587,0.044
10588,-0.02
10589,-0.066
10590,0.002
10591,-0.027
10592,-0.005
10593,0.007
10594,-0.049
10595,0.02
10596,-0.054
10597,-0.076
10598,-0.061
10599,-0.088
10600,-0.11
10601,0.007
10602,0.046
10603,-0.007
10604,-0.071
10605,0.049
10606,0.049
10607,-0.054
10608,-0.024
10609,-0.095
10610,-0.125
10611,-0.02
10612,-0.129
10613,-0.115
10614,-0.088
10615,-0.042
10616,-0.049
10617,-0.117
10618,-0.085
10619,0.01
10620,-0.11
10621,-0.093
10622,-0.022
10623,0.049
10624,-0.024
10625,-0.005
10626,0.046
10627,0.09
10628,0.022
10629,-0.046
10630,-0.066
10631,-0.151
10632,0.012
10633,0.076
10634,0.063
10635,0.0
10636,0.071
10637,0.015
10638,-0.027
10639,0.095
10640,0.11
10641,0.183
10642,0.046
10643,0.12
10644,0.127
10645,0.071
10646,0.146
10647,0.039
10648,-0.002
10649,0.066
10650,0.081
10651,-0.134
10652,-0.044
10653,-0.007
10654,0.063
10655,0.088
10656,0.034
10657,-0.012
10658,0.029
10659,0.188
10660,0.068
10661,-0.049
10662,0.073
10663,0.09
10664,0.066
10665,0.112
10666,0.176
10667,0.051
10668,0.095
10669,-0.022
10670,0.017
10671,0.083
10672,-0.071
10673,0.012
10674,0.042
10675,0.068
10676,-0.005
10677,-0.085
10678,-0.015
10679,-0.01
10680,-0.186
10681,-0.125
10682,-0.09
10683,0.022
10684,-0.032
10685,-0.002
10686,0.061
10687,-0.056
10688,0.002
10689,-0.061
10690,-0.105
10691,-0.144
10692,-0.061
10693,-0.066
10694,-0.142
10695,0.007
10696,-0.022
10697,-0.12
10698,-0.071
10699,-0.054
10700,-0.139
10701,0.0
10702,0.054
10703,-0.012
10704,0.024
10705,-0.02
10706,0.103
10707,-0.059
10708,-0.022
10709,0.02
10710,-0.056
10711,0.051
10712,0.1
10713,-0.078
10714,-0.166
10715,-0.02
10716,-0.002
10717,-0.027
10718,0.02
10719,-0.024
10720,-0.068
10721,0.073
10722,0.029
10723,0.107
10724,-0.015
10725,-0.02
10726,0.042
10727,0.032
10728,-0.056
10729,0.032
10730,0.051
10731,0.105
10732,0.022
10733,0.015
10734,0.0
10735,0.129
10736,0.178
10737,0.024
10738,0.027
10739,0.107
10740,0.054
10741,0.11
10742,0.132
10743,0.095
10744,0.037
10745,0.029
10746,0.098
10747,0.161
10748,0.034
10749,0.032
10750,0.081
10751,0.007
10752,-0.01
10753,-0.066
10754,0.012
10755,-0.015
10756,0.049
10757,-0.061
10758,-0.134
10759,-0.083
10760,-0.093
10761,0.056
10762,-0.017
10763,0.039
10764,-0.034
10765,-0.005
10766,0.117
10767,0.09
10768,-0.002
10769,0.1
10770,-0.059
10771,0.002
10772,0.027
10773,0.01
10774,-0.029
10775,-0.029
10776,-0.066
10777,-0.032
10778,-0.027
10779,-0.039
10780,0.024
10781,0.032
10782,-0.117
10783,-0.11
10784,0.032
10785,0.066
10786,-0.081
10787,-0.095
10788,0.083
10789,-0.044
10790,0.007
10791,-0.01
10792,-0.142
10793,-0.017
10794,-0.037
10795,-0.042
10796,-0.144
10797,-0.076
10798,0.024
10799,-0.032
10800,-0.107
10801,0.117
10802,0.107
10803,-0.034
10804,-0.076
10805,0.059
10806,0.088
10807,0.024
10808,-0.032
10809,0.142
10810,0.09
10811,0.071
10812,0.012
10813,0.076
10814,0.059
10815,-0.017
10816,0.022
10817,-0.02
10818,0.002
10819,0.112
10820,0.049
10821,-0.024
10822,-0.029
10823,0.076
10824,0.103
10825,0.049
10826,-0.032
10827,-0.002
10828,0.188
10829,0.142
10830,0.044
10831,0.037
10832,-0.029
10833,0.068
10834,0.132
10835,0.049
10836,-0.034
10837,0.024
10838,0.022
10839,0.107
10840,-0.022
10841,0.034
10842,0.015
10843,0.081
10844,-0.029
10845,-0.093
10846,0.044
10847,-0.039
10848,0.068
10849,-0.049
10850,0.022
10851,0.054
10852,0.066
10853,0.081
10854,0.002
10855,-0.093
10856,0.0
10857,-0.037
10858,-0.007
10859,-0.19
10860,-0.054
10861,-0.044
10862,-0.063
10863,-0.037
10864,-0.083
10865,-0.051
10866,-0.073
10867,0.054
10868,0.054
10869,-0.112
10870,-0.017
10871,-0.01
10872,-0.068
10873,-0.066
10874,-0.076
10875,-0.063
10876,-0.022
10877,-0.015
10878,-0.046
10879,-0.076
10880,-0.005
10881,-0.059
10882,-0.066
10883,0.129
10884,0.024
10885,0.0
10886,0.029
10887,0.103
10888,0.061
10889,0.061
10890,0.056
10891,0.083
10892,0.061
10893,0.027
10894,0.066
10895,-0.039
10896,0.027
10897,-0.005
10898,-0.056
10899,0.056
10900,0.02
10901,0.081
10902,-0.007
10903,0.037
10904,-0.056
10905,-0.002
10906,0.017
10907,0.063
10908,-0.027
10909,0.017
10910,0.125
10911,0.076
10912,0.051
10913,0.002
10914,0.093
10915,0.027
10916,0.005
10917,0.01
10918,-0.115
10919,-0.127
10920,-0.046
10921,0.068
10922,0.051
10923,-0.049
10924,-0.083
10925,0.007
10926,0.088
10927,0.12
10928,0.005
10929,0.09
10930,0.122
10931,0.017
10932,0.002
10933,-0.061
10934,0.029
10935,-0.034
10936,-0.002
10937,0.032
10938,-0.081
10939,0.051
10940,-0.081
10941,-0.112
10942,-0.234
10943,-0.093
10944,0.042
10945,-0.154
10946,-0.168
10947,-0.037
10948,-0.002
10949,0.022
10950,0.002
10951,-0.039
10952,-0.056
10953,-0.039
10954,0.005
10955,-0.01
10956,-0.015
10957,-0.1
10958,-0.034
10959,-0.015
10960,-0.176
10961,-0.022
10962,0.0
10963,-0.066
10964,-0.081
10965,0.029
10966,-0.022
10967,-0.071
10968,-0.142
10969,-0.056
10970,0.042
10971,-0.01
10972,0.066
10973,-0.002
10974,0.061
10975,-0.015
10976,-0.037
10977,-0.032
10978,0.002
10979,0.007
10980,-0.076
10981,0.002
10982,0.012
10983,0.056
10984,-0.046
10985,-0.01
10986,-0.027
10987,-0.1
10988,-0.005
10989,-0.078
10990,0.081
10991,0.073
10992,0.015
10993,0.107
10994,0.098
10995,0.054
10996,0.095
10997,0.068
10998,0.051
10999,0.061
11000,-0.037
11001,0.107
11002,0.002
11003,-0.002
11004,0.005
11005,0.061
11006,-0.046
11007,0.034
11008,0.1
11009,-0.017
11010,0.2
11011,0.046
11012,0.02
11013,0.066
11014,0.022
11015,0.02
11016,0.071
11017,0.061
11018,-0.012
11019,-0.007
11020,-0.071
11021,-0.046
11022,-0.056
11023,-0.144
11024,-0.088
11025,0.007
11026,-0.12
11027,-0.129
11028,0.051
11029,-0.02
11030,-0.051
11031,-0.017
11032,-0.01
11033,0.027
11034,-0.044
11035,-0.042
11036,-0.024
11037,-0.095
11038,-0.044
11039,-0.059
11040,0.007
11041,0.073
11042,-0.125
11043,-0.151
11044,-0.107
11045,-0.039
11046,-0.088
11047,-0.049
11048,-0.02
11049,-0.073
11050,-0.034
11051,-0.078
11052,0.02
11053,-0.02
11054,0.068
11055,0.049
11056,0.02
11057,0.022
11058,-0.012
11059,-0.173
11060,-0.081
11061,0.085
11062,-0.015
11063,-0.063
11064,-0.083
11065,0.017
11066,0.068
11067,0.049
11068,0.081
11069,0.059
11070,0.042
11071,0.076
11072,0.081
11073,0.144
11074,0.154
11075,0.173
11076,0.159
11077,0.02
11078,0.046
11079,-0.002
11080,-0.066
11081,-0.002
11082,0.017
11083,-0.01
11084,0.027
11085,0.081
11086,-0.029
11087,0.059
11088,0.015
11089,0.012
11090,0.12
11091,0.061
11092,0.144
11093,0.042
11094,0.002
11095,0.159
11096,0.095
11097,0.061
11098,0.015
11099,-0.02
11100,0.081
11101,-0.029
11102,-0.046
11103,-0.015
11104,-0.061
11105,-0.056
11106,-0.078
11107,-0.002
11108,0.042
11109,0.044
11110,0.015
11111,-0.117
11112,-0.088
11113,0.005
11114,0.0
11115,-0.142
11116,-0.039
11117,-0.1
11118,0.024
11119,0.02
11120,-0.034
11121,-0.166
11122,-0.222
11123,-0.056
11124,-0.083
11125,-0.076
11126,-0.178
11127,-0.127
11128,-0.015
11129,-0.088
11130,-0.051
11131,-0.051
11132,0.015
11133,-0.042
11134,-0.015
11135,-0.068
11136,-0.139
11137,-0.063
11138,-0.044
11139,-0.037
11140,-0.017
11141,-0.083
11142,-0.073
11143,0.02
11144,-0.122
11145,0.037
11146,0.012
11147,0.103
11148,0.063
11149,0.017
11150,0.007
11151,0.066
11152,-0.063
11153,0.005
11154,-0.068
11155,0.039
11156,0.032
11157,-0.085
11158,0.056
11159,-0.083
11160,-0.022
11161,0.0
11162,-0.002
11163,0.017
11164,-0.068
11165,0.029
11166,0.046
11167,0.049
11168,0.132
11169,0.103
11170,0.081
11171,0.125
11172,0.166
11173,0.181
11174,0.105
11175,0.046
11176,0.061
11177,0.076
11178,0.061
11179,0.107
11180,0.063
11181,0.034
11182,0.029
11183,0.022
11184,0.083
11185,-0.063
11186,0.002
11187,-0.029
11188,-0.017
11189,-0.039
11190,-0.012
11191,0.024
11192,-0.049
11193,-0.115
11194,0.073
11195,0.051
11196,0.073
11197,-0.022
11198,-0.142
11199,-0.024
11200,-0.066
11201,-0.083
11202,-0.105
11203,-0.12
11204,-0.112
11205,-0.083
11206,-0.049
11207,-0.112
11208,-0.117
11209,-0.029
11210,-0.129
11211,-0.073
11212,0.005
11213,0.002
11214,0.0
11215,0.044
11216,-0.078
11217,-0.012
11218,-0.034
11219,-0.027
11220,-0.071
11221,-0.19
11222,-0.115
11223,-0.054
11224,-0.103
11225,-0.063
11226,-0.137
11227,-0.09
11228,-0.085
11229,-0.032
11230,0.02
11231,-0.034
11232,-0.059
11233,0.051
11234,-0.042
11235,0.022
11236,-0.11
11237,-0.029
11238,0.054
11239,-0.002
11240,0.054
11241,-0.1
11242,-0.066
11243,-0.005
11244,-0.007
11245,0.01
11246,-0.027
11247,-0.081
11248,-0.01
11249,-0.012
11250,-0.017
11251,0.051
11252,0.042
11253,0.034
11254,0.146
11255,0.034
11256,0.144
11257,0.068
11258,0.044
11259,0.083
11260,0.178
11261,0.059
11262,0.034
11263,0.02
11264,-0.015
11265,0.088
11266,0.029
11267,0.063
11268,0.032
11269,-0.007
11270,0.083
11271,0.039
11272,-0.015
11273,0.02
11274,0.103
11275,0.127
11276,0.095
11277,-0.042
11278,0.071
11279,0.061
11280,0.027
11281,-0.115
11282,-0.007
11283,0.042
11284,-0.034
11285,-0.024
11286,-0.012
11287,-0.049
11288,-0.078
11289,-0.044
11290,-0.085
11291,-0.071
11292,-0.017
11293,-0.002
11294,0.007
11295,-0.049
11296,-0.017
11297,0.056
11298,0.054
11299,0.029
11300,0.09
11301,-0.044
11302,-0.078
11303,-0.029
11304,-0.09
11305,0.071
11306,0.081
11307,0.007
11308,-0.029
11309,-0.09
11310,0.081
11311,-0.027
11312,-0.127
11313,0.002
11314,-0.046
11315,-0.088
11316,-0.024
11317,0.071
11318,0.034
11319,0.037
11320,0.022
11321,0.054
11322,0.007
11323,0.007
11324,0.015
11325,0.029
11326,0.054
11327,0.015
11328,-0.02
11329,0.073
11330,0.105
11331,0.1
11332,0.022
11333,0.146
11334,0.093
11335,0.195
11336,0.122
11337,-0.005
11338,0.095
11339,0.125
11340,0.139
11341,0.068
11342,0.09
11343,0.078
11344,-0.015
11345,0.054
11346,0.127
11347,0.156
11348,0.146
11349,-0.017
11350,-0.098
11351,0.02
11352,0.039
11353,0.093
11354,-0.034
11355,0.049
11356,0.127
11357,0.061
11358,-0.066
11359,0.027
11360,0.063
11361,0.032
11362,0.002
11363,-0.005
11364,-0.098
11365,-0.081
11366,0.081
11367,-0.049
11368,-0.107
11369,0.002
11370,0.12
11371,0.068
11372,-0.046
11373,-0.02
11374,0.044
11375,-0.015
11376,0.027
11377,-0.015
11378,-0.056
11379,-0.044
11380,-0.051
11381,-0.034
11382,-0.076
11383,-0.083
11384,-0.063
11385,-0.071
11386,-0.098
11387,-0.085
11388,0.0
11389,-0.002
11390,-0.085
11391,-0.095
11392,0.034
11393,0.159
11394,-0.029
11395,-0.103
11396,-0.024
11397,0.134
11398,0.103
11399,-0.034
11400,-0.017
11401,0.068
11402,0.078
11403,0.046
11404,-0.073
11405,-0.044
11406,0.073
11407,0.095
11408,-0.088
11409,-0.063
11410,0.112
11411,0.132
11412,0.032
11413,0.01
11414,0.017
11415,0.098
11416,0.103
11417,0.068
11418,0.09
11419,0.037
11420,0.093
11421,0.061
11422,0.022
11423,0.09
11424,-0.022
11425,0.012
11426,0.034
11427,-0.02
11428,0.061
11429,0.034
11430,0.007
11431,-0.002
11432,0.02
11433,0.073
11434,0.085
11435,0.063
11436,0.103
11437,0.088
11438,0.061
11439,0.073
11440,0.078
11441,0.044
11442,0.051
11443,0.083
11444,0.015
11445,0.056
11446,0.066
11447,0.115
11448,0.188
11449,0.107
11450,-0.049
11451,0.093
11452,0.154
11453,0.032
11454,0.042
11455,-0.032
11456,0.037
11457,0.037
11458,0.066
11459,0.083
11460,0.127
11461,0.012
11462,-0.017
11463,-0.083
11464,0.02
11465,-0.024
11466,-0.083
11467,-0.034
11468,0.029
11469,-0.144
11470,-0.159
11471,-0.078
11472,-0.044
11473,0.002
11474,-0.012
11475,-0.022
11476,-0.125
11477,-0.129
11478,0.01
11479,-0.039
11480,0.032
11481,0.015
11482,-0.022
11483,0.032
11484,-0.125
11485,-0.129
11486,0.022
11487,0.039
11488,-0.117
11489,0.073
11490,0.002
11491,-0.059
11492,-0.073
11493,0.027
11494,0.061
11495,0.103
11496,-0.063
11497,0.027
11498,0.103
11499,0.002
11500,0.081
11501,0.117
11502,-0.029
11503,0.032
11504,0.015
11505,0.061
11506,-0.007
11507,0.0
11508,0.063
11509,0.037
11510,0.007
11511,-0.039
11512,0.01
11513,0.11
11514,-0.063
11515,-0.015
11516,0.085
11517,0.022
11518,0.042
11519,0.024
11520,0.037
11521,0.059
11522,-0.034
11523,0.061
11524,0.024
11525,0.039
11526,0.037
11527,0.0
11528,0.054
11529,-0.044
11530,-0.078
11531,0.017
11532,-0.002
11533,0.007
11534,0.093
11535,0.051
11536,-0.056
11537,-0.005
11538,0.007
11539,0.081
11540,-0.171
11541,-0.054
11542,0.134
11543,0.024
11544,-0.066
11545,-0.063
11546,-0.068
11547,0.056
11548,-0.103
11549,-0.09
11550,0.061
11551,-0.012
11552,-0.103
11553,-0.215
11554,-0.11
11555,-0.024
11556,0.032
11557,-0.02
11558,-0.068
11559,-0.1
11560,-0.095
11561,-0.02
11562,-0.095
11563,-0.129
11564,-0.076
11565,-0.044
11566,0.005
11567,-0.095
11568,-0.015
11569,-0.051
11570,-0.037
11571,-0.083
11572,-0.217
11573,-0.042
11574,-0.09
11575,0.046
11576,0.012
11577,0.046
11578,0.029
11579,0.049
11580,0.012
11581,0.01
11582,-0.042
11583,0.022
11584,0.012
11585,0.0
11586,-0.056
11587,0.007
11588,-0.024
11589,-0.051
11590,-0.112
11591,-0.103
11592,-0.024
11593,-0.005
11594,0.017
11595,0.056
11596,-0.044
11597,0.017
11598,-0.081
11599,0.039
11600,0.063
11601,0.125
11602,0.085
11603,0.022
11604,0.027
11605,0.107
11606,0.054
11607,0.054
11608,0.012
11609,-0.039
11610,0.032
11611,0.071
11612,-0.007
11613,0.034
11614,0.103
11615,-0.024
11616,0.095
11617,-0.015
11618,0.056
11619,0.049
11620,0.044
11621,0.059
11622,-0.017
11623,-0.046
11624,0.107
11625,0.005
11626,-0.09
11627,-0.054
11628,-0.066
11629,0.002
11630,-0.042
11631,-0.146
11632,-0.093
11633,-0.078
11634,-0.117
11635,-0.161
11636,-0.159
11637,-0.083
11638,0.037
11639,-0.083
11640,-0.088
11641,-0.071
11642,-0.107
11643,0.042
11644,-0.017
11645,-0.022
11646,-0.1
11647,-0.044
11648,-0.037
11649,-0.044
11650,-0.066
11651,-0.005
11652,-0.005
11653,-0.09
11654,-0.056
11655,-0.063
11656,-0.032
11657,0.1
11658,-0.115
11659,-0.056
11660,-0.005
11661,-0.049
11662,0.039
11663,-0.1
11664,-0.012
11665,0.012
11666,-0.051
11667,0.037
11668,-0.042
11669,-0.034
11670,0.127
11671,-0.1
11672,-0.083
11673,-0.051
11674,-0.034
11675,-0.017
11676,0.029
11677,0.032
11678,0.11
11679,0.049
11680,0.051
11681,0.034
11682,0.1
11683,0.103
11684,0.051
11685,0.076
11686,0.032
11687,0.054
11688,0.073
11689,-0.017
11690,-0.051
11691,-0.1
11692,-0.059
11693,0.032
11694,0.049
11695,0.007
11696,-0.029
11697,-0.039
11698,0.002
11699,0.02
11700,0.017
11701,-0.078
11702,0.02
11703,0.134
11704,0.017
11705,-0.015
11706,0.01
11707,-0.051
11708,0.071
11709,0.027
11710,0.029
11711,-0.017
11712,-0.007
11713,-0.1
11714,0.002
11715,-0.007
11716,-0.022
11717,0.015
11718,0.051
11719,-0.078
11720,-0.063
11721,0.024
11722,-0.085
11723,-0.103
11724,-0.1
11725,-0.005
11726,0.02
11727,-0.068
11728,-0.129
11729,-0.042
11730,-0.054
11731,-0.078
11732,-0.134
11733,-0.129
11734,-0.125
11735,0.007
11736,-0.037
11737,-0.1
11738,0.032
11739,-0.044
11740,-0.017
11741,-0.076
11742,-0.063
11743,-0.017
11744,0.042
11745,-0.032
11746,-0.071
11747,0.11
11748,0.085
11749,-0.083
11750,-0.071
11751,-0.093
11752,0.02
11753,0.032
11754,-0.037
11755,0.061
11756,-0.027
11757,-0.017
11758,0.068
11759,-0.029
11760,-0.068
11761,0.083
11762,0.022
11763,0.051
11764,0.115
11765,0.161
11766,0.151
11767,0.044
11768,0.049
11769,0.042
11770,0.056
11771,0.115
11772,0.012
11773,-0.103
11774,0.022
11775,-0.037
11776,-0.068
11777,-0.066
11778,-0.01
11779,0.085
11780,0.02
11781,-0.024
11782,0.005
11783,0.12
11784,0.181
11785,0.063
11786,0.081
11787,0.049
11788,-0.034
11789,0.007
11790,0.022
11791,-0.027
11792,0.063
11793,-0.054
11794,-0.105
11795,-0.085
11796,-0.095
11797,-0.129
11798,-0.078
11799,-0.073
11800,-0.09
11801,-0.049
11802,-0.078
11803,0.007
11804,0.044
11805,-0.015
11806,0.029
11807,0.12
11808,-0.032
11809,-0.125
11810,-0.068
11811,-0.088
11812,-0.12
11813,-0.032
11814,-0.146
11815,-0.208
11816,-0.12
11817,-0.149
11818,-0.056
11819,-0.095
11820,-0.188
11821,-0.063
11822,-0.042
11823,-0.139
11824,-0.134
11825,-0.142
11826,0.032
11827,0.103
11828,-0.139
11829,-0.107
11830,0.044
11831,0.02
11832,-0.02
11833,-0.068
11834,0.015
11835,0.039
11836,0.002
11837,-0.085
11838,-0.12
11839,-0.024
11840,-0.076
11841,-0.042
11842,-0.083
11843,-0.017
11844,0.071
11845,-0.022
11846,-0.049
11847,-0.066
11848,0.024
11849,-0.027
11850,-0.007
11851,0.029
11852,0.125
11853,0.164
11854,-0.01
11855,0.007
11856,0.073
11857,0.122
11858,0.085
11859,0.103
11860,0.027
11861,0.217
11862,0.095
11863,0.093
11864,0.134
11865,0.093
11866,0.061
11867,0.068
11868,0.1
11869,0.012
11870,-0.002
11871,0.039
11872,0.107
11873,0.105
11874,-0.071
11875,-0.037
11876,0.005
11877,0.027
11878,0.032
11879,0.098
11880,-0.017
11881,-0.049
11882,0.046
11883,0.049
11884,-0.024
11885,0.039
11886,0.054
11887,0.049
11888,0.017
11889,-0.181
11890,-0.039
11891,-0.044
11892,-0.176
11893,-0.005
11894,-0.066
11895,0.01
11896,0.0
11897,-0.088
11898,-0.039
11899,-0.054
11900,-0.063
11901,-0.005
11902,-0.037
11903,0.039
11904,0.02
11905,-0.022
11906,-0.134
11907,-0.002
11908,-0.005
11909,-0.024
11910,-0.022
11911,-0.073
11912,-0.127
11913,-0.056
11914,0.007
11915,-0.281
11916,-0.117
11917,-0.1
11918,-0.076
11919,0.142
11920,-0.01
11921,-0.19
11922,-0.046
11923,-0.022
11924,-0.115
11925,-0.015
11926,0.098
11927,0.093
11928,-0.095
11929,0.071
11930,0.103
11931,-0.039
11932,0.068
11933,0.042
11934,0.073
11935,0.0
11936,0.076
11937,0.186
11938,0.129
11939,0.073
11940,-0.042
11941,-0.017
11942,0.0
11943,0.107
11944,0.088
11945,0.066
11946,0.09
11947,0.088
11948,0.044
11949,-0.071
11950,0.149
11951,0.071
11952,-0.017
11953,0.032
11954,-0.1
11955,0.024
11956,0.09
11957,0.034
11958,0.056
11959,-0.056
11960,0.059
11961,0.098
11962,0.054
11963,0.005
11964,0.061
11965,0.029
11966,0.029
11967,-0.017
11968,-0.039
11969,0.105
11970,0.146
11971,0.095
11972,-0.012
11973,0.034
11974,0.059
11975,0.151
11976,0.01
11977,-0.068
11978,-0.054
11979,0.046
11980,0.005
11981,-0.063
11982,-0.029
11983,-0.002
11984,0.049
11985,-0.056
11986,-0.071
11987,-0.024
11988,-0.149
11989,0.002
11990,-0.051
11991,-0.142
11992,-0.024
11993,-0.1
11994,-0.039
11995,-0.176
11996,-0.156
11997,0.046
11998,-0.002
11999,-0.017
12000,-0.139
12001,-0.239
12002,-0.071
12003,-0.007
12004,-0.12
12005,-0.007
12006,0.071
12007,0.037
12008,-0.012
12009,-0.1
12010,-0.085
12011,-0.071
12012,-0.012
12013,-0.083
12014,-0.137
12015,-0.161
12016,-0.083
12017,-0.007
12018,-0.164
12019,-0.19
12020,-0.042
12021,0.068
12022,-0.044
12023,-0.103
12024,0.083
12025,0.066
12026,-0.034
12027,0.007
12028,0.134
12029,0.098
12030,-0.027
12031,-0.022
12032,0.024
12033,0.054
12034,-0.037
12035,-0.088
12036,0.051
12037,0.073
12038,-0.012
12039,-0.02
12040,-0.063
12041,-0.027
12042,0.081
12043,-0.044
12044,0.115
12045,0.044
12046,0.063
12047,0.137
12048,-0.029
12049,-0.022
12050,0.083
12051,0.154
12052,-0.039
12053,-0.054
12054,0.044
12055,0.11
12056,0.034
12057,-0.029
12058,-0.015
12059,-0.029
12060,-0.083
12061,-0.076
12062,-0.063
12063,0.049
12064,0.034
12065,-0.073
12066,0.044
12067,0.024
12068,-0.066
12069,0.112
12070,-0.032
12071,0.076
12072,-0.051
12073,0.01
12074,0.066
12075,-0.093
12076,0.02
12077,-0.029
12078,-0.105
12079,0.005
12080,-0.156
12081,-0.063
12082,-0.11
12083,-0.117
12084,-0.066
12085,-0.061
12086,-0.151
12087,-0.034
12088,-0.034
12089,0.022
12090,0.039
12091,-0.02
12092,0.144
12093,0.093
12094,0.144
12095,-0.032
12096,-0.198
12097,-0.012
12098,0.073
12099,0.103
12100,0.112
12101,-0.024
12102,-0.112
12103,0.032
12104,0.095
12105,0.059
12106,-0.002
12107,-0.037
12108,-0.061
12109,-0.083
12110,-0.037
12111,-0.1
12112,-0.01
12113,0.088
12114,0.098
12115,0.142
12116,0.046
12117,-0.042
12118,-0.012
12119,0.02
12120,-0.032
12121,0.002
12122,0.042
12123,0.09
12124,0.166
12125,0.022
12126,-0.015
12127,0.093
12128,0.139
12129,0.176
12130,0.1
12131,0.161
12132,0.073
12133,0.068
12134,0.054
12135,-0.049
12136,-0.029
12137,0.044
12138,0.083
12139,0.051
12140,0.034
12141,-0.007
12142,0.054
12143,0.103
12144,-0.073
12145,-0.051
12146,0.029
12147,0.059
12148,0.122
12149,-0.029
12150,-0.049
12151,-0.073
12152,0.015
12153,0.01
12154,0.015
12155,0.081
12156,0.002
12157,0.059
12158,-0.037
12159,0.002
12160,-0.054
12161,0.027
12162,-0.002
12163,-0.02
12164,0.098
12165,-0.029
12166,-0.042
12167,-0.063
12168,-0.117
12169,-0.024
12170,-0.017
12171,0.042
12172,-0.007
12173,-0.105
12174,-0.095
12175,0.083
12176,-0.022
12177,-0.117
12178,-0.208
12179,0.029
12180,-0.095
12181,-0.173
12182,0.027
12183,-0.01
12184,-0.022
12185,0.002
12186,-0.034
12187,0.056
12188,-0.012
12189,0.005
12190,0.037
12191,0.095
12192,0.139
12193,0.117
12194,0.144
12195,0.115
12196,0.183
12197,0.076
12198,-0.024
12199,0.066
12200,0.061
12201,0.176
12202,0.132
12203,-0.005
12204,0.068
12205,0.115
12206,0.181
12207,0.042
12208,0.005
12209,0.156
12210,0.11
12211,0.068
12212,-0.017
12213,0.063
12214,0.032
12215,0.061
12216,0.046
12217,-0.098
12218,-0.081
12219,-0.015
12220,0.049
12221,-0.076
12222,-0.005
12223,0.051
12224,0.005
12225,0.073
12226,0.037
12227,0.19
12228,-0.039
12229,0.0
12230,0.154
12231,0.022
12232,0.068
12233,0.088
12234,-0.029
12235,0.037
12236,0.046
12237,-0.027
12238,0.024
12239,0.029
12240,0.02
12241,0.005
12242,-0.049
12243,0.002
12244,0.088
12245,-0.027
12246,0.0
12247,-0.095
12248,-0.085
12249,0.095
12250,0.056
12251,0.024
12252,0.063
12253,-0.007
12254,-0.007
12255,0.024
12256,-0.068
12257,-0.02
12258,-0.022
12259,-0.085
12260,0.017
12261,-0.049
12262,0.042
12263,0.049
12264,0.076
12265,0.007
12266,0.044
12267,0.117
12268,0.19
12269,0.095
12270,0.115
12271,0.129
12272,0.22
12273,0.088
12274,-0.015
12275,-0.024
12276,0.022
12277,-0.012
12278,0.073
12279,-0.012
12280,0.0
12281,0.022
12282,0.049
12283,0.073
12284,-0.02
12285,-0.044
12286,0.068
12287,-0.078
12288,0.098
12289,0.112
12290,0.098
12291,0.105
12292,-0.007
12293,-0.007
12294,-0.029
12295,0.005
12296,-0.029
12297,-0.061
12298,-0.107
12299,-0.144
12300,-0.022
12301,-0.02
12302,-0.02
12303,0.024
12304,0.083
12305,0.029
12306,0.015
12307,0.107
12308,0.095
12309,0.127
12310,0.034
12311,0.029
12312,0.115
12313,0.017
12314,-0.051
12315,0.059
12316,0.054
12317,-0.037
12318,-0.061
12319,-0.063
12320,-0.049
12321,0.015
12322,0.0
12323,-0.034
12324,-0.071
12325,-0.103
12326,-0.09
12327,-0.061
12328,0.037
12329,-0.022
12330,0.015
12331,-0.173
12332,-0.034
12333,-0.027
12334,-0.171
12335,-0.117
12336,-0.122
12337,-0.1
12338,-0.09
12339,-0.193
12340,-0.117
12341,-0.125
12342,-0.134
12343,-0.066
12344,-0.085
12345,-0.134
12346,0.093
12347,0.029
12348,-0.007
12349,-0.059
12350,0.11
12351,0.02
12352,-0.007
12353,0.032
12354,-0.027
12355,-0.034
12356,-0.09
12357,-0.11
12358,-0.083
12359,-0.071
12360,0.051
12361,-0.042
12362,-0.117
12363,0.01
12364,-0.015
12365,0.007
12366,0.044
12367,-0.024
12368,0.032
12369,-0.056
12370,0.056
12371,0.066
12372,0.002
12373,0.078
12374,0.024
12375,0.01
12376,0.029
12377,0.01
12378,0.0
12379,0.042
12380,-0.107
12381,-0.095
12382,-0.129
12383,-0.105
12384,-0.017
12385,-0.063
12386,0.015
12387,0.11
12388,0.063
12389,0.032
12390,0.1
12391,0.146
12392,0.161
12393,-0.02
12394,-0.054
12395,0.122
12396,0.071
12397,-0.032
12398,-0.071
12399,-0.061
12400,0.0
12401,-0.164
12402,-0.161
12403,-0.261
12404,-0.142
12405,-0.083
12406,-0.137
12407,-0.139
12408,-0.107
12409,-0.063
12410,0.137
12411,-0.115
12412,-0.063
12413,-0.002
12414,0.1
12415,0.095
12416,0.02
12417,-0.022
12418,0.002
12419,-0.076
12420,0.054
12421,-0.176
12422,-0.225
12423,-0.007
12424,-0.117
12425,-0.051
12426,-0.037
12427,-0.107
12428,-0.139
12429,-0.198
12430,-0.107
12431,-0.02
12432,-0.073
12433,-0.012
12434,0.0
12435,0.017
12436,-0.032
12437,-0.027
12438,-0.137
12439,-0.125
12440,-0.112
12441,-0.051
12442,-0.027
12443,-0.198
12444,-0.181
12445,-0.186
12446,-0.183
12447,-0.029
12448,-0.032
12449,0.0
12450,0.027
12451,0.015
12452,-0.085
12453,0.027
12454,0.027
12455,0.032
12456,-0.005
12457,-0.039
12458,-0.02
12459,0.066
12460,0.071
12461,-0.017
12462,-0.032
12463,-0.022
12464,0.1
12465,-0.007
12466,-0.024
12467,-0.005
12468,-0.081
12469,-0.037
12470,0.073
12471,0.068
12472,0.081
12473,0.063
12474,0.024
12475,0.054
12476,0.12
12477,0.178
12478,0.012
12479,-0.022
12480,0.027
12481,0.054
12482,0.051
12483,-0.039
12484,-0.1
12485,-0.044
12486,-0.01
12487,-0.122
12488,-0.012
12489,-0.007
12490,-0.032
12491,-0.042
12492,-0.083
12493,-0.073
12494,0.012
12495,0.09
12496,0.044
12497,0.017
12498,-0.078
12499,0.02
12500,-0.105
12501,-0.112
12502,-0.049
12503,-0.005
12504,0.005
12505,-0.183
12506,-0.105
12507,-0.022
12508,-0.117
12509,-0.09
12510,-0.054
12511,-0.098
12512,-0.051
12513,-0.002
12514,0.049
12515,-0.02
12516,0.015
12517,0.044
12518,-0.063
12519,0.002
12520,-0.02
12521,-0.125
12522,-0.132
12523,-0.061
12524,0.081
12525,-0.105
12526,-0.137
12527,-0.071
12528,-0.068
12529,0.071
12530,-0.01
12531,-0.073
12532,0.061
12533,0.103
12534,0.151
12535,-0.015
12536,-0.024
12537,0.208
12538,0.107
12539,0.071
12540,0.173
12541,0.051
12542,0.042
12543,-0.037
12544,0.012
12545,-0.022
12546,-0.037
12547,-0.044
12548,-0.042
12549,-0.051
12550,0.017
12551,-0.051
12552,0.093
12553,0.024
12554,-0.032
12555,0.054
12556,0.081
12557,0.078
12558,0.1
12559,0.085
12560,0.005
12561,-0.017
12562,0.051
12563,0.122
12564,-0.12
12565,-0.007
12566,0.117
12567,0.134
12568,0.037
12569,-0.005
12570,0.042
12571,0.044
12572,-0.017
12573,0.034
12574,0.073
12575,0.098
12576,0.059
12577,-0.066
12578,-0.01
12579,0.005
12580,-0.085
12581,0.024
12582,-0.022
12583,-0.022
12584,-0.022
12585,-0.051
12586,0.012
12587,-0.012
12588,0.037
12589,0.09
12590,0.02
12591,-0.049
12592,0.066
12593,0.015
12594,0.073
12595,-0.015
12596,-0.159
12597,-0.01
12598,-0.083
12599,-0.083
12600,0.049
12601,-0.054
12602,-0.054
12603,-0.107
12604,-0.083
12605,0.034
12606,-0.071
12607,-0.044
12608,0.061
12609,0.088
12610,0.051
12611,0.144
12612,0.105
12613,-0.022
12614,-0.059
12615,0.032
12616,0.049
12617,0.103
12618,0.039
12619,-0.081
12620,0.034
12621,0.134
12622,-0.054
12623,-0.112
12624,-0.01
12625,-0.051
12626,-0.02
12627,-0.127
12628,0.007
12629,0.061
12630,0.144
12631,-0.085
12632,0.027
12633,0.09
12634,0.095
12635,0.146
12636,0.076
12637,0.205
12638,0.085
12639,-0.076
12640,0.139
12641,0.002
12642,0.093
12643,-0.02
12644,0.0
12645,0.02
12646,0.017
12647,0.112
12648,0.042
12649,0.037
12650,0.071
12651,0.11
12652,0.083
12653,0.02
12654,0.242
12655,0.198
12656,0.071
12657,-0.063
12658,-0.01
12659,0.137
12660,0.066
12661,-0.005
12662,-0.012
12663,-0.02
12664,-0.037
12665,-0.034
12666,-0.083
12667,-0.093
12668,-0.056
12669,-0.083
12670,0.01
12671,0.098
12672,-0.032
12673,0.051
12674,-0.085
12675,0.027
12676,0.022
12677,0.054
12678,0.212
12679,-0.046
12680,-0.039
12681,0.0
12682,-0.129
12683,0.024
12684,-0.081
12685,0.017
12686,-0.007
12687,-0.173
12688,-0.02
12689,0.085
12690,-0.105
12691,-0.107
12692,0.032
12693,0.103
12694,0.002
12695,-0.103
12696,-0.061
12697,0.017
12698,0.068
12699,0.022
12700,-0.063
12701,-0.029
12702,0.051
12703,0.112
12704,-0.022
12705,0.002
12706,0.095
12707,0.151
12708,0.137
12709,0.051
12710,-0.12
12711,0.122
12712,0.11
12713,0.139
12714,0.029
12715,0.005
12716,0.1
12717,0.107
12718,0.051
12719,0.078
12720,0.081
12721,0.095
12722,0.024
12723,0.017
12724,0.103
12725,-0.12
12726,-0.007
12727,0.093
12728,0.071
12729,-0.073
12730,-0.012
12731,0.071
12732,0.044
12733,-0.027
12734,0.02
12735,0.083
12736,0.068
12737,0.032
12738,-0.024
12739,0.107
12740,0.044
12741,-0.051
12742,-0.017
12743,-0.017
12744,-0.027
12745,0.063
12746,-0.032
12747,-0.027
12748,-0.012
12749,-0.063
12750,0.046
12751,0.044
12752,0.002
12753,0.073
12754,-0.012
12755,0.042
12756,-0.022
12757,0.024
12758,0.015
12759,0.029
12760,-0.02
12761,-0.063
12762,-0.017
12763,-0.046
12764,-0.063
12765,-0.083
12766,-0.098
12767,-0.037
12768,-0.02
12769,0.056
12770,-0.015
12771,-0.032
12772,-0.015
12773,-0.054
12774,0.063
12775,0.051
12776,-0.005
12777,0.032
12778,0.012
12779,0.068
12780,0.085
12781,-0.012
12782,-0.144
12783,-0.032
12784,0.107
12785,0.024
12786,0.015
12787,-0.093
12788,-0.076
12789,-0.029
12790,-0.059
12791,-0.054
12792,-0.068
12793,0.01
12794,-0.037
12795,-0.056
12796,-0.039
12797,0.093
12798,0.115
12799,0.022
12800,-0.02
12801,0.073
12802,0.042
12803,0.076
12804,-0.015
12805,-0.051
12806,0.002
12807,0.024
12808,-0.029
12809,-0.046
12810,0.007
12811,0.093
12812,0.024
12813,0.078
12814,0.09
12815,0.012
12816,0.044
12817,0.002
12818,0.002
12819,0.093
12820,0.183
12821,0.037
12822,-0.012
12823,0.032
12824,0.046
12825,0.134
12826,0.132
12827,-0.046
12828,0.066
12829,0.015
12830,-0.227
12831,0.059
12832,-0.071
12833,0.029
12834,0.146
12835,0.083
12836,0.098
12837,0.034
12838,-0.039
12839,0.056
12840,-0.027
12841,0.027
12842,0.137
12843,0.073
12844,-0.063
12845,-0.027
12846,0.02
12847,0.032
12848,0.017
12849,-0.061
12850,-0.156
12851,0.073
12852,0.046
12853,0.039
12854,-0.034
12855,0.085
12856,-0.034
12857,-0.056
12858,0.081
12859,0.056
12860,-0.044
12861,-0.017
12862,0.039
12863,-0.02
12864,-0.09
12865,-0.061
12866,-0.073
12867,-0.066
12868,0.042
12869,-0.105
12870,-0.105
12871,0.012
12872,0.0
12873,-0.066
12874,0.105
12875,-0.049
12876,-0.039
12877,0.037
12878,0.044
12879,0.103
12880,0.02
12881,0.105
12882,0.037
12883,-0.034
12884,-0.027
12885,0.029
12886,-0.007
12887,-0.103
12888,-0.056
12889,-0.122
12890,-0.078
12891,0.154
12892,0.024
12893,0.059
12894,0.049
12895,0.134
12896,0.103
12897,0.059
12898,0.088
12899,0.129
12900,0.034
12901,-0.002
12902,-0.022
12903,-0.056
12904,0.01
12905,0.044
12906,-0.01
12907,-0.044
12908,0.007
12909,-0.02
12910,0.017
12911,-0.027
12912,-0.061
12913,0.037
12914,-0.017
12915,-0.02
12916,0.098
12917,0.083
12918,0.042
12919,0.039
12920,-0.02
12921,-0.049
12922,0.056
12923,-0.054
12924,0.017
12925,-0.078
12926,0.076
12927,-0.112
12928,-0.186
12929,-0.1
12930,-0.042
12931,-0.007
12932,-0.103
12933,-0.112
12934,-0.034
12935,-0.059
12936,0.029
12937,0.02
12938,0.039
12939,0.063
12940,0.024
12941,-0.071
12942,-0.088
12943,-0.027
12944,-0.037
12945,-0.073
12946,-0.032
12947,0.012
12948,-0.112
12949,-0.107
12950,-0.066
12951,-0.127
12952,0.01
12953,0.083
12954,-0.037
12955,0.09
12956,-0.007
12957,0.017
12958,0.044
12959,0.039
12960,0.032
12961,-0.044
12962,0.088
12963,0.071
12964,-0.068
12965,0.015
12966,0.059
12967,-0.093
12968,-0.015
12969,-0.012
12970,0.032
12971,0.027
12972,-0.015
12973,-0.012
12974,0.017
12975,0.0
12976,0.073
12977,0.002
12978,0.049
12979,0.088
12980,0.117
12981,0.063
12982,0.032
12983,-0.078
12984,0.01
12985,0.024
12986,-0.029
12987,-0.037
12988,0.054
12989,-0.027
12990,0.005
12991,-0.034
12992,-0.024
12993,-0.034
12994,-0.007
12995,0.076
12996,0.054
12997,-0.044
12998,0.085
12999,0.12
13000,-0.029
13001,-0.029
13002,-0.032
13003,-0.044
13004,-0.11
13005,-0.032
13006,-0.037
13007,-0.063
13008,-0.029
13009,-0.171
13010,-0.173
13011,-0.015
13012,-0.051
13013,-0.188
13014,-0.125
13015,-0.044
13016,-0.093
13017,0.122
13018,0.044
13019,-0.002
13020,-0.095
13021,-0.017
13022,-0.044
13023,-0.032
13024,0.017
13025,-0.02
13026,-0.068
13027,-0.042
13028,-0.002
13029,-0.027
13030,-0.137
13031,-0.1
13032,-0.11
13033,-0.186
13034,0.051
13035,-0.083
13036,-0.081
13037,0.117
13038,-0.1
13039,0.005
13040,-0.027
13041,-0.01
13042,0.09
13043,0.076
13044,-0.039
13045,-0.059
13046,0.015
13047,-0.002
13048,-0.017
13049,-0.068
13050,-0.081
13051,-0.117
13052,-0.09
13053,-0.002
13054,-0.034
13055,-0.066
13056,0.027
13057,0.083
13058,-0.007
13059,-0.007
13060,0.066
13061,0.037
13062,0.02
13063,0.017
13064,0.01
13065,0.046
13066,0.107
13067,0.012
13068,0.037
13069,0.068
13070,0.051
13071,-0.01
13072,0.037
13073,0.017
13074,0.105
13075,0.039
13076,0.071
13077,0.005
13078,-0.103
13079,-0.027
13080,-0.066
13081,0.015
13082,0.073
13083,0.112
13084,0.044
13085,-0.042
13086,0.015
13087,0.002
13088,0.037
13089,-0.083
13090,-0.134
13091,0.0
13092,-0.012
13093,-0.071
13094,-0.066
13095,-0.034
13096,0.112
13097,0.134
13098,0.044
13099,-0.054
13100,0.01
13101,0.056
13102,-0.02
13103,0.059
13104,0.015
13105,0.012
13106,-0.012
13107,-0.1
13108,-0.071
13109,-0.068
13110,-0.059
13111,0.027
13112,-0.09
13113,-0.017
13114,-0.127
13115,-0.134
13116,0.063
13117,0.015
13118,-0.164
13119,0.02
13120,-0.063
13121,-0.063
13122,-0.083
13123,0.068
13124,0.027
13125,-0.112
13126,-0.049
13127,-0.032
13128,-0.032
13129,-0.005
13130,0.017
13131,-0.024
13132,0.01
13133,-0.012
13134,-0.088
13135,0.034
13136,0.071
13137,0.151
13138,0.034
13139,-0.034
13140,0.046
13141,-0.12
13142,0.1
13143,0.127
13144,0.022
13145,0.103
13146,0.005
13147,-0.034
13148,-0.032
13149,-0.039
13150,0.105
13151,0.005
13152,-0.083
13153,-0.012
13154,0.012
13155,0.051
13156,0.005
13157,0.015
13158,0.02
13159,0.042
13160,0.063
13161,0.061
13162,0.071
13163,0.093
13164,0.061
13165,0.066
13166,0.007
13167,0.054
13168,0.063
13169,-0.002
13170,-0.017
13171,-0.007
13172,0.117
13173,-0.076
13174,-0.078
13175,-0.059
13176,-0.005
13177,0.078
13178,-0.046
13179,-0.024
13180,-0.117
13181,-0.029
13182,-0.005
13183,-0.171
13184,-0.122
13185,-0.01
13186,-0.051
13187,-0.022
13188,-0.078
13189,-0.061
13190,0.088
13191,-0.061
13192,-0.149
13193,0.007
13194,-0.068
13195,-0.044
13196,0.015
13197,-0.012
13198,-0.051
13199,0.049
13200,-0.049
13201,0.229
13202,0.081
13203,-0.105
13204,0.054
13205,-0.034
13206,0.142
13207,0.085
13208,0.0
13209,0.022
13210,0.0
13211,-0.015
13212,0.029
13213,-0.107
13214,-0.056
13215,-0.01
13216,0.012
13217,-0.09
13218,-0.103
13219,0.051
13220,0.032
13221,-0.059
13222,-0.029
13223,0.071
13224,-0.066
13225,-0.049
13226,0.125
13227,0.129
13228,0.186
13229,0.0
13230,-0.068
13231,0.037
13232,0.1
13233,0.037
13234,0.02
13235,0.164
13236,0.139
13237,0.071
13238,-0.017
13239,0.037
13240,0.044
13241,0.083
13242,-0.01
13243,0.046
13244,0.12
13245,0.088
13246,0.107
13247,-0.002
13248,-0.051
13249,-0.007
13250,-0.037
13251,-0.171
13252,0.056
13253,0.098
13254,0.12
13255,0.051
13256,-0.181
13257,-0.146
13258,-0.027
13259,0.049
13260,0.225
13261,-0.085
13262,-0.083
13263,0.103
13264,0.049
13265,-0.029
13266,-0.012
13267,0.061
13268,0.017
13269,-0.007
13270,-0.073
13271,-0.029
13272,0.027
13273,-0.032
13274,-0.139
13275,-0.027
13276,-0.137
13277,-0.076
13278,-0.002
13279,0.046
13280,-0.039
13281,-0.044
13282,-0.027
13283,0.022
13284,-0.051
13285,-0.09
13286,-0.024
13287,0.078
13288,0.081
13289,0.012
13290,-0.088
13291,-0.188
13292,-0.078
13293,-0.002
13294,-0.063
13295,-0.088
13296,-0.161
13297,-0.059
13298,0.1
13299,-0.088
13300,-0.088
13301,0.042
13302,0.01
13303,-0.056
13304,-0.117
13305,-0.012
13306,0.105
13307,0.022
13308,-0.015
13309,0.059
13310,0.046
13311,-0.022
13312,-0.066
13313,-0.042
13314,0.042
13315,0.115
13316,0.066
13317,0.012
13318,0.134
13319,0.007
13320,-0.02
13321,0.02
13322,0.117
13323,0.034
13324,0.076
13325,0.166
13326,0.142
13327,0.051
13328,0.002
13329,0.076
13330,0.134
13331,0.12
13332,-0.01
13333,0.017
13334,0.022
13335,0.042
13336,-0.015
13337,-0.022
13338,0.112
13339,0.225
13340,0.007
13341,-0.017
13342,-0.046
13343,0.083
13344,0.105
13345,-0.027
13346,-0.085
13347,-0.005
13348,-0.002
13349,-0.066
13350,-0.085
13351,-0.066
13352,0.002
13353,-0.129
13354,-0.144
13355,-0.085
13356,-0.071
13357,-0.015
13358,-0.002
13359,-0.073
13360,-0.029
13361,-0.027
13362,0.083
13363,-0.051
13364,-0.01
13365,0.034
13366,-0.01
13367,-0.093
13368,-0.022
13369,0.0
13370,0.01
13371,-0.12
13372,0.024
13373,0.005
13374,-0.173
13375,0.037
13376,-0.027
13377,-0.171
13378,-0.112
13379,-0.029
13380,-0.127
13381,-0.071
13382,-0.056
13383,0.027
13384,0.164
13385,0.164
13386,0.007
13387,0.122
13388,-0.066
13389,-0.01
13390,-0.081
13391,-0.005
13392,0.046
13393,0.051
13394,-0.046
13395,-0.012
13396,0.029
13397,0.007
13398,0.132
13399,0.037
13400,0.007
13401,0.125
13402,0.09
13403,0.139
13404,0.054
13405,0.042
13406,0.115
13407,0.078
13408,0.037
13409,-0.042
13410,0.078
13411,0.115
13412,0.137
13413,-0.046
13414,-0.071
13415,0.056
13416,-0.103
13417,0.015
13418,-0.002
13419,0.012
13420,-0.042
13421,0.103
13422,0.139
13423,0.068
13424,0.012
13425,0.083
13426,0.105
13427,0.144
13428,-0.015
13429,-0.059
13430,0.022
13431,0.012
13432,-0.027
13433,0.017
13434,0.007
13435,-0.015
13436,0.022
13437,0.056
13438,-0.12
13439,-0.034
13440,-0.029
13441,-0.12
13442,-0.039
13443,-0.054
13444,0.002
13445,-0.005
13446,-0.044
13447,0.037
13448,-0.005
13449,-0.039
13450,0.103
13451,-0.073
13452,-0.154
13453,-0.105
13454,-0.115
13455,-0.039
13456,-0.154
13457,-0.044
13458,0.027
13459,0.039
13460,-0.042
13461,-0.037
13462,0.012
13463,0.02
13464,-0.046
13465,0.073
13466,0.059
13467,-0.071
13468,-0.095
13469,0.044
13470,0.029
13471,0.022
13472,-0.024
13473,-0.076
13474,-0.056
13475,-0.027
13476,-0.056
13477,-0.083
13478,-0.208
13479,0.046
13480,0.115
13481,-0.022
13482,0.034
13483,0.034
13484,0.107
13485,0.156
13486,0.168
13487,0.134
13488,0.178
13489,0.046
13490,0.09
13491,0.171
13492,0.093
13493,0.068
13494,0.0
13495,0.1
13496,0.073
13497,0.073
13498,0.017
13499,0.144
13500,0.049
13501,0.107
13502,0.159
13503,0.112
13504,0.093
13505,0.088
13506,0.083
13507,0.007
13508,0.051
13509,-0.002
13510,0.002
13511,-0.037
13512,-0.073
13513,-0.051
13514,-0.105
13515,-0.061
13516,-0.115
13517,-0.159
13518,-0.042
13519,-0.034
13520,-0.044
13521,0.032
13522,0.005
13523,0.044
13524,0.068
13525,-0.027
13526,-0.002
13527,0.083
13528,0.081
13529,0.115
13530,0.059
13531,0.068
13532,0.017
13533,-0.015
13534,0.012
13535,-0.083
13536,0.027
13537,0.051
13538,-0.11
13539,-0.078
13540,-0.093
13541,0.027
13542,-0.054
13543,-0.112
13544,-0.012
13545,-0.017
13546,0.034
13547,-0.066
13548,-0.042
13549,-0.029
13550,0.01
13551,0.02
13552,-0.105
13553,-0.034
13554,0.112
13555,-0.066
13556,-0.168
13557,-0.1
13558,-0.115
13559,-0.012
13560,-0.039
13561,0.044
13562,0.022
13563,0.054
13564,0.186
13565,0.056
13566,-0.017
13567,0.112
13568,0.21
13569,0.146
13570,0.129
13571,0.059
13572,0.105
13573,0.076
13574,0.049
13575,-0.049
13576,-0.105
13577,0.068
13578,-0.02
13579,0.027
13580,0.037
13581,0.063
13582,-0.051
13583,-0.034
13584,0.0
13585,0.098
13586,0.139
13587,0.012
13588,0.149
13589,0.078
13590,0.059
13591,0.029
13592,0.105
13593,0.068
13594,-0.085
13595,0.056
13596,0.042
13597,-0.012
13598,-0.02
13599,-0.039
13600,0.044
13601,0.181
13602,-0.049
13603,0.085
13604,-0.002
13605,-0.034
13606,0.081
13607,0.117
13608,0.066
13609,0.032
13610,0.061
13611,0.005
13612,0.002
13613,-0.012
13614,-0.005
13615,-0.012
13616,-0.095
13617,-0.044
13618,-0.022
13619,-0.015
13620,-0.071
13621,0.034
13622,-0.164
13623,-0.093
13624,0.044
13625,0.002
13626,-0.1
13627,-0.1
13628,-0.034
13629,-0.054
13630,-0.059
13631,0.046
13632,0.039
13633,-0.095
13634,-0.015
13635,-0.09
13636,0.012
13637,0.015
13638,-0.095
13639,0.005
13640,-0.095
13641,-0.073
13642,-0.049
13643,-0.129
13644,-0.071
13645,0.037
13646,0.017
13647,0.017
13648,0.073
13649,0.085
13650,-0.005
13651,-0.051
13652,0.01
13653,0.01
13654,-0.034
13655,0.056
13656,0.012
13657,0.034
13658,-0.002
13659,-0.002
13660,-0.061
13661,-0.068
13662,-0.078
13663,-0.085
13664,-0.061
13665,-0.037
13666,0.002
13667,0.0
13668,0.081
13669,-0.012
13670,-0.007
13671,0.034
13672,0.059
13673,0.073
13674,0.061
13675,0.044
13676,0.002
13677,-0.054
13678,0.015
13679,0.068
13680,-0.046
13681,-0.022
13682,0.015
13683,-0.007
13684,0.027
13685,0.093
13686,0.117
13687,0.017
13688,0.083
13689,-0.002
13690,0.034
13691,0.059
13692,0.042
13693,0.095
13694,0.068
13695,0.024
13696,-0.076
13697,-0.081
13698,0.005
13699,0.015
13700,-0.051
13701,0.037
13702,0.002
13703,-0.11
13704,0.002
13705,-0.076
13706,0.071
13707,0.007
13708,-0.039
13709,0.042
13710,0.034
13711,0.063
13712,0.078
13713,0.037
13714,-0.024
13715,-0.002
13716,-0.002
13717,-0.027
13718,-0.078
13719,0.032
13720,-0.044
13721,-0.017
13722,-0.042
13723,-0.078
13724,0.002
13725,-0.024
13726,-0.015
13727,0.01
13728,-0.083
13729,-0.02
13730,-0.034
13731,-0.193
13732,-0.046
13733,-0.039
13734,-0.007
13735,0.024
13736,-0.083
13737,-0.032
13738,-0.149
13739,-0.186
13740,-0.098
13741,-0.044
13742,-0.159
13743,-0.039
13744,-0.083
13745,-0.085
13746,-0.068
13747,-0.078
13748,0.117
13749,-0.012
13750,-0.032
13751,0.142
13752,0.068
13753,-0.042
13754,0.034
13755,0.034
13756,0.073
13757,0.127
13758,-0.054
13759,-0.095
13760,-0.032
13761,0.088
13762,0.017
13763,0.012
13764,-0.012
13765,-0.012
13766,0.012
13767,-0.007
13768,0.068
13769,-0.027
13770,0.02
13771,0.171
13772,0.081
13773,-0.066
13774,0.0
13775,0.051
13776,0.051
13777,-0.012
13778,0.01
13779,0.032
13780,0.037
13781,0.105
13782,-0.054
13783,-0.032
13784,0.049
13785,-0.027
13786,0.034
13787,-0.061
13788,-0.024
13789,-0.024
13790,-0.051
13791,-0.037
13792,0.027
13793,0.042
13794,0.066
13795,-0.012
13796,-0.017
13797,0.005
13798,-0.022
13799,-0.056
13800,-0.081
13801,-0.042
13802,-0.066
13803,-0.178
13804,-0.234
13805,-0.12
13806,0.061
13807,-0.107
13808,-0.029
13809,-0.061
13810,-0.044
13811,-0.022
13812,-0.081
13813,-0.083
13814,-0.007
13815,-0.015
13816,-0.061
13817,-0.012
13818,-0.017
13819,0.105
13820,-0.017
13821,-0.029
13822,-0.005
13823,-0.01
13824,0.02
13825,0.061
13826,-0.039
13827,0.042
13828,-0.024
13829,-0.012
13830,-0.01
13831,0.034
13832,0.037
13833,0.007
13834,0.085
13835,0.071
13836,-0.01
13837,-0.027
13838,-0.015
13839,0.159
13840,-0.042
13841,0.049
13842,-0.068
13843,0.056
13844,0.078
13845,0.039
13846,0.034
13847,0.007
13848,-0.007
13849,0.071
13850,0.254
13851,0.142
13852,-0.09
13853,0.098
13854,0.134
13855,0.071
13856,-0.056
13857,0.0
13858,0.032
13859,-0.051
13860,-0.02
13861,0.005
13862,-0.151
13863,-0.034
13864,0.032
13865,-0.002
13866,-0.061
13867,0.071
13868,0.066
13869,-0.02
13870,-0.037
13871,-0.02
13872,0.078
13873,0.076
13874,0.051
13875,0.005
13876,0.012
13877,0.024
13878,-0.061
13879,-0.02
13880,-0.046
13881,-0.017
13882,-0.1
13883,0.029
13884,-0.02
13885,-0.203
13886,-0.071
13887,0.054
13888,0.076
13889,0.105
13890,0.002
13891,-0.046
13892,0.015
13893,0.039
13894,0.073
13895,0.1
13896,-0.066
13897,0.0
13898,0.0
13899,-0.049
13900,-0.078
13901,-0.046
13902,-0.063
13903,-0.061
13904,-0.095
13905,-0.071
13906,-0.242
13907,0.205
13908,0.11
13909,-0.117
13910,0.037
13911,-0.066
13912,0.054
13913,0.024
13914,-0.061
13915,0.083
13916,-0.095
13917,0.032
13918,0.105
13919,-0.022
13920,-0.049
13921,-0.029
13922,-0.034
13923,0.029
13924,-0.042
13925,-0.027
13926,-0.078
13927,0.017
13928,0.122
13929,-0.083
13930,0.02
13931,0.063
13932,-0.063
13933,0.0
13934,-0.071
13935,0.034
13936,0.081
13937,-0.005
13938,0.144
13939,0.046
13940,0.049
13941,0.146
13942,0.156
13943,0.024
13944,-0.056
13945,-0.01
13946,0.044
13947,0.022
13948,0.027
13949,0.027
13950,0.02
13951,0.015
13952,-0.015
13953,0.063
13954,-0.088
13955,-0.068
13956,0.022
13957,-0.095
13958,-0.007
13959,-0.083
13960,-0.103
13961,-0.056
13962,-0.081
13963,-0.078
13964,-0.139
13965,-0.076
13966,0.007
13967,0.144
13968,0.061
13969,-0.046
13970,-0.117
13971,0.054
13972,0.11
13973,0.002
13974,-0.088
13975,-0.059
13976,0.02
13977,-0.078
13978,-0.09
13979,-0.071
13980,-0.046
13981,-0.046
13982,-0.078
13983,-0.203
13984,-0.112
13985,0.022
13986,-0.015
13987,-0.125
13988,-0.151
13989,-0.12
13990,0.002
13991,-0.071
13992,-0.085
13993,-0.044
13994,0.01
13995,-0.02
13996,-0.146
13997,-0.11
13998,0.09
13999,0.046
14000,-0.071
14001,-0.071
14002,0.005
14003,-0.037
14004,0.081
14005,0.066
14006,-0.061
14007,-0.198
14008,-0.037
14009,0.161
14010,0.176
14011,-0.137
14012,0.012
14013,0.054
14014,0.061
14015,0.107
14016,0.242
14017,0.093
14018,-0.02
14019,0.027
14020,-0.071
14021,-0.024
14022,-0.022
14023,0.0
14024,0.1
14025,0.063
14026,0.007
14027,0.012
14028,-0.022
14029,-0.007
14030,0.081
14031,0.066
14032,0.129
14033,-0.081
14034,0.088
14035,0.159
14036,0.034
14037,-0.01
14038,0.059
14039,0.056
14040,0.103
14041,-0.071
14042,-0.022
14043,0.002
14044,-0.017
14045,-0.061
14046,-0.117
14047,-0.071
14048,-0.1
14049,-0.198
14050,-0.012
14051,0.007
14052,-0.078
14053,0.039
14054,0.103
14055,0.044
14056,0.046
14057,-0.188
14058,-0.005
14059,0.139
14060,-0.051
14061,-0.024
14062,0.005
14063,-0.042
14064,-0.012
14065,-0.061
14066,-0.095
14067,-0.09
14068,-0.022
14069,-0.1
14070,-0.154
14071,-0.051
14072,-0.002
14073,0.042
14074,0.037
14075,-0.015
14076,0.044
14077,0.085
14078,0.024
14079,-0.049
14080,0.017
14081,0.01
14082,-0.049
14083,-0.005
14084,-0.073
14085,0.027
14086,-0.049
14087,-0.178
14088,-0.09
14089,0.164
14090,0.051
14091,-0.1
14092,0.02
14093,0.0
14094,0.1
14095,-0.042
14096,0.01
14097,0.071
14098,-0.066
14099,0.098
14100,0.171
14101,0.129
14102,0.21
14103,0.073
14104,0.0
14105,0.115
14106,0.056
14107,-0.039
14108,0.1
14109,0.09
14110,0.088
14111,0.071
14112,0.073
14113,0.017
14114,0.071
14115,0.227
14116,0.083
14117,-0.005
14118,0.139
14119,0.098
14120,0.215
14121,0.12
14122,0.002
14123,0.012
14124,-0.027
14125,-0.034
14126,0.017
14127,0.051
14128,-0.007
14129,0.042
14130,-0.007
14131,0.015
14132,0.076
14133,-0.127
14134,0.073
14135,0.1
14136,-0.015
14137,-0.005
14138,-0.09
14139,0.034
14140,0.076
14141,0.039
14142,-0.083
14143,-0.063
14144,0.051
14145,-0.032
14146,-0.042
14147,-0.056
14148,-0.049
14149,-0.054
14150,0.044
14151,0.005
14152,-0.049
14153,0.059
14154,0.037
14155,0.01
14156,-0.017
14157,0.098
14158,0.071
14159,0.156
14160,0.103
14161,0.061
14162,-0.042
14163,0.007
14164,0.042
14165,-0.015
14166,-0.049
14167,-0.005
14168,0.032
14169,-0.073
14170,-0.044
14171,0.032
14172,-0.007
14173,0.049
14174,-0.042
14175,-0.007
14176,0.071
14177,-0.049
14178,0.093
14179,0.09
14180,0.059
14181,0.105
14182,0.056
14183,0.076
14184,0.134
14185,-0.024
14186,0.007
14187,0.081
14188,0.024
14189,-0.012
14190,-0.002
14191,0.034
14192,0.002
14193,-0.051
14194,0.073
14195,0.061
14196,0.039
14197,0.063
14198,0.09
14199,0.073
14200,0.022
14201,0.068
14202,0.151
14203,0.068
14204,0.059
14205,0.081
14206,-0.029
14207,-0.007
14208,0.068
14209,0.054
14210,0.034
14211,0.037
14212,0.127
14213,0.059
14214,0.09
14215,-0.022
14216,0.085
14217,0.132
14218,0.071
14219,-0.005
14220,0.032
14221,0.017
14222,0.037
14223,0.171
14224,0.01
14225,0.005
14226,0.037
14227,-0.049
14228,-0.02
14229,-0.125
14230,-0.09
14231,0.029
14232,0.042
14233,0.024
14234,-0.034
14235,-0.049
14236,0.005
14237,-0.083
14238,-0.151
14239,-0.01
14240,-0.027
14241,0.166
14242,-0.002
14243,-0.037
14244,-0.01
14245,-0.012
14246,-0.073
14247,-0.078
14248,-0.061
14249,0.068
14250,0.044
14251,0.015
14252,-0.054
14253,-0.083
14254,0.0
14255,0.029
14256,0.037
14257,0.11
14258,0.066
14259,0.088
14260,0.083
14261,0.071
14262,0.034
14263,-0.022
14264,0.024
14265,-0.015
14266,-0.029
14267,-0.017
14268,0.017
14269,-0.042
14270,-0.112
14271,0.063
14272,0.139
14273,0.039
14274,0.017
14275,-0.044
14276,0.076
14277,0.095
14278,0.017
14279,0.007
14280,0.068
14281,0.125
14282,0.056
14283,-0.024
14284,0.1
14285,0.149
14286,0.073
14287,0.083
14288,0.051
14289,0.01
14290,-0.02
14291,-0.042
14292,-0.037
14293,-0.09
14294,0.017
14295,0.127
14296,-0.068
14297,-0.034
14298,0.1
14299,-0.037
14300,-0.088
14301,0.022
14302,0.034
14303,0.105
14304,-0.037
14305,-0.066
14306,0.042
14307,-0.068
14308,-0.015
14309,-0.027
14310,-0.054
14311,0.017
14312,-0.029
14313,0.088
14314,-0.007
14315,0.005
14316,-0.02
14317,-0.068
14318,0.037
14319,0.015
14320,-0.054
14321,-0.017
14322,-0.022
14323,-0.027
14324,-0.059
14325,-0.083
14326,0.024
14327,-0.007
14328,-0.076
14329,0.037
14330,-0.061
14331,-0.063
14332,-0.042
14333,-0.085
14334,-0.039
14335,-0.034
14336,-0.081
14337,0.015
14338,0.078
14339,-0.012
14340,0.073
14341,-0.007
14342,-0.083
14343,-0.049
14344,-0.059
14345,-0.037
14346,-0.032
14347,-0.044
14348,-0.127
14349,0.007
14350,0.056
14351,-0.059
14352,-0.007
14353,-0.09
14354,-0.068
14355,0.002
14356,-0.017
14357,0.015
14358,0.029
14359,-0.039
14360,0.017
14361,0.02
14362,-0.063
14363,0.015
14364,0.007
14365,0.044
14366,0.022
14367,0.015
14368,-0.022
14369,-0.015
14370,0.002
14371,-0.034
14372,0.024
14373,0.068
14374,0.066
14375,0.01
14376,-0.029
14377,0.02
14378,0.117
14379,0.059
14380,0.054
14381,0.015
14382,0.034
14383,0.09
14384,0.015
14385,-0.076
14386,-0.005
14387,0.076
14388,-0.002
14389,-0.085
14390,-0.039
14391,-0.012
14392,-0.01
14393,-0.063
14394,-0.085
14395,-0.063
14396,-0.02
14397,-0.046
14398,-0.095
14399,-0.076
14400,0.049
14401,0.012
14402,-0.081
14403,0.015
14404,-0.017
14405,-0.046
14406,-0.071
14407,-0.039
14408,0.02
14409,-0.051
14410,-0.054
14411,-0.061
14412,-0.049
14413,0.0
14414,-0.032
14415,-0.042
14416,-0.024
14417,-0.046
14418,-0.076
14419,-0.098
14420,0.056
14421,0.039
14422,-0.005
14423,-0.022
14424,0.032
14425,0.09
14426,-0.049
14427,-0.032
14428,-0.017
14429,-0.032
14430,-0.02
14431,0.061
14432,-0.024
14433,-0.09
14434,0.046
14435,-0.007
14436,-0.068
14437,-0.078
14438,0.044
14439,-0.049
14440,0.056
14441,0.027
14442,-0.017
14443,0.037
14444,-0.024
14445,-0.027
14446,0.015
14447,0.044
14448,0.02
14449,-0.085
14450,-0.015
14451,0.173
14452,0.056
14453,-0.051
14454,-0.012
14455,0.0
14456,0.046
14457,-0.037
14458,-0.081
14459,-0.054
14460,0.093
14461,0.012
14462,-0.046
14463,-0.061
14464,0.034
14465,0.129
14466,0.005
14467,-0.01
14468,0.054
14469,0.061
14470,-0.01
14471,-0.017
14472,-0.039
14473,-0.046
14474,0.024
14475,-0.029
14476,-0.022
14477,-0.142
14478,-0.078
14479,0.005
14480,-0.059
14481,-0.032
14482,-0.042
14483,0.061
14484,-0.01
14485,-0.046
14486,-0.051
14487,0.093
14488,-0.071
14489,-0.049
14490,0.012
14491,-0.02
14492,-0.151
14493,-0.122
14494,-0.068
14495,-0.002
14496,-0.007
14497,-0.11
14498,-0.012
14499,-0.012
14500,0.073
14501,0.083
14502,-0.015
14503,0.076
14504,-0.007
14505,-0.02
14506,0.051
14507,-0.098
14508,-0.012
14509,0.037
14510,-0.044
14511,-0.034
14512,-0.017
14513,-0.071
14514,-0.11
14515,-0.032
14516,0.0
14517,-0.144
14518,-0.073
14519,0.007
14520,0.051
14521,0.125
14522,0.037
14523,-0.09
14524,-0.02
14525,0.1
14526,-0.054
14527,-0.01
14528,0.015
14529,-0.037
14530,-0.017
14531,-0.132
14532,-0.073
14533,0.002
14534,0.007
14535,0.066
14536,0.051
14537,-0.039
14538,-0.024
14539,-0.061
14540,0.063
14541,-0.002
14542,0.061
14543,0.017
14544,0.015
14545,0.088
14546,-0.032
14547,0.027
14548,0.09
14549,0.0
14550,-0.068
14551,-0.007
14552,-0.015
14553,-0.027
14554,0.017
14555,0.015
14556,0.068
14557,0.098
14558,0.017
14559,-0.093
14560,0.056
14561,0.005
14562,0.056
14563,-0.012
14564,-0.002
14565,0.015
14566,-0.002
14567,-0.027
14568,-0.071
14569,0.061
14570,0.042
14571,-0.039
14572,-0.122
14573,-0.093
14574,0.051
14575,-0.066
14576,-0.088
14577,-0.093
14578,0.044
14579,0.029
14580,0.02
14581,0.066
14582,-0.034
14583,-0.078
14584,0.098
14585,0.029
14586,0.005
14587,0.059
14588,-0.049
14589,-0.11
14590,-0.01
14591,-0.122
14592,-0.059
14593,-0.039
14594,-0.195
14595,-0.09
14596,0.012
14597,-0.066
14598,-0.029
14599,-0.044
14600,-0.066
14601,-0.063
14602,0.02
14603,-0.015
14604,0.095
14605,-0.027
14606,-0.051
14607,0.051
14608,0.059
14609,0.044
14610,-0.022
14611,0.029
14612,0.042
14613,-0.154
14614,-0.078
14615,0.005
14616,-0.037
14617,-0.037
14618,0.127
14619,-0.059
14620,0.037
14621,-0.029
14622,-0.015
14623,0.005
14624,-0.081
14625,0.105
14626,0.078
14627,0.02
14628,0.027
14629,0.061
14630,0.083
14631,0.071
14632,0.107
14633,0.029
14634,0.063
14635,0.005
14636,0.02
14637,0.046
14638,-0.061
14639,0.02
14640,0.017
14641,-0.022
14642,-0.017
14643,0.029
14644,0.154
14645,-0.007
14646,-0.015
14647,0.017
14648,-0.046
14649,-0.02
14650,-0.078
14651,0.02
14652,0.042
14653,-0.049
14654,-0.049
14655,0.085
14656,0.037
14657,0.088
14658,0.034
14659,0.032
14660,0.085
14661,-0.002
14662,0.081
14663,0.012
14664,0.063
14665,0.076
14666,0.081
14667,0.037
14668,-0.088
14669,-0.066
14670,0.027
14671,-0.01
14672,0.061
14673,0.024
14674,-0.061
14675,0.022
14676,-0.137
14677,-0.115
14678,-0.037
14679,-0.039
14680,-0.005
14681,-0.007
14682,0.061
14683,0.049
14684,-0.024
14685,-0.007
14686,0.071
14687,0.059
14688,0.063
14689,0.059
14690,-0.007
14691,-0.012
14692,-0.068
14693,-0.093
14694,-0.02
14695,-0.12
14696,-0.149
14697,0.017
14698,0.051
14699,0.034
14700,-0.012
14701,0.005
14702,0.088
14703,0.085
14704,-0.032
14705,0.195
14706,0.151
14707,0.032
14708,0.088
14709,-0.022
14710,-0.029
14711,-0.032
14712,-0.015
14713,0.073
14714,-0.039
14715,-0.002
14716,0.027
14717,-0.046
14718,-0.049
14719,-0.027
14720,0.005
14721,0.076
14722,0.107
14723,0.11
14724,0.054
14725,0.027
14726,0.044
14727,0.015
14728,0.115
14729,0.0
14730,0.054
14731,0.178
14732,-0.073
14733,0.049
14734,0.134
14735,0.002
14736,-0.049
14737,-0.103
14738,-0.029
14739,0.073
14740,0.007
14741,-0.054
14742,-0.022
14743,-0.156
14744,0.056
14745,0.081
14746,0.02
14747,0.132
14748,-0.076
14749,-0.054
14750,0.002
14751,0.066
14752,0.178
14753,0.005
14754,0.029
14755,0.029
14756,0.081
14757,0.085
14758,-0.007
14759,0.071
14760,0.083
14761,-0.085
14762,0.042
14763,0.051
14764,0.078
14765,-0.054
14766,-0.215
14767,-0.056
14768,0.1
14769,0.115
14770,0.164
14771,0.037
14772,0.015
14773,-0.029
14774,-0.051
14775,0.005
14776,0.056
14777,-0.017
14778,-0.01
14779,-0.034
14780,-0.034
14781,-0.044
14782,-0.012
14783,0.078
14784,0.115
14785,0.049
14786,0.042
14787,0.198
14788,-0.022
14789,-0.112
14790,0.007
14791,0.027
14792,0.071
14793,0.024
14794,-0.11
14795,0.024
14796,0.137
14797,-0.107
14798,0.005
14799,0.073
14800,0.007
14801,0.02
14802,-0.02
14803,0.129
14804,0.083
14805,-0.042
14806,0.12
14807,0.024
14808,-0.107
14809,0.051
14810,0.032
14811,-0.078
14812,-0.098
14813,0.007
14814,0.007
14815,0.0
14816,-0.027
14817,-0.095
14818,-0.005
14819,0.049
14820,-0.081
14821,-0.068
14822,-0.056
14823,-0.01
14824,-0.022
14825,0.032
14826,-0.046
14827,-0.078
14828,-0.1
14829,-0.01
14830,0.186
14831,0.034
14832,-0.042
14833,-0.137
14834,-0.178
14835,-0.002
14836,-0.081
14837,-0.103
14838,-0.066
14839,-0.037
14840,-0.024
14841,0.01
14842,0.039
14843,0.024
14844,0.0
14845,0.032
14846,0.073
14847,0.0
14848,-0.046
14849,0.076
14850,0.093
14851,-0.015
14852,0.049
14853,0.125
14854,0.0
14855,0.068
14856,-0.1
14857,-0.005
14858,0.103
14859,-0.098
14860,-0.093
14861,-0.107
14862,-0.154
14863,-0.024
14864,-0.042
14865,-0.173
14866,0.029
14867,-0.024
14868,0.0
14869,0.103
14870,0.037
14871,0.137
14872,0.076
14873,-0.022
14874,0.076
14875,0.0
14876,0.059
14877,0.046
14878,0.027
14879,0.063
14880,0.073
14881,0.1
14882,0.085
14883,-0.046
14884,-0.09
14885,0.01
14886,0.068
14887,0.037
14888,-0.012
14889,0.017
14890,0.034
14891,-0.01
14892,0.059
14893,0.02
14894,0.105
14895,0.071
14896,0.112
14897,0.024
14898,0.02
14899,0.027
14900,-0.027
14901,-0.054
14902,-0.027
14903,0.042
14904,0.017
14905,0.024
14906,-0.085
14907,-0.027
14908,-0.015
14909,0.005
14910,-0.103
14911,0.078
14912,0.149
14913,0.029
14914,0.039
14915,-0.078
14916,-0.061
14917,0.054
14918,-0.066
14919,-0.034
14920,-0.032
14921,0.002
14922,-0.015
14923,-0.007
14924,-0.007
14925,0.0
14926,-0.088
14927,0.046
14928,0.017
14929,0.068
14930,0.034
14931,-0.01
14932,-0.022
14933,-0.007
14934,0.037
14935,0.056
14936,0.02
14937,0.01
14938,-0.012
14939,-0.032
14940,-0.066
14941,0.039
14942,-0.032
14943,0.034
14944,-0.015
14945,-0.049
14946,-0.002
14947,0.059
14948,0.1
14949,0.039
14950,-0.037
14951,0.129
14952,0.11
14953,-0.007
14954,0.029
14955,-0.005
14956,0.054
14957,0.061
14958,0.049
14959,0.051
14960,-0.002
14961,0.059
14962,0.137
14963,0.063
14964,0.024
14965,0.059
14966,0.015
14967,0.039
14968,0.007
14969,0.156
14970,0.081
14971,0.022
14972,0.068
14973,0.046
14974,0.083
14975,0.103
14976,0.09
14977,-0.015
14978,-0.071
14979,-0.022
14980,-0.024
14981,-0.098
14982,0.037
14983,-0.005
14984,-0.083
14985,-0.066
14986,-0.002
14987,-0.007
14988,-0.029
14989,0.098
14990,0.037
14991,0.085
14992,-0.015
14993,0.024
14994,0.061
14995,0.054
14996,0.049
14997,-0.012
14998,0.017
14999,-0.01
15000,0.027
15001,-0.122
15002,-0.068
15003,-0.081
15004,-0.051
15005,-0.059
15006,-0.056
15007,-0.037
15008,0.007
15009,0.027
15010,-0.024
15011,-0.078
15012,0.154
15013,0.129
15014,-0.076
15015,-0.095
15016,-0.068
15017,0.059
15018,0.049
15019,-0.134
15020,0.007
15021,0.059
15022,0.042
15023,-0.103
15024,0.024
15025,0.022
15026,0.039
15027,0.061
15028,0.005
15029,-0.056
15030,0.01
15031,0.093
15032,0.002
15033,-0.046
15034,0.056
15035,0.02
15036,0.093
15037,0.063
15038,-0.076
15039,-0.005
15040,0.017
15041,-0.063
15042,0.059
15043,0.134
15044,-0.037
15045,-0.017
15046,0.029
15047,0.11
15048,0.012
15049,0.039
15050,0.129
15051,0.132
15052,0.127
15053,0.078
15054,-0.039
15055,0.012
15056,0.059
15057,-0.081
15058,0.083
15059,0.09
15060,0.083
15061,0.02
15062,-0.037
15063,0.076
15064,-0.02
15065,0.078
15066,0.149
15067,0.112
15068,0.156
15069,0.166
15070,0.164
15071,0.107
15072,0.059
15073,0.166
15074,0.168
15075,0.078
15076,0.051
15077,0.11
15078,0.076
15079,-0.056
15080,-0.049
15081,0.034
15082,-0.042
15083,0.0
15084,-0.061
15085,-0.11
15086,-0.076
15087,-0.042
15088,-0.12
15089,-0.01
15090,-0.098
15091,0.061
15092,-0.039
15093,-0.049
15094,-0.171
15095,-0.159
15096,-0.046
15097,-0.078
15098,-0.007
15099,-0.029
15100,-0.078
15101,-0.059
15102,-0.054
15103,-0.1
15104,-0.117
15105,0.002
15106,0.037
15107,-0.039
15108,-0.017
15109,-0.029
15110,0.044
15111,0.027
15112,-0.01
15113,-0.061
15114,0.046
15115,0.042
15116,-0.139
15117,-0.015
15118,0.076
15119,-0.09
15120,0.044
15121,-0.154
15122,-0.112
15123,0.002
15124,-0.11
15125,-0.02
15126,-0.01
15127,0.046
15128,0.09
15129,-0.066
15130,0.002
15131,0.068
15132,0.037
15133,-0.054
15134,-0.044
15135,0.002
15136,0.073
15137,0.054
15138,0.02
15139,-0.015
15140,-0.112
15141,-0.02
15142,-0.068
15143,-0.127
15144,0.017
15145,-0.022
15146,0.039
15147,0.042
15148,-0.02
15149,-0.002
15150,0.012
15151,0.024
15152,0.071
15153,0.054
15154,-0.015
15155,0.068
15156,-0.007
15157,-0.02
15158,-0.115
15159,0.042
15160,-0.015
15161,-0.093
15162,0.012
15163,-0.1
15164,0.017
15165,-0.037
15166,-0.073
15167,0.054
15168,-0.066
15169,0.02
15170,0.034
15171,-0.012
15172,0.017
15173,-0.1
15174,-0.044
15175,0.151
15176,-0.039
15177,-0.032
15178,-0.054
15179,-0.054
15180,0.044
15181,-0.173
15182,-0.093
15183,-0.034
15184,0.007
15185,-0.1
15186,-0.132
15187,0.051
15188,-0.078
15189,-0.144
15190,-0.039
15191,-0.056
15192,0.039
15193,0.078
15194,-0.061
15195,-0.044
15196,0.005
15197,0.059
15198,-0.093
15199,-0.071
15200,-0.076
15201,0.01
15202,-0.154
15203,-0.154
15204,-0.117
15205,-0.012
15206,-0.015
15207,-0.005
15208,0.032
15209,-0.015
15210,-0.095
15211,-0.09
15212,0.071
15213,0.088
15214,-0.034
15215,0.01
15216,-0.083
15217,-0.071
15218,0.049
15219,-0.059
15220,-0.01
15221,-0.029
15222,-0.144
15223,-0.032
15224,-0.098
15225,-0.103
15226,-0.11
15227,-0.032
15228,0.005
15229,-0.051
15230,-0.051
15231,-0.017
15232,-0.01
15233,0.093
15234,-0.02
15235,-0.005
15236,0.073
15237,0.039
15238,-0.032
15239,-0.046
15240,-0.012
15241,-0.059
15242,0.027
15243,-0.076
15244,0.015
15245,-0.032
15246,0.005
15247,0.059
15248,-0.081
15249,0.0
15250,-0.044
15251,-0.039
15252,-0.063
15253,-0.029
15254,-0.034
15255,0.02
15256,-0.022
15257,-0.015
15258,-0.095
15259,0.0
15260,-0.066
15261,-0.09
15262,-0.005
15263,0.107
15264,-0.027
15265,-0.112
15266,-0.073
15267,-0.029
15268,-0.049
15269,-0.139
15270,-0.007
15271,-0.046
15272,0.071
15273,0.083
15274,0.01
15275,0.01
15276,-0.012
15277,0.051
15278,-0.007
15279,-0.09
15280,-0.063
15281,-0.117
15282,-0.103
15283,-0.112
15284,-0.139
15285,0.005
15286,-0.125
15287,-0.083
15288,-0.11
15289,-0.122
15290,-0.146
15291,-0.022
15292,0.024
15293,-0.005
15294,-0.061
15295,-0.071
15296,0.11
15297,-0.02
15298,-0.1
15299,-0.044
15300,-0.037
15301,0.022
15302,0.066
15303,-0.029
15304,0.039
15305,-0.212
15306,-0.039
15307,0.051
15308,-0.029
15309,0.098
15310,0.015
15311,0.002
15312,0.046
15313,-0.027
15314,0.051
15315,0.088
15316,0.002
15317,0.024
15318,0.002
15319,0.066
15320,-0.042
15321,0.012
15322,0.032
15323,-0.066
15324,0.005
15325,0.024
15326,0.01
15327,-0.044
15328,-0.054
15329,-0.01
15330,-0.117
15331,-0.098
15332,-0.007
15333,0.051
15334,-0.007
15335,-0.01
15336,0.032
15337,-0.051
15338,0.032
15339,0.039
15340,0.068
15341,0.051
15342,0.076
15343,0.037
15344,0.002
15345,-0.01
15346,0.076
15347,0.022
15348,-0.01
15349,-0.024
15350,0.063
15351,0.103
15352,-0.017
15353,0.085
15354,0.044
15355,0.01
15356,0.0
15357,-0.056
15358,-0.012
15359,0.176
15360,0.066
15361,-0.044
15362,-0.056
15363,-0.085
15364,0.054
15365,0.007
15366,-0.103
15367,-0.034
15368,-0.127
15369,0.024
15370,0.117
15371,-0.039
15372,0.107
15373,0.068
15374,0.12
15375,0.151
15376,-0.005
15377,-0.037
15378,0.171
15379,0.225
15380,0.09
15381,0.049
15382,0.034
15383,-0.005
15384,0.049
15385,0.046
15386,-0.022
15387,-0.054
15388,-0.024
15389,0.024
15390,-0.132
15391,-0.093
15392,-0.002
15393,-0.151
15394,-0.01
15395,0.115
15396,-0.012
15397,0.107
15398,-0.024
15399,-0.017
15400,0.063
15401,0.012
15402,0.056
15403,-0.049
15404,-0.034
15405,0.093
15406,-0.054
15407,-0.088
15408,-0.037
15409,-0.024
15410,0.022
15411,0.017
15412,-0.049
15413,0.005
15414,0.061
15415,-0.029
15416,0.046
15417,-0.112
15418,-0.005
15419,0.007
15420,-0.037
15421,0.024
15422,-0.125
15423,-0.049
15424,0.007
15425,-0.12
15426,-0.146
15427,-0.122
15428,-0.007
15429,-0.012
15430,0.042
15431,0.029
15432,0.005
15433,0.088
15434,0.073
15435,-0.005
15436,-0.046
15437,0.032
15438,0.095
15439,0.024
15440,0.017
15441,0.024
15442,0.024
15443,-0.156
15444,-0.063
15445,-0.056
15446,-0.083
15447,-0.103
15448,-0.117
15449,0.02
15450,0.017
15451,0.039
15452,0.002
15453,0.054
15454,0.068
15455,0.037
15456,0.083
15457,0.151
15458,0.112
15459,-0.017
15460,0.059
15461,0.063
15462,-0.01
15463,-0.002
15464,0.081
15465,0.017
15466,0.054
15467,-0.059
15468,0.115
15469,0.017
15470,-0.044
15471,0.122
15472,0.015
15473,0.068
15474,0.054
15475,0.142
15476,0.19
15477,0.09
15478,-0.015
15479,0.032
15480,0.088
15481,0.083
15482,0.007
15483,0.037
15484,0.073
15485,-0.039
15486,-0.027
15487,-0.024
15488,-0.063
15489,-0.01
15490,-0.005
15491,0.042
15492,0.046
15493,0.024
15494,0.063
15495,0.042
15496,0.078
15497,0.068
15498,0.0
15499,0.073
15500,0.112
15501,0.042
15502,-0.015
15503,0.088
15504,0.044
15505,0.029
15506,-0.022
15507,-0.029
15508,0.015
15509,-0.042
15510,-0.002
15511,0.022
15512,0.039
15513,0.09
15514,0.037
15515,-0.107
15516,0.01
15517,0.178
15518,0.071
15519,-0.007
15520,-0.115
15521,-0.071
15522,0.049
15523,-0.044
15524,-0.02
15525,-0.017
15526,-0.071
15527,0.022
15528,-0.039
15529,-0.032
15530,0.037
15531,0.015
15532,0.034
15533,-0.02
15534,-0.107
15535,0.044
15536,-0.129
15537,0.117
15538,0.159
15539,0.093
15540,0.024
15541,-0.076
15542,0.081
15543,0.19
15544,0.071
15545,-0.054
15546,-0.017
15547,-0.017
15548,-0.005
15549,-0.056
15550,-0.166
15551,0.056
15552,0.051
15553,-0.042
15554,0.061
15555,0.129
15556,0.02
15557,0.046
15558,0.142
15559,0.078
15560,-0.027
15561,0.09
15562,0.076
15563,-0.039
15564,0.066
15565,0.042
15566,-0.039
15567,0.054
15568,-0.005
15569,-0.022
15570,0.007
15571,-0.049
15572,-0.002
15573,0.042
15574,0.049
15575,0.066
15576,0.056
15577,0.068
15578,0.095
15579,0.046
15580,0.044
15581,0.022
15582,0.032
15583,-0.066
15584,-0.029
15585,-0.071
15586,-0.046
15587,-0.049
15588,-0.039
15589,-0.042
15590,-0.051
15591,0.051
15592,-0.139
15593,0.017
15594,-0.029
15595,-0.012
15596,0.107
15597,0.024
15598,-0.02
15599,0.029
15600,-0.005
15601,0.066
15602,-0.083
15603,-0.034
15604,0.015
15605,0.02
15606,0.015
15607,-0.105
15608,-0.093
15609,-0.046
15610,-0.046
15611,0.027
15612,-0.017
15613,-0.21
15614,-0.022
15615,0.049
15616,-0.088
15617,0.061
15618,0.071
15619,0.054
15620,0.083
15621,-0.063
15622,-0.015
15623,0.051
15624,0.042
15625,0.015
15626,-0.1
15627,-0.046
15628,0.02
15629,-0.088
15630,-0.071
15631,-0.095
15632,-0.042
15633,0.017
15634,-0.02
15635,-0.029
15636,-0.068
15637,-0.039
15638,0.115
15639,0.105
15640,0.066
15641,0.088
15642,0.039
15643,0.056
15644,0.063
15645,0.054
15646,0.01
15647,-0.081
15648,0.039
15649,0.007
15650,-0.034
15651,0.027
15652,-0.017
15653,0.095
15654,0.056
15655,-0.034
15656,0.042
15657,0.195
15658,0.107
15659,0.005
15660,0.059
15661,0.115
15662,0.137
15663,0.037
15664,-0.029
15665,0.034
15666,0.032
15667,-0.032
15668,0.068
15669,0.144
15670,0.034
15671,-0.051
15672,-0.071
15673,-0.034
15674,0.171
15675,0.09
15676,-0.015
15677,0.181
15678,0.12
15679,0.051
15680,0.129
15681,-0.005
15682,0.044
15683,0.229
15684,-0.122
15685,-0.029
15686,-0.081
15687,-0.063
15688,0.007
15689,-0.2
15690,-0.1
15691,-0.144
15692,-0.107
15693,-0.081
15694,-0.154
15695,-0.024
15696,0.034
15697,-0.066
15698,-0.015
15699,-0.11
15700,0.1
15701,0.034
15702,-0.088
15703,-0.078
15704,-0.117
15705,-0.146
15706,-0.034
15707,-0.09
15708,-0.11
15709,-0.02
15710,-0.117
15711,-0.203
15712,-0.037
15713,-0.088
15714,-0.063
15715,-0.144
15716,0.0
15717,0.024
15718,0.002
15719,0.112
15720,0.063
15721,-0.024
15722,0.066
15723,0.017
15724,0.024
15725,-0.078
15726,-0.029
15727,0.051
15728,-0.012
15729,0.054
15730,-0.005
15731,0.017
15732,-0.085
15733,-0.049
15734,0.068
15735,0.034
15736,0.059
15737,-0.093
15738,-0.034
15739,0.176
15740,0.149
15741,-0.073
15742,-0.078
15743,-0.098
15744,0.046
15745,0.095
15746,-0.01
15747,-0.005
15748,-0.085
15749,0.024
15750,-0.017
15751,-0.066
15752,-0.027
15753,0.063
15754,0.12
15755,0.085
15756,0.044
15757,-0.005
15758,0.115
15759,0.005
15760,0.02
15761,0.083
15762,-0.029
15763,0.095
15764,-0.015
15765,-0.081
15766,-0.088
15767,-0.088
15768,0.061
15769,0.056
15770,-0.027
15771,-0.073
15772,-0.032
15773,-0.046
15774,-0.017
15775,0.029
15776,-0.161
15777,0.0
15778,0.032
15779,-0.103
15780,-0.022
15781,-0.002
15782,0.11
15783,-0.012
15784,-0.251
15785,-0.005
15786,-0.017
15787,-0.007
15788,-0.027
15789,-0.149
15790,-0.146
15791,-0.081
15792,-0.002
15793,-0.107
15794,-0.073
15795,-0.005
15796,0.088
15797,-0.002
15798,-0.071
15799,-0.027
15800,0.027
15801,0.005
15802,0.01
15803,-0.1
15804,-0.051
15805,-0.105
15806,-0.078
15807,0.029
15808,-0.061
15809,-0.088
15810,-0.078
15811,-0.103
15812,0.007
15813,-0.112
15814,-0.132
15815,-0.022
15816,-0.132
15817,0.042
15818,0.1
15819,-0.027
15820,0.085
15821,0.007
15822,0.09
15823,-0.034
15824,-0.066
15825,0.076
15826,-0.005
15827,0.071
15828,-0.063
15829,-0.042
15830,-0.034
15831,-0.017
15832,-0.002
15833,-0.085
15834,0.002
15835,0.024
15836,0.076
15837,-0.029
15838,-0.007
15839,-0.005
15840,0.051
15841,0.078
15842,0.012
15843,-0.076
15844,-0.032
15845,0.066
15846,-0.012
15847,-0.115
15848,-0.017
15849,0.063
15850,-0.037
15851,-0.027
15852,-0.112
15853,-0.017
15854,0.093
15855,-0.01
15856,-0.061
15857,-0.088
15858,0.095
15859,0.107
15860,-0.051
15861,-0.063
15862,0.005
15863,0.056
15864,0.122
15865,-0.046
15866,-0.01
15867,-0.007
15868,-0.042
15869,0.017
15870,-0.129
15871,-0.034
15872,-0.085
15873,-0.095
15874,0.078
15875,-0.039
15876,0.0
15877,-0.049
15878,-0.059
15879,0.02
15880,-0.083
15881,0.002
15882,-0.061
15883,-0.015
15884,0.015
15885,-0.112
15886,-0.129
15887,-0.042
15888,-0.032
15889,-0.083
15890,-0.049
15891,-0.063
15892,-0.017
15893,-0.09
15894,-0.115
15895,-0.029
15896,0.105
15897,0.0
15898,0.139
15899,0.046
15900,0.054
15901,0.095
15902,-0.007
15903,-0.022
15904,0.042
15905,0.007
15906,0.032
15907,0.027
15908,0.007
15909,0.002
15910,-0.098
15911,-0.078
15912,-0.022
15913,0.015
15914,-0.015
15915,-0.049
15916,0.017
15917,0.037
15918,0.095
15919,0.027
15920,0.039
15921,0.134
15922,0.083
15923,-0.044
15924,0.088
15925,0.098
15926,0.103
15927,0.081
15928,0.046
15929,-0.01
15930,0.039
15931,-0.095
15932,-0.039
15933,-0.063
15934,-0.049
15935,-0.01
15936,-0.105
15937,-0.085
15938,0.103
15939,-0.083
15940,-0.127
15941,0.007
15942,0.015
15943,-0.083
15944,-0.022
15945,-0.032
15946,0.063
15947,0.027
15948,-0.02
15949,0.02
15950,0.027
15951,-0.022
15952,0.024
15953,-0.054
15954,-0.088
15955,-0.032
15956,0.039
15957,0.007
15958,0.134
15959,-0.071
15960,0.078
15961,0.054
15962,-0.02
15963,0.071
15964,0.073
15965,0.056
15966,0.01
15967,0.029
15968,0.02
15969,-0.034
15970,0.039
15971,-0.127
15972,0.042
15973,-0.015
15974,-0.015
15975,0.007
15976,-0.049
15977,-0.066
15978,0.039
15979,0.107
15980,0.059
15981,-0.068
15982,-0.063
15983,-0.005
15984,0.054
15985,-0.01
15986,-0.022
15987,0.127
15988,-0.039
15989,0.056
15990,0.027
15991,-0.061
15992,0.015
15993,0.022
15994,-0.02
15995,0.061
15996,0.039
15997,0.037
15998,0.0
15999,0.034
16000,0.085
16001,0.042
16002,-0.039
16003,0.044
16004,0.039
16005,0.107
16006,0.083
16007,-0.005
16008,0.022
16009,0.054
16010,0.037
16011,-0.024
16012,-0.005
16013,-0.034
16014,-0.01
16015,0.002
16016,0.039
16017,0.037
16018,0.073
16019,0.105
16020,0.012
16021,0.046
16022,0.066
16023,0.017
16024,0.061
16025,0.015
16026,-0.005
16027,0.01
16028,0.012
16029,0.042
16030,0.02
16031,-0.012
16032,-0.056
16033,-0.11
16034,-0.076
16035,0.032
16036,0.02
16037,0.017
16038,-0.042
16039,-0.068
16040,0.142
16041,-0.02
16042,-0.012
16043,0.095
16044,0.007
16045,0.134
16046,0.085
16047,-0.093
16048,-0.034
16049,-0.061
16050,0.012
16051,0.015
16052,0.024
16053,0.078
16054,-0.105
16055,-0.02
16056,0.044
16057,-0.066
16058,-0.059
16059,0.0
16060,-0.103
16061,0.015
16062,-0.002
16063,0.034
16064,0.1
16065,0.02
16066,0.034
16067,0.125
16068,0.071
16069,0.078
16070,-0.034
16071,0.054
16072,0.015
16073,0.054
16074,0.132
16075,-0.083
16076,-0.063
16077,-0.039
16078,0.042
16079,-0.01
16080,0.056
16081,0.046
16082,0.039
16083,-0.059
16084,0.088
16085,0.024
16086,-0.061
16087,0.129
16088,0.063
16089,0.085
16090,0.01
16091,0.022
16092,0.095
16093,0.005
16094,-0.085
16095,0.007
16096,0.073
16097,0.027
16098,-0.061
16099,0.046
16100,0.088
16101,-0.002
16102,0.005
16103,0.059
16104,-0.059
16105,0.044
16106,-0.034
16107,-0.046
16108,-0.081
16109,-0.005
16110,-0.012
16111,0.0
16112,0.029
16113,-0.037
16114,-0.081
16115,0.007
16116,0.056
16117,-0.056
16118,0.076
16119,-0.015
16120,-0.017
16121,-0.037
16122,0.076
16123,0.073
16124,0.002
16125,-0.071
16126,0.081
16127,0.01
16128,-0.044
16129,0.0
16130,-0.037
16131,0.078
16132,0.044
16133,-0.068
16134,-0.039
16135,-0.083
16136,-0.022
16137,-0.042
16138,-0.083
16139,-0.022
16140,-0.142
16141,-0.029
16142,0.093
16143,-0.01
16144,0.039
16145,0.051
16146,-0.039
16147,-0.017
16148,-0.044
16149,0.066
16150,0.068
16151,-0.039
16152,0.061
16153,-0.022
16154,-0.125
16155,-0.144
16156,-0.085
16157,-0.068
16158,-0.017
16159,-0.054
16160,-0.022
16161,-0.015
16162,-0.024
16163,0.027
16164,0.024
16165,0.007
16166,0.017
16167,0.039
16168,0.044
16169,0.127
16170,0.02
16171,0.095
16172,0.049
16173,-0.002
16174,0.061
16175,-0.044
16176,-0.066
16177,0.059
16178,-0.002
16179,0.039
16180,-0.051
16181,-0.039
16182,0.076
16183,0.083
16184,0.037
16185,-0.02
16186,0.11
16187,0.049
16188,-0.044
16189,0.061
16190,0.0
16191,0.005
16192,-0.046
16193,0.061
16194,-0.02
16195,-0.066
16196,0.054
16197,-0.022
16198,-0.125
16199,0.012
16200,-0.061
16201,0.007
16202,0.0
16203,-0.032
16204,0.1
16205,0.034
16206,0.059
16207,0.017
16208,-0.034
16209,0.029
16210,-0.034
16211,-0.078
16212,0.115
16213,-0.081
16214,-0.051
16215,-0.088
16216,-0.066
16217,0.029
16218,-0.088
16219,-0.007
16220,0.046
16221,-0.066
16222,-0.022
16223,-0.166
16224,-0.051
16225,-0.034
16226,0.088
16227,0.076
16228,-0.093
16229,-0.01
16230,0.046
16231,0.0
16232,-0.044
16233,0.046
16234,-0.017
16235,0.042
16236,0.005
16237,0.015
16238,-0.042
16239,-0.017
16240,0.088
16241,0.007
16242,-0.017
16243,0.022
16244,0.107
16245,0.066
16246,-0.002
16247,0.095
16248,0.088
16249,0.11
16250,0.137
16251,0.071
16252,-0.12
16253,-0.022
16254,0.046
16255,-0.061
16256,-0.103
16257,-0.046
16258,-0.024
16259,-0.039
16260,0.063
16261,0.042
16262,0.024
16263,-0.032
16264,0.083
16265,0.095
16266,0.051
16267,-0.037
16268,0.032
16269,0.012
16270,-0.012
16271,-0.042
16272,0.01
16273,0.061
16274,0.054
16275,-0.034
16276,-0.017
16277,-0.09
16278,-0.09
16279,0.032
16280,0.059
16281,-0.02
16282,-0.095
16283,-0.007
16284,-0.024
16285,0.034
16286,0.061
16287,0.042
16288,-0.015
16289,0.12
16290,-0.059
16291,0.083
16292,-0.037
16293,-0.063
16294,0.095
16295,-0.103
16296,-0.09
16297,0.059
16298,-0.088
16299,-0.046
16300,0.051
16301,-0.154
16302,-0.039
16303,0.012
16304,0.056
16305,-0.051
16306,0.007
16307,0.178
16308,0.012
16309,-0.02
16310,0.005
16311,0.063
16312,0.093
16313,-0.049
16314,-0.002
16315,0.029
16316,0.027
16317,0.081
16318,0.11
16319,-0.029
16320,-0.059
16321,-0.093
16322,0.022
16323,0.022
16324,0.027
16325,-0.007
16326,-0.083
16327,0.002
16328,-0.056
16329,-0.071
16330,0.081
16331,0.007
16332,0.029
16333,0.034
16334,0.027
16335,0.107
16336,0.034
16337,0.002
16338,0.034
16339,-0.078
16340,-0.076
16341,-0.068
16342,0.02
16343,0.027
16344,0.01
16345,-0.073
16346,-0.103
16347,0.049
16348,0.142
16349,0.061
16350,0.017
16351,0.034
16352,0.032
16353,0.12
16354,0.088
16355,-0.127
16356,-0.017
16357,-0.005
16358,-0.051
16359,0.078
16360,0.027
16361,0.039
16362,0.02
16363,0.061
16364,0.049
16365,0.085
16366,0.066
16367,0.042
16368,0.029
16369,0.054
16370,0.024
16371,-0.022
16372,-0.034
16373,-0.083
16374,-0.049
16375,-0.005
16376,-0.044
16377,-0.161
16378,-0.1
16379,-0.09
16380,-0.02
16381,-0.024
16382,-0.056
16383,0.046
16384,-0.017
16385,-0.081
16386,-0.049
16387,-0.029
16388,0.1
16389,0.029
16390,-0.022
16391,0.002
16392,0.024
16393,-0.046
16394,-0.034
16395,0.0
16396,0.095
16397,0.046
16398,-0.007
16399,-0.178
16400,-0.132
16401,0.039
16402,0.051
16403,-0.039
16404,-0.022
16405,0.027
16406,-0.01
16407,-0.063
16408,0.059
16409,0.166
16410,-0.02
16411,-0.022
16412,-0.024
16413,0.076
16414,0.046
16415,-0.012
16416,-0.01
16417,-0.015
16418,0.044
16419,-0.068
16420,0.054
16421,-0.046
16422,-0.029
16423,-0.022
16424,-0.015
16425,-0.056
16426,0.042
16427,0.098
16428,0.007
16429,0.012
16430,-0.054
16431,0.056
16432,0.017
16433,0.085
16434,-0.034
16435,-0.005
16436,0.063
16437,-0.054
16438,-0.01
16439,-0.002
16440,-0.042
16441,-0.032
16442,-0.071
16443,-0.076
16444,0.024
16445,0.093
16446,-0.061
16447,-0.024
16448,-0.017
16449,0.164
16450,0.134
16451,-0.063
16452,0.061
16453,0.056
16454,0.017
16455,-0.046
16456,0.015
16457,0.024
16458,0.02
16459,-0.005
16460,-0.042
16461,0.034
16462,0.032
16463,-0.022
16464,-0.01
16465,0.054
16466,-0.02
16467,-0.049
16468,-0.076
16469,-0.042
16470,0.027
16471,0.022
16472,-0.027
16473,-0.042
16474,-0.034
16475,-0.081
16476,0.078
16477,0.076
16478,-0.024
16479,0.027
16480,0.022
16481,-0.081
16482,-0.054
16483,-0.042
16484,-0.002
16485,0.076
16486,-0.085
16487,0.0
16488,0.054
16489,-0.093
16490,0.056
16491,-0.046
16492,0.022
16493,-0.002
16494,0.024
16495,-0.042
16496,0.0
16497,-0.007
16498,-0.037
16499,-0.015
16500,-0.054
16501,0.0
16502,0.037
16503,0.034
16504,-0.061
16505,-0.105
16506,-0.032
16507,0.054
16508,0.027
16509,0.083
16510,0.073
16511,-0.054
16512,0.022
16513,0.049
16514,-0.015
16515,-0.056
16516,0.007
16517,0.054
16518,-0.01
16519,-0.081
16520,-0.071
16521,0.032
16522,0.056
16523,-0.017
16524,-0.083
16525,0.007
16526,-0.051
16527,0.046
16528,-0.029
16529,0.059
16530,0.029
16531,0.088
16532,0.093
16533,-0.088
16534,0.09
16535,0.093
16536,0.054
16537,0.044
16538,-0.049
16539,0.032
16540,0.024
16541,-0.103
16542,0.015
16543,-0.049
16544,0.012
16545,-0.037
16546,-0.127
16547,-0.085
16548,-0.02
16549,-0.142
16550,0.022
16551,0.005
16552,-0.037
16553,0.078
16554,0.005
16555,-0.078
16556,-0.129
16557,-0.056
16558,-0.073
16559,-0.073
16560,-0.056
16561,-0.144
16562,-0.059
16563,0.059
16564,-0.166
16565,-0.073
16566,-0.093
16567,-0.029
16568,0.022
16569,0.066
16570,0.078
16571,-0.032
16572,-0.051
16573,-0.007
16574,0.061
16575,0.11
16576,0.112
16577,0.09
16578,0.012
16579,-0.027
16580,-0.068
16581,-0.081
16582,-0.007
16583,0.015
16584,0.046
16585,-0.054
16586,-0.024
16587,0.068
16588,-0.037
16589,-0.01
16590,-0.061
16591,0.051
16592,0.044
16593,0.029
16594,-0.046
16595,0.01
16596,0.027
16597,-0.015
16598,0.022
16599,0.012
16600,-0.032
16601,0.105
16602,-0.056
16603,-0.061
16604,-0.242
16605,-0.073
16606,0.117
16607,0.037
16608,0.142
16609,0.093
16610,0.042
16611,0.098
16612,-0.037
16613,0.085
16614,0.088
16615,0.056
16616,0.061
16617,0.01
16618,-0.02
16619,0.081
16620,-0.002
16621,0.007
16622,-0.093
16623,-0.042
16624,-0.01
16625,0.0
16626,-0.117
16627,-0.046
16628,-0.005
16629,0.037
16630,-0.083
16631,-0.122
16632,-0.002
16633,-0.017
16634,0.005
16635,0.01
16636,-0.046
16637,-0.007
16638,-0.022
16639,0.051
16640,0.037
16641,0.002
16642,-0.049
16643,0.024
16644,0.017
16645,-0.083
16646,0.015
16647,-0.085
16648,-0.032
16649,-0.034
16650,0.029
16651,-0.061
16652,0.002
16653,0.037
16654,0.085
16655,0.046
16656,-0.09
16657,-0.12
16658,0.083
16659,0.073
16660,0.01
16661,-0.051
16662,-0.012
16663,-0.007
16664,0.034
16665,-0.012
16666,-0.083
16667,-0.005
16668,-0.024
16669,-0.012
16670,-0.125
16671,-0.076
16672,0.039
16673,0.103
16674,-0.017
16675,-0.01
16676,-0.01
16677,0.093
16678,-0.034
16679,0.0
16680,0.022
16681,0.054
16682,-0.007
16683,0.01
16684,-0.046
16685,-0.027
16686,-0.056
16687,0.027
16688,0.015
16689,-0.054
16690,-0.042
16691,-0.02
16692,0.022
16693,-0.027
16694,-0.017
16695,0.093
16696,0.103
16697,0.122
16698,0.032
16699,-0.029
16700,0.059
16701,0.046
16702,0.0
16703,0.017
16704,0.01
16705,0.015
16706,-0.056
16707,-0.107
16708,-0.017
16709,-0.039
16710,0.088
16711,0.015
16712,-0.083
16713,0.022
16714,-0.01
16715,0.027
16716,-0.044
16717,0.039
16718,0.024
16719,-0.11
16720,-0.034
16721,-0.012
16722,-0.01
16723,0.0
16724,-0.01
16725,-0.073
16726,-0.139
16727,-0.044
16728,-0.073
16729,-0.09
16730,0.0
16731,-0.017
16732,0.061
16733,0.029
16734,-0.046
16735,-0.076
16736,-0.066
16737,-0.09
16738,-0.1
16739,-0.044
16740,-0.027
16741,0.056
16742,-0.027
16743,-0.054
16744,-0.024
16745,-0.034
16746,-0.078
16747,-0.129
16748,-0.095
16749,-0.059
16750,0.088
16751,0.002
16752,-0.017
16753,0.007
16754,0.039
16755,-0.059
16756,-0.046
16757,0.12
16758,-0.051
16759,-0.01
16760,-0.032
16761,-0.049
16762,-0.037
16763,0.007
16764,-0.022
16765,-0.125
16766,0.017
16767,0.01
16768,-0.068
16769,0.017
16770,-0.056
16771,0.046
16772,-0.042
16773,-0.01
16774,0.044
16775,0.063
16776,-0.002
16777,0.059
16778,-0.056
16779,0.046
16780,-0.002
16781,-0.054
16782,-0.068
16783,-0.017
16784,0.085
16785,0.032
16786,-0.061
16787,-0.002
16788,-0.103
16789,-0.12
16790,0.005
16791,0.022
16792,0.063
16793,0.11
16794,0.068
16795,-0.095
16796,-0.032
16797,0.042
16798,0.056
16799,0.061
16800,-0.002
16801,-0.01
16802,-0.027
16803,0.012
16804,-0.059
16805,0.054
16806,0.034
16807,0.0
16808,0.005
16809,-0.015
16810,-0.042
16811,-0.01
16812,0.017
16813,-0.015
16814,-0.007
16815,0.066
16816,-0.049
16817,-0.027
16818,0.037
16819,-0.01
16820,-0.098
16821,0.024
16822,-0.049
16823,-0.085
16824,-0.051
16825,-0.005
16826,0.027
16827,-0.159
16828,-0.127
16829,-0.088
16830,-0.093
16831,-0.154
16832,-0.205
16833,-0.09
16834,-0.059
16835,-0.032
16836,-0.066
16837,-0.098
16838,0.042
16839,0.078
16840,-0.088
16841,0.032
16842,0.039
16843,0.056
16844,0.024
16845,-0.066
16846,-0.005
16847,-0.059
16848,0.029
16849,-0.056
16850,-0.005
16851,0.056
16852,0.095
16853,-0.122
16854,-0.073
16855,0.015
16856,0.049
16857,0.198
16858,0.022
16859,-0.01
16860,0.02
16861,-0.005
16862,0.125
16863,0.005
16864,-0.015
16865,0.076
16866,-0.012
16867,-0.046
16868,0.01
16869,-0.054
16870,-0.042
16871,-0.085
16872,-0.044
16873,0.0
16874,0.005
16875,-0.024
16876,-0.027
16877,-0.005
16878,-0.024
16879,-0.017
16880,-0.081
16881,0.073
16882,-0.005
16883,0.039
16884,-0.022
16885,-0.012
16886,0.039
16887,0.056
16888,0.037
16889,0.032
16890,-0.027
16891,-0.044
16892,-0.051
16893,0.012
16894,0.173
16895,0.234
16896,-0.127
16897,-0.066
16898,0.188
16899,0.125
16900,0.0
16901,-0.122
16902,0.034
16903,0.073
16904,0.005
16905,-0.046
16906,-0.024
16907,-0.002
16908,0.088
16909,0.032
16910,-0.103
16911,-0.017
16912,0.095
16913,0.122
16914,-0.005
16915,-0.068
16916,0.137
16917,0.012
16918,0.007
16919,0.049
16920,0.076
16921,0.098
16922,-0.068
16923,0.002
16924,0.059
16925,0.078
16926,0.183
16927,-0.029
16928,-0.178
16929,-0.056
16930,0.017
16931,0.02
16932,-0.005
16933,0.073
16934,0.056
16935,0.037
16936,0.024
16937,0.042
16938,0.029
16939,-0.042
16940,-0.049
16941,0.039
16942,0.051
16943,-0.042
16944,0.054
16945,0.034
16946,-0.076
16947,0.01
16948,-0.068
16949,-0.09
16950,-0.078
16951,0.015
16952,0.037
16953,-0.107
16954,0.042
16955,0.093
16956,-0.005
16957,-0.032
16958,0.032
16959,0.024
16960,0.002
16961,0.007
16962,0.056
16963,0.056
16964,0.044
16965,0.046
16966,0.144
16967,0.09
16968,0.002
16969,0.039
16970,0.061
16971,0.01
16972,0.051
16973,0.09
16974,0.127
16975,0.049
16976,0.088
16977,0.056
16978,-0.046
16979,-0.042
16980,0.085
16981,0.042
16982,0.073
16983,0.078
16984,-0.042
16985,0.1
16986,-0.085
16987,-0.051
16988,0.032
16989,0.01
16990,0.02
16991,-0.068
16992,-0.017
16993,0.105
16994,0.112
16995,-0.012
16996,0.022
16997,0.005
16998,-0.068
16999,0.037
17000,0.085
17001,0.002
17002,-0.051
17003,-0.027
17004,0.005
17005,-0.024
17006,-0.032
17007,-0.032
17008,-0.024
17009,-0.032
17010,-0.056
17011,-0.037
17012,0.051
17013,-0.042
17014,0.02
17015,-0.042
17016,-0.078
17017,-0.017
17018,0.042
17019,-0.027
17020,0.039
17021,0.095
17022,0.095
17023,0.039
17024,-0.051
17025,0.11
17026,0.044
17027,-0.051
17028,-0.032
17029,-0.034
17030,-0.115
17031,0.059
17032,0.02
17033,-0.024
17034,-0.044
17035,-0.103
17036,0.024
17037,0.093
17038,0.02
17039,0.085
17040,0.044
17041,0.068
17042,0.095
17043,0.02
17044,-0.056
17045,0.002
17046,0.022
17047,0.015
17048,0.059
17049,0.073
17050,-0.002
17051,-0.078
17052,-0.039
17053,0.051
17054,-0.039
17055,-0.068
17056,-0.01
17057,0.105
17058,0.222
17059,0.046
17060,0.012
17061,-0.02
17062,-0.022
17063,0.007
17064,-0.007
17065,0.032
17066,0.005
17067,-0.051
17068,0.024
17069,-0.032
17070,-0.088
17071,-0.017
17072,-0.022
17073,0.034
17074,-0.076
17075,-0.007
17076,-0.034
17077,-0.132
17078,-0.01
17079,0.12
17080,0.1
17081,0.005
17082,0.095
17083,-0.034
17084,0.027
17085,0.154
17086,-0.029
17087,0.049
17088,-0.046
17089,-0.005
17090,0.029
17091,-0.054
17092,0.027
17093,0.032
17094,-0.061
17095,0.015
17096,-0.032
17097,-0.017
17098,0.034
17099,0.015
17100,0.012
17101,-0.051
17102,-0.029
17103,0.027
17104,-0.046
17105,-0.002
17106,-0.093
17107,-0.02
17108,-0.015
17109,0.007
17110,-0.049
17111,-0.044
17112,0.012
17113,-0.051
17114,-0.093
17115,-0.085
17116,-0.054
17117,0.037
17118,0.085
17119,0.007
17120,0.01
17121,-0.024
17122,-0.095
17123,-0.005
17124,-0.088
17125,0.017
17126,0.132
17127,-0.051
17128,-0.051
17129,-0.046
17130,0.002
17131,-0.012
17132,-0.093
17133,-0.085
17134,-0.083
17135,-0.071
17136,-0.024
17137,0.015
17138,-0.044
17139,-0.056
17140,-0.039
17141,-0.022
17142,0.02
17143,0.042
17144,0.059
17145,0.066
17146,-0.078
17147,-0.029
17148,-0.02
17149,-0.066
17150,-0.098
17151,-0.1
17152,-0.083
17153,0.054
17154,-0.071
17155,-0.188
17156,-0.022
17157,-0.037
17158,-0.022
17159,0.012
17160,0.046
17161,-0.002
17162,-0.015
17163,-0.085
17164,-0.1
17165,-0.046
17166,0.051
17167,-0.01
17168,-0.088
17169,-0.044
17170,0.022
17171,-0.061
17172,-0.032
17173,0.0
17174,-0.098
17175,-0.012
17176,0.073
17177,-0.059
17178,-0.063
17179,-0.015
17180,-0.034
17181,0.039
17182,0.071
17183,0.112
17184,0.066
17185,0.098
17186,-0.002
17187,-0.01
17188,0.093
17189,0.017
17190,-0.103
17191,-0.066
17192,-0.073
17193,-0.032
17194,-0.063
17195,-0.12
17196,-0.017
17197,-0.059
17198,-0.051
17199,-0.056
17200,-0.051
17201,-0.012
17202,0.081
17203,0.027
17204,-0.037
17205,-0.034
17206,0.042
17207,-0.005
17208,-0.044
17209,-0.029
17210,-0.039
17211,-0.017
17212,-0.015
17213,-0.076
17214,-0.049
17215,-0.029
17216,-0.059
17217,-0.037
17218,-0.037
17219,-0.024
17220,0.007
17221,-0.002
17222,0.044
17223,0.117
17224,0.037
17225,-0.015
17226,0.042
17227,0.015
17228,0.071
17229,0.02
17230,0.02
17231,-0.005
17232,-0.139
17233,0.032
17234,-0.02
17235,-0.085
17236,-0.11
17237,-0.076
17238,-0.01
17239,0.024
17240,-0.083
17241,-0.107
17242,0.029
17243,0.017
17244,0.044
17245,-0.005
17246,-0.063
17247,-0.01
17248,0.007
17249,0.029
17250,0.049
17251,-0.029
17252,-0.01
17253,-0.049
17254,-0.056
17255,-0.046
17256,-0.098
17257,0.051
17258,0.012
17259,-0.095
17260,0.02
17261,0.002
17262,0.0
17263,0.144
17264,0.11
17265,-0.071
17266,0.09
17267,0.02
17268,0.032
17269,-0.02
17270,-0.01
17271,0.012
17272,-0.071
17273,-0.137
17274,-0.029
17275,-0.081
17276,-0.022
17277,-0.01
17278,-0.071
17279,-0.012
17280,0.051
17281,-0.049
17282,0.029
17283,-0.09
17284,0.037
17285,0.007
17286,0.01
17287,-0.012
17288,-0.037
17289,-0.056
17290,-0.02
17291,0.039
17292,0.024
17293,-0.042
17294,0.005
17295,0.002
17296,0.059
17297,-0.051
17298,-0.027
17299,-0.054
17300,0.049
17301,0.063
17302,0.144
17303,0.159
17304,-0.063
17305,-0.068
17306,0.073
17307,0.071
17308,0.056
17309,0.022
17310,0.02
17311,-0.002
17312,0.044
17313,-0.01
17314,-0.034
17315,-0.029
17316,-0.046
17317,-0.02
17318,-0.09
17319,-0.098
17320,0.002
17321,-0.054
17322,0.002
17323,0.049
17324,-0.02
17325,0.107
17326,0.085
17327,0.085
17328,0.032
17329,-0.027
17330,-0.054
17331,0.037
17332,-0.034
17333,-0.076
17334,-0.076
17335,-0.02
17336,0.015
17337,-0.095
17338,-0.049
17339,0.005
17340,-0.02
17341,0.107
17342,0.044
17343,0.037
17344,0.083
17345,-0.007
17346,0.007
17347,0.012
17348,0.002
17349,0.073
17350,0.017
17351,0.029
17352,-0.09
17353,0.012
17354,0.034
17355,0.0
17356,-0.044
17357,0.01
17358,-0.044
17359,-0.112
17360,0.054
17361,0.049
17362,0.095
17363,-0.046
17364,0.103
17365,0.176
17366,-0.005
17367,-0.076
17368,0.076
17369,0.1
17370,0.066
17371,-0.171
17372,-0.144
17373,0.012
17374,0.01
17375,-0.056
17376,-0.02
17377,-0.027
17378,-0.032
17379,-0.151
17380,0.02
17381,0.054
17382,0.005
17383,0.093
17384,-0.051
17385,-0.149
17386,0.01
17387,-0.015
17388,0.071
17389,-0.029
17390,-0.139
17391,-0.071
17392,-0.007
17393,0.017
17394,-0.015
17395,-0.022
17396,0.117
17397,-0.049
17398,0.024
17399,-0.015
17400,-0.044
17401,0.012
17402,0.071
17403,0.066
17404,0.002
17405,-0.137
17406,-0.029
17407,0.107
17408,0.007
17409,0.012
17410,0.002
17411,0.022
17412,0.056
17413,-0.071
17414,-0.09
17415,-0.137
17416,-0.093
17417,-0.103
17418,-0.046
17419,-0.051
17420,-0.095
17421,-0.059
17422,-0.09
17423,-0.088
17424,-0.061
17425,-0.027
17426,-0.049
17427,-0.044
17428,0.046
17429,0.051
17430,0.002
17431,-0.01
17432,0.024
17433,0.066
17434,-0.071
17435,-0.115
17436,-0.063
17437,0.037
17438,-0.11
17439,-0.11
17440,-0.049
17441,-0.093
17442,-0.005
17443,-0.059
17444,-0.029
17445,0.083
17446,0.037
17447,0.051
17448,-0.015
17449,-0.063
17450,-0.029
17451,-0.007
17452,0.029
17453,0.073
17454,0.078
17455,0.049
17456,0.056
17457,0.068
17458,0.059
17459,-0.056
17460,-0.022
17461,0.051
17462,-0.024
17463,-0.042
17464,-0.012
17465,0.059
17466,0.01
17467,-0.066
17468,0.01
17469,0.054
17470,0.085
17471,0.01
17472,0.098
17473,0.078
17474,0.024
17475,-0.017
17476,-0.083
17477,-0.107
17478,-0.015
17479,0.1
17480,0.049
17481,0.005
17482,0.063
17483,-0.005
17484,0.066
17485,0.09
17486,0.117
17487,0.039
17488,0.017
17489,0.076
17490,0.054
17491,-0.01
17492,0.046
17493,-0.012
17494,0.039
17495,-0.027
17496,-0.027
17497,-0.039
17498,0.061
17499,0.049
17500,-0.017
17501,-0.015
17502,-0.09
17503,-0.042
17504,-0.063
17505,-0.068
17506,-0.01
17507,-0.071
17508,0.012
17509,-0.046
17510,-0.049
17511,-0.017
17512,-0.081
17513,0.061
17514,-0.039
17515,0.017
17516,0.012
17517,-0.068
17518,0.078
17519,0.017
17520,-0.127
17521,-0.022
17522,-0.042
17523,0.095
17524,0.154
17525,0.0
17526,-0.037
17527,-0.002
17528,-0.017
17529,0.042
17530,-0.071
17531,0.01
17532,0.071
17533,-0.11
17534,-0.061
17535,-0.083
17536,0.0
17537,0.054
17538,-0.105
17539,-0.002
17540,-0.061
17541,0.029
17542,0.032
17543,-0.024
17544,0.024
17545,0.051
17546,0.076
17547,0.227
17548,0.076
17549,-0.027
17550,0.01
17551,-0.039
17552,0.027
17553,-0.115
17554,-0.156
17555,0.017
17556,0.051
17557,0.0
17558,-0.029
17559,-0.015
17560,0.085
17561,0.046
17562,0.015
17563,0.073
17564,0.11
17565,0.078
17566,0.068
17567,0.164
17568,0.029
17569,0.046
17570,0.032
17571,0.005
17572,-0.051
17573,-0.002
17574,-0.012
17575,-0.034
17576,-0.007
17577,0.051
17578,0.056
17579,0.093
17580,0.005
17581,0.049
17582,0.076
17583,0.098
17584,0.156
17585,0.178
17586,0.085
17587,0.044
17588,-0.051
17589,0.115
17590,0.081
17591,-0.01
17592,-0.063
17593,0.049
17594,-0.02
17595,-0.037
17596,-0.066
17597,-0.142
17598,-0.066
17599,-0.105
17600,-0.015
17601,-0.168
17602,0.02
17603,0.095
17604,-0.017
17605,0.002
17606,-0.088
17607,-0.027
17608,0.098
17609,-0.024
17610,-0.02
17611,0.063
17612,0.083
17613,-0.005
17614,-0.039
17615,-0.066
17616,-0.002
17617,-0.046
17618,-0.022
17619,-0.066
17620,-0.034
17621,-0.059
17622,-0.029
17623,-0.012
17624,-0.032
17625,-0.122
17626,-0.054
17627,0.032
17628,-0.129
17629,-0.078
17630,-0.034
17631,-0.081
17632,-0.093
17633,-0.095
17634,-0.083
17635,-0.02
17636,-0.049
17637,-0.093
17638,-0.042
17639,-0.12
17640,-0.098
17641,-0.073
17642,-0.139
17643,-0.093
17644,-0.027
17645,-0.056
17646,0.051
17647,0.081
17648,0.066
17649,0.059
17650,-0.037
17651,0.063
17652,0.139
17653,0.007
17654,-0.005
17655,0.095
17656,0.132
17657,0.144
17658,-0.093
17659,-0.046
17660,0.095
17661,0.054
17662,0.039
17663,0.046
17664,-0.005
17665,-0.022
17666,0.083
17667,0.049
17668,-0.027
17669,0.039
17670,0.078
17671,-0.007
17672,0.017
17673,0.117
17674,0.095
17675,0.059
17676,-0.168
17677,-0.088
17678,0.078
17679,-0.085
17680,0.061
17681,-0.01
17682,-0.051
17683,0.027
17684,-0.015
17685,0.049
17686,0.049
17687,0.056
17688,0.027
17689,0.015
17690,0.034
17691,-0.076
17692,-0.095
17693,0.088
17694,0.159
17695,0.044
17696,-0.037
17697,-0.044
17698,-0.039
17699,0.059
17700,0.012
17701,-0.029
17702,-0.005
17703,0.01
17704,-0.051
17705,-0.129
17706,0.056
17707,0.046
17708,-0.042
17709,0.125
17710,-0.042
17711,0.007
17712,0.122
17713,0.032
17714,0.024
17715,0.037
17716,0.085
17717,0.044
17718,-0.034
17719,-0.032
17720,0.012
17721,0.046
17722,0.037
17723,-0.061
17724,-0.051
17725,0.017
17726,0.015
17727,0.017
17728,-0.029
17729,0.007
17730,0.027
17731,-0.083
17732,-0.051
17733,0.024
17734,0.017
17735,0.11
17736,-0.024
17737,-0.137
17738,0.081
17739,-0.071
17740,-0.032
17741,0.081
17742,0.066
17743,0.034
17744,-0.059
17745,-0.061
17746,0.012
17747,0.032
17748,0.022
17749,0.01
17750,0.022
17751,0.149
17752,0.1
17753,0.049
17754,0.1
17755,0.11
17756,0.022
17757,0.024
17758,-0.007
17759,-0.017
17760,0.066
17761,0.034
17762,0.037
17763,-0.037
17764,-0.039
17765,0.061
17766,0.071
17767,-0.012
17768,0.068
17769,0.039
17770,0.11
17771,0.161
17772,-0.042
17773,0.044
17774,0.088
17775,0.071
17776,-0.027
17777,0.051
17778,0.015
17779,-0.034
17780,0.017
17781,0.02
17782,-0.073
17783,-0.125
17784,0.042
17785,0.046
17786,-0.056
17787,-0.049
17788,0.054
17789,0.142
17790,0.103
17791,0.11
17792,0.027
17793,0.081
17794,0.078
17795,0.032
17796,0.012
17797,0.01
17798,-0.022
17799,-0.002
17800,0.051
17801,-0.017
17802,-0.12
17803,-0.083
17804,-0.044
17805,-0.046
17806,-0.056
17807,0.005
17808,-0.042
17809,-0.024
17810,0.115
17811,0.007
17812,-0.095
17813,0.024
17814,-0.051
17815,0.029
17816,-0.007
17817,-0.083
17818,0.037
17819,-0.034
17820,-0.049
17821,-0.032
17822,-0.049
17823,0.061
17824,0.005
17825,0.044
17826,0.022
17827,0.022
17828,0.02
17829,0.068
17830,0.059
17831,0.032
17832,-0.107
17833,0.066
17834,0.081
17835,0.066
17836,0.1
17837,-0.037
17838,0.015
17839,0.042
17840,-0.002
17841,-0.02
17842,-0.044
17843,-0.054
17844,0.024
17845,0.012
17846,-0.105
17847,-0.198
17848,-0.149
17849,-0.024
17850,-0.081
17851,-0.066
17852,0.039
17853,-0.039
17854,-0.049
17855,-0.017
17856,-0.034
17857,0.088
17858,0.068
17859,0.063
17860,0.01
17861,0.015
17862,-0.012
17863,0.085
17864,-0.027
17865,0.007
17866,0.068
17867,0.083
17868,0.132
17869,0.095
17870,0.012
17871,0.186
17872,0.061
17873,0.066
17874,0.085
17875,0.054
17876,0.11
17877,0.161
17878,0.049
17879,0.032
17880,-0.024
17881,-0.015
17882,0.042
17883,-0.042
17884,-0.042
17885,-0.039
17886,0.012
17887,0.029
17888,0.027
17889,-0.01
17890,0.027
17891,0.002
17892,0.046
17893,0.005
17894,-0.115
17895,-0.039
17896,0.078
17897,0.068
17898,-0.044
17899,-0.117
17900,-0.054
17901,-0.042
17902,-0.125
17903,-0.146
17904,-0.073
17905,0.032
17906,0.037
17907,-0.164
17908,-0.046
17909,0.024
17910,0.034
17911,0.1
17912,0.024
17913,0.115
17914,0.049
17915,0.071
17916,-0.012
17917,0.049
17918,-0.01
17919,-0.012
17920,-0.037
17921,-0.039
17922,-0.073
17923,-0.061
17924,0.007
17925,-0.137
17926,-0.09
17927,-0.02
17928,-0.012
17929,-0.015
17930,-0.01
17931,0.081
17932,0.134
17933,0.061
17934,-0.125
17935,-0.02
17936,0.029
17937,0.037
17938,-0.059
17939,-0.088
17940,-0.022
17941,-0.088
17942,0.02
17943,-0.022
17944,-0.078
17945,-0.151
17946,-0.09
17947,-0.056
17948,0.051
17949,0.022
17950,-0.02
17951,0.017
17952,-0.083
17953,-0.088
17954,0.044
17955,-0.024
17956,0.01
17957,-0.037
17958,0.039
17959,-0.049
17960,-0.283
17961,-0.134
17962,-0.059
17963,-0.085
17964,-0.022
17965,-0.049
17966,0.044
17967,-0.078
17968,-0.183
17969,-0.037
17970,-0.002
17971,0.01
17972,-0.024
17973,-0.049
17974,0.046
17975,0.029
17976,0.015
17977,-0.015
17978,-0.032
17979,-0.046
17980,-0.063
17981,-0.027
17982,-0.093
17983,-0.078
17984,-0.088
17985,-0.183
17986,-0.188
17987,-0.12
17988,-0.073
17989,-0.029
17990,-0.005
17991,0.005
17992,0.073
17993,0.037
17994,0.02
17995,0.044
17996,0.029
17997,-0.015
17998,-0.042
17999,-0.01
18000,-0.083
18001,-0.054
18002,-0.078
18003,-0.129
18004,-0.042
18005,-0.1
18006,-0.134
18007,-0.129
18008,-0.168
18009,-0.076
18010,-0.027
18011,-0.159
18012,-0.061
18013,-0.022
18014,-0.088
18015,-0.115
18016,-0.024
18017,-0.068
18018,0.005
18019,-0.076
18020,-0.02
18021,-0.017
18022,0.02
18023,0.061
18024,-0.061
18025,-0.107
18026,-0.083
18027,-0.063
18028,0.017
18029,-0.034
18030,-0.049
18031,-0.027
18032,0.046
18033,0.007
18034,0.02
18035,-0.056
18036,-0.044
18037,-0.083
18038,0.117
18039,0.044
18040,-0.01
18041,-0.005
18042,0.032
18043,-0.054
18044,-0.09
18045,0.049
18046,-0.129
18047,-0.105
18048,-0.068
18049,0.0
18050,0.02
18051,-0.042
18052,-0.085
18053,-0.183
18054,-0.046
18055,-0.005
18056,0.0
18057,0.017
18058,-0.002
18059,0.032
18060,-0.103
18061,-0.159
18062,0.037
18063,-0.051
18064,-0.078
18065,0.002
18066,-0.117
18067,-0.039
18068,-0.022
18069,-0.046
18070,0.083
18071,0.037
18072,0.088
18073,0.037
18074,-0.061
18075,0.093
18076,0.059
18077,-0.005
18078,0.007
18079,-0.076
18080,-0.017
18081,-0.007
18082,-0.005
18083,-0.049
18084,-0.154
18085,-0.024
18086,-0.046
18087,-0.144
18088,-0.093
18089,-0.054
18090,-0.049
18091,-0.051
18092,-0.022
18093,-0.051
18094,0.0
18095,0.027
18096,-0.002
18097,-0.005
18098,-0.027
18099,-0.012
18100,0.078
18101,0.042
18102,-0.024
18103,-0.076
18104,-0.022
18105,-0.029
18106,-0.007
18107,-0.029
18108,0.002
18109,0.022
18110,-0.015
18111,0.027
18112,0.061
18113,0.11
18114,0.11
18115,0.034
18116,0.073
18117,0.107
18118,0.088
18119,0.044
18120,-0.071
18121,-0.007
18122,-0.042
18123,-0.103
18124,-0.203
18125,-0.012
18126,0.083
18127,0.034
18128,0.032
18129,-0.144
18130,0.007
18131,0.144
18132,-0.017
18133,0.002
18134,-0.105
18135,0.044
18136,0.01
18137,0.098
18138,0.188
18139,0.024
18140,-0.068
18141,-0.059
18142,-0.056
18143,0.054
18144,0.037
18145,0.063
18146,-0.059
18147,-0.049
18148,0.081
18149,0.049
18150,0.107
18151,0.066
18152,0.032
18153,0.083
18154,-0.037
18155,-0.056
18156,0.154
18157,0.078
18158,0.11
18159,-0.002
18160,-0.044
18161,0.044
18162,0.042
18163,0.039
18164,0.024
18165,-0.022
18166,-0.066
18167,-0.015
18168,-0.034
18169,0.056
18170,0.061
18171,0.002
18172,-0.042
18173,0.015
18174,0.071
18175,-0.017
18176,0.049
18177,0.015
18178,0.002
18179,0.007
18180,0.005
18181,-0.046
18182,-0.012
18183,-0.125
18184,-0.085
18185,-0.037
18186,-0.051
18187,-0.071
18188,-0.063
18189,0.063
18190,0.095
18191,0.007
18192,0.042
18193,0.159
18194,0.012
18195,0.073
18196,0.054
18197,-0.02
18198,0.146
18199,0.098
18200,0.142
18201,-0.059
18202,0.005
18203,0.046
18204,-0.081
18205,-0.071
18206,-0.107
18207,0.056
18208,0.039
18209,0.115
18210,0.112
18211,0.032
18212,0.042
18213,0.056
18214,-0.007
18215,0.078
18216,0.071
18217,-0.01
18218,0.137
18219,-0.051
18220,0.034
18221,0.068
18222,-0.01
18223,-0.044
18224,0.049
18225,0.125
18226,-0.061
18227,-0.168
18228,-0.02
18229,0.02
18230,-0.02
18231,-0.044
18232,0.1
18233,0.063
18234,0.164
18235,-0.007
18236,-0.027
18237,0.061
18238,0.098
18239,-0.146
18240,-0.088
18241,0.051
18242,0.127
18243,-0.049
18244,-0.09
18245,0.017
18246,-0.02
18247,0.002
18248,-0.168
18249,-0.146
18250,0.046
18251,0.02
18252,-0.044
18253,-0.051
18254,0.11
18255,0.073
18256,-0.046
18257,-0.051
18258,0.032
18259,0.027
18260,0.1
18261,-0.015
18262,-0.027
18263,0.139
18264,0.085
18265,0.012
18266,-0.066
18267,0.02
18268,0.1
18269,0.029
18270,0.056
18271,0.044
18272,0.093
18273,-0.022
18274,-0.056
18275,0.056
18276,0.059
18277,0.088
18278,0.068
18279,0.063
18280,0.051
18281,0.073
18282,-0.032
18283,0.002
18284,-0.007
18285,0.015
18286,0.02
18287,-0.054
18288,0.054
18289,-0.032
18290,-0.029
18291,-0.046
18292,0.02
18293,0.007
18294,0.103
18295,-0.027
18296,0.01
18297,0.066
18298,0.098
18299,-0.034
18300,-0.073
18301,0.0
18302,0.01
18303,0.005
18304,-0.042
18305,-0.068
18306,0.024
18307,0.0
18308,0.0
18309,0.049
18310,0.017
18311,-0.01
18312,0.015
18313,0.029
18314,0.105
18315,0.083
18316,-0.002
18317,0.112
18318,0.1
18319,0.02
18320,0.027
18321,0.012
18322,0.051
18323,0.061
18324,-0.005
18325,0.034
18326,-0.027
18327,-0.039
18328,-0.005
18329,-0.137
18330,-0.122
18331,-0.078
18332,-0.081
18333,-0.061
18334,-0.117
18335,0.063
18336,0.034
18337,0.0
18338,0.112
18339,0.068
18340,0.09
18341,0.095
18342,0.039
18343,0.042
18344,-0.034
18345,0.132
18346,0.088
18347,-0.049
18348,-0.063
18349,-0.049
18350,-0.032
18351,-0.032
18352,-0.076
18353,0.005
18354,0.056
18355,-0.056
18356,-0.056
18357,0.007
18358,0.063
18359,0.073
18360,0.024
18361,-0.071
18362,0.002
18363,0.076
18364,-0.034
18365,0.005
18366,0.022
18367,-0.012
18368,0.002
18369,0.012
18370,-0.039
18371,-0.098
18372,-0.081
18373,0.054
18374,-0.042
18375,-0.071
18376,0.137
18377,0.205
18378,0.061
18379,-0.034
18380,0.112
18381,-0.002
18382,-0.022
18383,-0.015
18384,-0.046
18385,0.12
18386,0.0
18387,0.046
18388,0.0
18389,0.034
18390,0.042
18391,0.015
18392,0.054
18393,0.042
18394,-0.154
18395,0.066
18396,0.071
18397,-0.056
18398,-0.015
18399,0.022
18400,-0.027
18401,0.063
18402,0.007
18403,0.081
18404,0.037
18405,0.015
18406,-0.061
18407,0.02
18408,0.042
18409,-0.002
18410,0.032
18411,0.061
18412,-0.068
18413,0.046
18414,0.032
18415,-0.1
18416,0.012
18417,-0.029
18418,0.059
18419,0.032
18420,-0.002
18421,0.083
18422,0.054
18423,-0.017
18424,-0.027
18425,0.015
18426,-0.007
18427,-0.117
18428,0.027
18429,0.007
18430,0.037
18431,0.061
18432,-0.029
18433,-0.049
18434,0.029
18435,-0.054
18436,0.12
18437,0.098
18438,-0.015
18439,0.051
18440,-0.002
18441,0.063
18442,0.093
18443,0.066
18444,0.032
18445,0.02
18446,0.029
18447,0.054
18448,-0.037
18449,-0.002
18450,-0.056
18451,0.044
18452,0.046
18453,-0.117
18454,-0.059
18455,-0.02
18456,-0.002
18457,0.068
18458,0.012
18459,0.015
18460,0.037
18461,0.015
18462,0.056
18463,0.056
18464,0.051
18465,-0.002
18466,-0.068
18467,-0.029
18468,-0.002
18469,-0.073
18470,0.005
18471,-0.066
18472,-0.029
18473,-0.02
18474,-0.076
18475,-0.054
18476,0.024
18477,-0.046
18478,-0.068
18479,0.059
18480,-0.059
18481,-0.015
18482,-0.042
18483,0.002
18484,0.056
18485,-0.083
18486,-0.122
18487,-0.024
18488,-0.027
18489,-0.105
18490,-0.056
18491,-0.061
18492,0.061
18493,0.037
18494,0.049
18495,-0.056
18496,-0.002
18497,-0.1
18498,0.059
18499,0.061
18500,-0.012
18501,-0.022
18502,0.088
18503,0.076
18504,-0.051
18505,-0.044
18506,-0.09
18507,-0.005
18508,0.015
18509,0.029
18510,0.029
18511,0.039
18512,0.105
18513,0.056
18514,-0.034
18515,-0.005
18516,-0.02
18517,0.012
18518,0.012
18519,-0.066
18520,0.042
18521,0.054
18522,-0.002
18523,0.024
18524,0.0
18525,-0.044
18526,-0.042
18527,0.034
18528,0.022
18529,0.017
18530,-0.046
18531,-0.083
18532,-0.054
18533,-0.034
18534,-0.122
18535,-0.034
18536,0.012
18537,0.107
18538,0.105
18539,-0.005
18540,0.032
18541,-0.01
18542,0.039
18543,0.007
18544,-0.012
18545,-0.051
18546,-0.061
18547,-0.039
18548,-0.107
18549,-0.146
18550,-0.054
18551,-0.098
18552,-0.012
18553,-0.103
18554,-0.078
18555,-0.046
18556,0.007
18557,0.034
18558,-0.015
18559,0.049
18560,-0.01
18561,0.063
18562,0.068
18563,0.022
18564,-0.046
18565,-0.039
18566,-0.027
18567,-0.083
18568,-0.117
18569,-0.093
18570,-0.098
18571,-0.076
18572,-0.01
18573,-0.125
18574,-0.073
18575,-0.012
18576,0.01
18577,-0.002
18578,-0.022
18579,0.059
18580,0.071
18581,0.022
18582,0.022
18583,0.037
18584,0.01
18585,0.012
18586,-0.1
18587,-0.107
18588,-0.071
18589,-0.037
18590,-0.042
18591,-0.046
18592,-0.029
18593,-0.188
18594,-0.11
18595,-0.071
18596,-0.066
18597,-0.161
18598,-0.081
18599,-0.046
18600,-0.105
18601,-0.134
18602,-0.085
18603,0.056
18604,0.125
18605,0.017
18606,0.005
18607,-0.049
18608,-0.049
18609,0.063
18610,-0.056
18611,-0.012
18612,-0.059
18613,-0.024
18614,-0.09
18615,-0.149
18616,0.073
18617,0.042
18618,-0.093
18619,-0.049
18620,-0.063
18621,0.068
18622,0.01
18623,-0.01
18624,-0.022
18625,-0.049
18626,0.039
18627,0.037
18628,-0.037
18629,-0.115
18630,-0.01
18631,-0.032
18632,0.034
18633,-0.022
18634,-0.088
18635,-0.051
18636,0.017
18637,-0.044
18638,-0.071
18639,-0.007
18640,0.115
18641,0.125
18642,0.005
18643,0.0
18644,0.0
18645,0.046
18646,0.061
18647,-0.056
18648,-0.054
18649,-0.024
18650,0.137
18651,-0.142
18652,-0.237
18653,-0.029
18654,0.039
18655,-0.178
18656,-0.173
18657,-0.107
18658,0.093
18659,0.085
18660,-0.12
18661,-0.166
18662,-0.059
18663,0.063
18664,0.042
18665,0.066
18666,0.059
18667,0.085
18668,0.007
18669,-0.12
18670,0.007
18671,0.037
18672,0.022
18673,-0.117
18674,-0.225
18675,-0.088
18676,0.017
18677,0.095
18678,0.01
18679,0.01
18680,-0.061
18681,0.002
18682,-0.022
18683,-0.068
18684,-0.022
18685,0.046
18686,0.01
18687,-0.081
18688,-0.042
18689,-0.017
18690,0.044
18691,-0.049
18692,-0.173
18693,-0.042
18694,-0.015
18695,0.061
18696,-0.012
18697,-0.178
18698,-0.027
18699,0.01
18700,-0.063
18701,0.042
18702,0.085
18703,0.117
18704,0.029
18705,-0.051
18706,0.054
18707,-0.032
18708,0.027
18709,0.02
18710,-0.037
18711,-0.012
18712,0.088
18713,-0.078
18714,-0.068
18715,0.032
18716,0.066
18717,0.039
18718,-0.076
18719,0.076
18720,-0.024
18721,-0.071
18722,0.129
18723,0.181
18724,0.039
18725,-0.022
18726,0.142
18727,0.027
18728,0.105
18729,0.002
18730,0.044
18731,0.071
18732,-0.054
18733,-0.073
18734,0.054
18735,-0.085
18736,-0.061
18737,0.071
18738,0.015
18739,-0.085
18740,-0.005
18741,-0.068
18742,0.015
18743,0.078
18744,-0.073
18745,-0.09
18746,0.051
18747,-0.027
18748,0.081
18749,-0.093
18750,0.01
18751,0.01
18752,-0.081
18753,0.046
18754,0.007
18755,-0.042
18756,0.017
18757,-0.022
18758,-0.09
18759,0.0
18760,0.01
18761,0.029
18762,-0.017
18763,-0.029
18764,-0.034
18765,-0.039
18766,0.024
18767,-0.015
18768,-0.044
18769,-0.01
18770,-0.063
18771,-0.066
18772,-0.095
18773,-0.09
18774,-0.027
18775,-0.149
18776,-0.044
18777,0.19
18778,-0.034
18779,0.01
18780,0.181
18781,0.056
18782,-0.039
18783,0.032
18784,-0.01
18785,-0.059
18786,-0.039
18787,0.066
18788,0.024
18789,-0.051
18790,0.073
18791,-0.002
18792,-0.037
18793,0.032
18794,-0.034
18795,0.044
18796,0.1
18797,0.054
18798,-0.144
18799,-0.085
18800,0.037
18801,0.1
18802,0.088
18803,0.034
18804,-0.01
18805,0.159
18806,0.088
18807,-0.068
18808,-0.1
18809,0.015
18810,0.071
18811,0.02
18812,-0.059
18813,-0.066
18814,0.022
18815,0.137
18816,-0.054
18817,-0.032
18818,0.027
18819,0.066
18820,0.142
18821,0.11
18822,0.081
18823,0.046
18824,0.164
18825,0.168
18826,-0.029
18827,-0.063
18828,0.024
18829,0.056
18830,0.164
18831,-0.042
18832,-0.085
18833,0.005
18834,-0.012
18835,0.0
18836,-0.071
18837,-0.024
18838,-0.034
18839,0.059
18840,0.051
18841,-0.11
18842,-0.002
18843,0.015
18844,0.022
18845,-0.039
18846,-0.063
18847,0.044
18848,-0.037
18849,0.039
18850,0.034
18851,-0.076
18852,-0.105
18853,-0.007
18854,0.071
18855,-0.076
18856,-0.139
18857,0.01
18858,0.024
18859,-0.007
18860,-0.137
18861,0.017
18862,0.054
18863,-0.017
18864,-0.078
18865,-0.068
18866,0.046
18867,0.007
18868,-0.002
18869,-0.012
18870,-0.056
18871,-0.1
18872,-0.01
18873,-0.017
18874,-0.129
18875,-0.022
18876,0.017
18877,0.076
18878,0.022
18879,-0.081
18880,0.0
18881,0.088
18882,-0.002
18883,0.044
18884,-0.039
18885,0.088
18886,0.171
18887,0.027
18888,0.01
18889,-0.002
18890,-0.01
18891,0.017
18892,0.02
18893,0.039
18894,-0.132
18895,-0.122
18896,-0.02
18897,0.134
18898,-0.024
18899,-0.083
18900,-0.068
18901,-0.093
18902,-0.032
18903,0.051
18904,0.068
18905,0.044
18906,0.078
18907,0.098
18908,0.032
18909,0.039
18910,-0.081
18911,0.01
18912,-0.01
18913,0.029
18914,-0.029
18915,0.078
18916,-0.01
18917,0.017
18918,0.061
18919,-0.017
18920,-0.037
18921,-0.005
18922,0.115
18923,0.044
18924,-0.046
18925,-0.01
18926,0.061
18927,0.005
18928,0.044
18929,-0.005
18930,0.139
18931,0.056
18932,-0.027
18933,-0.051
18934,-0.061
18935,-0.022
18936,-0.054
18937,-0.024
18938,0.107
18939,0.071
18940,0.017
18941,0.063
18942,0.039
18943,0.0
18944,0.056
18945,-0.046
18946,0.005
18947,-0.022
18948,0.076
18949,-0.122
18950,-0.088
18951,-0.002
18952,-0.037
18953,-0.054
18954,-0.046
18955,-0.144
18956,-0.093
18957,0.056
18958,0.034
18959,0.037
18960,-0.01
18961,0.076
18962,0.037
18963,0.12
18964,0.081
18965,0.083
18966,0.137
18967,0.059
18968,0.127
18969,0.093
18970,0.002
18971,-0.01
18972,-0.049
18973,0.073
18974,0.012
18975,0.024
18976,-0.09
18977,-0.044
18978,0.02
18979,-0.088
18980,-0.083
18981,0.083
18982,-0.085
18983,0.122
18984,0.081
18985,-0.103
18986,0.105
18987,-0.039
18988,0.09
18989,0.134
18990,0.017
18991,0.01
18992,-0.073
18993,-0.063
18994,-0.139
18995,0.02
18996,-0.032
18997,0.039
18998,-0.044
18999,-0.039
19000,-0.168
19001,0.0
19002,0.103
19003,0.0
19004,-0.032
19005,0.117
19006,0.1
19007,0.132
19008,0.059
19009,0.144
19010,0.122
19011,0.085
19012,0.054
19013,0.046
19014,0.012
19015,0.063
19016,-0.01
19017,-0.01
19018,-0.022
19019,-0.085
19020,-0.2
19021,-0.107
19022,0.017
19023,-0.042
19024,-0.007
19025,-0.159
19026,0.017
19027,0.183
19028,0.09
19029,-0.093
19030,-0.032
19031,0.02
19032,0.161
19033,0.078
19034,-0.085
19035,0.061
19036,0.056
19037,0.037
19038,-0.095
19039,-0.071
19040,0.034
19041,0.098
19042,0.022
19043,0.002
19044,0.012
19045,0.085
19046,0.159
19047,0.066
19048,0.017
19049,0.012
19050,0.044
19051,0.051
19052,0.054
19053,0.071
19054,0.007
19055,0.002
19056,-0.049
19057,0.01
19058,0.088
19059,-0.002
19060,0.022
19061,0.066
19062,0.085
19063,0.034
19064,-0.042
19065,-0.027
19066,0.1
19067,0.034
19068,0.02
19069,0.083
19070,0.037
19071,0.056
19072,0.005
19073,-0.066
19074,-0.115
19075,0.015
19076,-0.071
19077,-0.122
19078,0.002
19079,0.029
19080,0.042
19081,0.044
19082,-0.005
19083,0.081
19084,0.151
19085,0.088
19086,0.01
19087,0.034
19088,0.127
19089,0.217
19090,0.071
19091,0.0
19092,-0.046
19093,0.105
19094,-0.078
19095,-0.002
19096,0.071
19097,-0.09
19098,-0.095
19099,-0.154
19100,-0.02
19101,0.037
19102,0.0
19103,0.029
19104,-0.022
19105,-0.012
19106,0.071
19107,-0.046
19108,0.029
19109,0.056
19110,0.073
19111,-0.022
19112,-0.005
19113,0.068
19114,0.034
19115,-0.039
19116,-0.066
19117,0.142
19118,0.144
19119,-0.032
19120,-0.117
19121,-0.056
19122,0.046
19123,0.12
19124,0.044
19125,0.024
19126,0.105
19127,0.081
19128,0.132
19129,0.09
19130,0.002
19131,-0.088
19132,-0.007
19133,0.005
19134,-0.164
19135,-0.007
19136,0.037
19137,0.02
19138,-0.063
19139,-0.159
19140,-0.061
19141,-0.1
19142,-0.002
19143,-0.056
19144,0.039
19145,0.039
19146,-0.054
19147,-0.061
19148,-0.034
19149,0.071
19150,-0.076
19151,0.017
19152,-0.015
19153,0.134
19154,0.032
19155,-0.071
19156,-0.051
19157,0.022
19158,0.046
19159,-0.032
19160,-0.139
19161,0.083
19162,-0.054
19163,-0.022
19164,0.105
19165,0.034
19166,-0.029
19167,-0.032
19168,0.073
19169,0.142
19170,-0.056
19171,0.071
19172,0.056
19173,-0.081
19174,0.032
19175,0.12
19176,0.112
19177,0.061
19178,0.051
19179,0.042
19180,0.012
19181,-0.002
19182,-0.061
19183,-0.007
19184,0.049
19185,-0.029
19186,-0.017
19187,-0.151
19188,-0.046
19189,0.081
19190,-0.027
19191,0.0
19192,0.066
19193,-0.034
19194,-0.007
19195,-0.103
19196,-0.159
19197,-0.039
19198,-0.037
19199,-0.044
19200,-0.059
19201,-0.11
19202,0.012
19203,0.027
19204,-0.034
19205,-0.044
19206,-0.029
19207,-0.017
19208,-0.076
19209,-0.042
19210,-0.007
19211,0.0
19212,-0.024
19213,-0.078
19214,-0.027
19215,-0.015
19216,-0.034
19217,-0.046
19218,-0.095
19219,-0.078
19220,-0.034
19221,-0.017
19222,0.02
19223,0.002
19224,0.056
19225,-0.059
19226,-0.076
19227,-0.164
19228,0.024
19229,0.034
19230,-0.085
19231,0.015
19232,0.088
19233,-0.007
19234,0.051
19235,-0.068
19236,0.005
19237,0.032
19238,-0.042
19239,0.044
19240,0.09
19241,0.063
19242,0.029
19243,-0.002
19244,0.049
19245,-0.027
19246,-0.027
19247,-0.024
19248,0.005
19249,0.098
19250,-0.029
19251,0.027
19252,0.066
19253,0.061
19254,0.056
19255,-0.024
19256,-0.081
19257,-0.056
19258,-0.034
19259,-0.044
19260,-0.022
19261,-0.188
19262,0.024
19263,0.042
19264,-0.195
19265,-0.081
19266,0.007
19267,0.046
19268,-0.012
19269,-0.078
19270,0.015
19271,-0.007
19272,0.066
19273,0.061
19274,-0.066
19275,-0.029
19276,-0.017
19277,-0.015
19278,-0.149
19279,-0.105
19280,0.09
19281,-0.112
19282,-0.054
19283,-0.034
19284,-0.02
19285,0.002
19286,-0.115
19287,-0.127
19288,0.01
19289,-0.005
19290,-0.088
19291,-0.066
19292,-0.049
19293,0.105
19294,0.088
19295,-0.012
19296,-0.095
19297,-0.012
19298,0.1
19299,0.068
19300,-0.037
19301,-0.078
19302,-0.09
19303,-0.088
19304,0.11
19305,0.081
19306,0.073
19307,-0.044
19308,0.012
19309,0.09
19310,-0.059
19311,0.1
19312,0.046
19313,-0.042
19314,0.024
19315,-0.02
19316,0.007
19317,0.056
19318,0.012
19319,-0.044
19320,-0.012
19321,-0.081
19322,0.051
19323,0.105
19324,0.0
19325,-0.073
19326,-0.103
19327,0.051
19328,0.107
19329,-0.027
19330,0.105
19331,0.071
19332,0.017
19333,0.063
19334,0.132
19335,0.151
19336,0.015
19337,-0.068
19338,0.044
19339,-0.002
19340,-0.029
19341,-0.024
19342,-0.105
19343,-0.054
19344,-0.015
19345,-0.017
19346,-0.056
19347,-0.032
19348,0.034
19349,-0.034
19350,-0.046
19351,0.037
19352,-0.012
19353,-0.005
19354,0.054
19355,-0.078
19356,-0.183
19357,-0.063
19358,-0.095
19359,0.034
19360,-0.054
19361,-0.164
19362,-0.076
19363,-0.105
19364,-0.117
19365,-0.151
19366,-0.112
19367,-0.027
19368,-0.049
19369,-0.049
19370,0.032
19371,-0.015
19372,0.046
19373,0.056
19374,-0.002
19375,0.049
19376,0.032
19377,0.007
19378,0.034
19379,0.0
19380,-0.022
19381,-0.134
19382,-0.046
19383,0.015
19384,-0.103
19385,-0.017
19386,-0.002
19387,-0.11
19388,-0.132
19389,-0.039
19390,-0.063
19391,-0.044
19392,-0.027
19393,-0.054
19394,0.054
19395,0.046
19396,0.029
19397,0.017
19398,-0.015
19399,0.051
19400,-0.066
19401,-0.002
19402,0.015
19403,-0.012
19404,-0.022
19405,-0.046
19406,-0.039
19407,-0.183
19408,-0.134
19409,-0.007
19410,-0.012
19411,0.103
19412,0.061
19413,-0.007
19414,0.117
19415,0.088
19416,0.159
19417,0.137
19418,-0.017
19419,0.146
19420,0.095
19421,0.078
19422,0.056
19423,0.11
19424,0.063
19425,0.127
19426,-0.112
19427,0.056
19428,-0.029
19429,-0.042
19430,0.063
19431,-0.012
19432,0.044
19433,-0.022
19434,-0.054
19435,0.061
19436,-0.027
19437,-0.095
19438,0.017
19439,-0.029
19440,-0.027
19441,-0.044
19442,-0.09
19443,0.127
19444,0.012
19445,-0.093
19446,-0.01
19447,0.007
19448,-0.022
19449,0.063
19450,-0.125
19451,0.027
19452,0.098
19453,-0.024
19454,0.083
19455,0.012
19456,0.061
19457,0.093
19458,0.022
19459,0.034
19460,-0.066
19461,-0.01
19462,0.015
19463,-0.032
19464,0.015
19465,-0.02
19466,-0.024
19467,0.007
19468,-0.056
19469,0.098
19470,0.051
19471,-0.068
19472,-0.046
19473,0.015
19474,0.032
19475,0.027
19476,-0.005
19477,0.032
19478,0.049
19479,-0.022
19480,-0.032
19481,-0.007
19482,0.095
19483,-0.024
19484,-0.056
19485,0.015
19486,-0.095
19487,-0.068
19488,0.0
19489,0.012
19490,0.024
19491,0.125
19492,0.127
19493,0.051
19494,0.105
19495,0.098
19496,0.159
19497,0.054
19498,0.044
19499,0.103
19500,0.007
19501,0.098
19502,-0.046
19503,0.093
19504,0.088
19505,-0.029
19506,-0.117
19507,0.073
19508,-0.039
19509,0.107
19510,0.02
19511,0.095
19512,0.049
19513,-0.002
19514,0.029
19515,-0.078
19516,0.176
19517,0.049
19518,0.054
19519,-0.039
19520,-0.061
19521,0.015
19522,-0.027
19523,-0.071
19524,-0.076
19525,-0.103
19526,0.083
19527,-0.015
19528,-0.139
19529,-0.107
19530,-0.007
19531,0.049
19532,-0.083
19533,-0.12
19534,-0.103
19535,-0.076
19536,0.083
19537,-0.051
19538,-0.015
19539,-0.017
19540,0.005
19541,-0.051
19542,-0.068
19543,-0.056
19544,-0.015
19545,-0.039
19546,-0.076
19547,-0.017
19548,-0.066
19549,-0.027
19550,0.005
19551,0.09
19552,0.022
19553,-0.107
19554,0.063
19555,0.112
19556,0.134
19557,0.007
19558,-0.078
19559,-0.027
19560,0.081
19561,0.1
19562,-0.083
19563,-0.022
19564,0.068
19565,-0.034
19566,-0.078
19567,-0.039
19568,-0.042
19569,0.034
19570,-0.017
19571,-0.093
19572,-0.059
19573,-0.027
19574,0.105
19575,0.093
19576,0.056
19577,0.029
19578,0.049
19579,0.117
19580,-0.046
19581,0.044
19582,0.034
19583,0.015
19584,-0.037
19585,-0.085
19586,-0.078
19587,-0.032
19588,0.103
19589,0.017
19590,0.007
19591,0.015
19592,0.068
19593,0.127
19594,-0.054
19595,0.034
19596,0.171
19597,0.081
19598,0.134
19599,0.085
19600,-0.01
19601,0.059
19602,0.081
19603,0.017
19604,0.02
19605,0.01
19606,-0.056
19607,0.042
19608,-0.066
19609,0.034
19610,0.054
19611,-0.093
19612,-0.078
19613,-0.032
19614,-0.068
19615,-0.071
19616,0.002
19617,0.037
19618,0.059
19619,0.056
19620,0.007
19621,-0.027
19622,-0.059
19623,-0.059
19624,-0.046
19625,-0.103
19626,-0.115
19627,0.005
19628,-0.076
19629,-0.117
19630,-0.154
19631,-0.051
19632,0.068
19633,-0.085
19634,-0.02
19635,-0.032
19636,0.012
19637,0.012
19638,-0.012
19639,0.039
19640,0.024
19641,0.005
19642,-0.02
19643,-0.105
19644,-0.093
19645,-0.02
19646,-0.029
19647,-0.034
19648,-0.02
19649,-0.032
19650,0.002
19651,-0.12
19652,-0.071
19653,-0.037
19654,-0.007
19655,0.02
19656,-0.037
19657,-0.029
19658,0.024
19659,0.061
19660,-0.015
19661,0.039
19662,-0.042
19663,0.005
19664,0.029
19665,0.098
19666,0.046
19667,-0.049
19668,-0.034
19669,-0.068
19670,0.059
19671,0.073
19672,0.017
19673,-0.042
19674,0.076
19675,0.012
19676,-0.056
19677,0.046
19678,0.054
19679,0.059
19680,0.007
19681,-0.049
19682,0.051
19683,0.015
19684,-0.017
19685,0.081
19686,0.022
19687,0.088
19688,0.039
19689,0.046
19690,0.171
19691,0.005
19692,-0.032
19693,-0.095
19694,0.022
19695,0.012
19696,0.061
19697,-0.02
19698,-0.095
19699,0.063
19700,0.054
19701,0.083
19702,-0.027
19703,0.007
19704,0.144
19705,0.151
19706,-0.061
19707,-0.046
19708,-0.09
19709,-0.007
19710,0.007
19711,-0.129
19712,-0.098
19713,-0.034
19714,-0.012
19715,-0.076
19716,-0.007
19717,-0.042
19718,0.083
19719,0.066
19720,-0.081
19721,0.024
19722,0.066
19723,0.137
19724,-0.012
19725,0.017
19726,0.127
19727,0.059
19728,0.046
19729,0.01
19730,0.066
19731,0.059
19732,-0.071
19733,-0.005
19734,0.046
19735,0.005
19736,0.105
19737,0.049
19738,-0.061
19739,0.046
19740,0.076
19741,0.129
19742,-0.076
19743,-0.024
19744,0.103
19745,0.139
19746,0.0
19747,-0.002
19748,0.073
19749,0.02
19750,-0.107
19751,0.015
19752,0.078
19753,0.034
19754,0.088
19755,-0.081
19756,0.076
19757,0.134
19758,-0.02
19759,0.022
19760,0.134
19761,0.112
19762,0.061
19763,0.002
19764,0.0
19765,0.107
19766,-0.076
19767,0.007
19768,-0.022
19769,-0.071
19770,0.205
19771,-0.002
19772,0.066
19773,0.093
19774,0.029
19775,0.015
19776,0.063
19777,0.081
19778,0.066
19779,0.02
19780,0.083
19781,0.042
19782,0.1
19783,0.01
19784,0.066
19785,0.042
19786,0.085
19787,0.039
19788,-0.022
19789,-0.039
19790,-0.034
19791,0.005
19792,-0.022
19793,-0.066
19794,-0.022
19795,-0.044
19796,0.0
19797,0.068
19798,-0.029
19799,0.0
19800,0.078
19801,0.037
19802,0.034
19803,-0.012
19804,-0.024
19805,-0.049
19806,0.024
19807,-0.029
19808,-0.007
19809,-0.083
19810,-0.078
19811,-0.076
19812,0.002
19813,-0.042
19814,0.01
19815,-0.01
19816,0.034
19817,0.017
19818,0.02
19819,0.049
19820,0.002
19821,0.005
19822,0.034
19823,0.098
19824,0.002
19825,0.022
19826,-0.032
19827,-0.005
19828,0.073
19829,0.02
19830,0.017
19831,-0.046
19832,0.005
19833,-0.115
19834,-0.068
19835,0.071
19836,-0.066
19837,0.029
19838,0.017
19839,0.005
19840,0.0
19841,0.015
19842,-0.022
19843,0.024
19844,0.085
19845,-0.032
19846,-0.056
19847,-0.032
19848,0.005
19849,0.002
19850,0.01
19851,0.051
19852,0.081
19853,0.037
19854,-0.024
19855,-0.054
19856,0.054
19857,0.054
19858,0.015
19859,0.032
19860,-0.005
19861,0.139
19862,0.022
19863,-0.046
19864,0.007
19865,0.059
19866,0.066
19867,0.007
19868,-0.105
19869,0.029
19870,-0.039
19871,-0.015
19872,-0.01
19873,-0.017
19874,-0.02
19875,-0.032
19876,0.012
19877,0.007
19878,0.0
19879,0.078
19880,-0.042
19881,-0.044
19882,0.024
19883,-0.005
19884,0.073
19885,0.022
19886,-0.066
19887,0.044
19888,0.01
19889,-0.044
19890,-0.093
19891,-0.081
19892,-0.059
19893,-0.061
19894,-0.02
19895,-0.154
19896,0.015
19897,-0.027
19898,0.01
19899,-0.063
19900,-0.007
19901,0.071
19902,-0.068
19903,-0.012
19904,0.015
19905,0.063
19906,0.027
19907,-0.076
19908,-0.042
19909,-0.02
19910,-0.144
19911,-0.056
19912,0.059
19913,0.063
19914,-0.063
19915,-0.095
19916,-0.012
19917,0.139
19918,0.078
19919,-0.098
19920,0.015
19921,0.051
19922,-0.012
19923,-0.017
19924,0.073
19925,0.005
19926,0.002
19927,0.103
19928,0.051
19929,-0.015
19930,0.002
19931,0.02
19932,0.012
19933,-0.103
19934,-0.083
19935,-0.085
19936,-0.085
19937,-0.032
19938,0.024
19939,-0.02
19940,0.027
19941,-0.034
19942,-0.042
19943,-0.073
19944,-0.051
19945,0.178
19946,0.198
19947,0.107
19948,-0.1
19949,-0.081
19950,-0.054
19951,-0.083
19952,-0.071
19953,-0.088
19954,-0.015
19955,-0.073
19956,-0.059
19957,-0.005
19958,-0.059
19959,0.0
19960,-0.022
19961,0.061
19962,0.002
19963,-0.039
19964,0.022
19965,-0.054
19966,-0.032
19967,-0.034
19968,-0.068
19969,-0.02
19970,-0.029
19971,0.002
19972,-0.034
19973,-0.037
19974,-0.032
19975,-0.093
19976,-0.144
19977,-0.029
19978,0.024
19979,-0.083
19980,-0.103
19981,-0.017
19982,-0.039
19983,-0.034
19984,-0.073
19985,-0.015
19986,0.017
19987,0.051
19988,0.039
19989,0.017
19990,0.024
19991,-0.002
19992,-0.115
19993,-0.068
19994,0.022
19995,0.029
19996,-0.015
19997,-0.037
19998,0.012
19999,-0.032
20000,-0.032
20001,0.024
20002,-0.061
20003,-0.029
20004,0.059
20005,0.029
20006,-0.022
20007,-0.024
20008,-0.005
20009,0.012
20010,-0.066
20011,-0.051
20012,-0.073
20013,0.0
20014,-0.024
20015,-0.098
20016,-0.063
20017,0.088
20018,0.054
20019,0.098
20020,0.034
20021,0.081
20022,0.066
20023,0.09
20024,0.061
20025,0.015
20026,0.09
20027,0.159
20028,0.063
20029,0.015
20030,0.032
20031,-0.095
20032,-0.032
20033,-0.132
20034,-0.024
20035,-0.059
20036,-0.068
20037,0.015
20038,0.002
20039,-0.029
20040,-0.098
20041,-0.017
20042,0.105
20043,-0.02
20044,0.095
20045,-0.012
20046,-0.002
20047,0.081
20048,-0.032
20049,-0.027
20050,-0.051
20051,-0.044
20052,-0.029
20053,-0.056
20054,-0.071
20055,-0.034
20056,-0.054
20057,0.012
20058,-0.024
20059,-0.088
20060,-0.132
20061,-0.063
20062,0.095
20063,0.012
20064,-0.005
20065,-0.061
20066,-0.161
20067,-0.122
20068,-0.107
20069,-0.085
20070,0.005
20071,-0.024
20072,0.024
20073,-0.034
20074,-0.09
20075,-0.046
20076,-0.051
20077,-0.076
20078,-0.02
20079,-0.063
20080,0.017
20081,-0.059
20082,-0.056
20083,0.015
20084,-0.061
20085,-0.02
20086,0.01
20087,0.1
20088,0.095
20089,0.01
20090,0.034
20091,0.0
20092,0.037
20093,0.029
20094,0.02
20095,0.005
20096,0.039
20097,0.054
20098,-0.056
20099,0.078
20100,0.007
20101,0.01
20102,0.032
20103,0.059
20104,0.054
20105,0.066
20106,0.066
20107,0.005
20108,0.022
20109,0.071
20110,0.012
20111,0.054
20112,0.029
20113,0.005
20114,-0.017
20115,-0.007
20116,0.068
20117,0.029
20118,0.012
20119,-0.01
20120,-0.005
20121,-0.071
20122,0.066
20123,0.027
20124,0.076
20125,0.098
20126,-0.007
20127,0.022
20128,0.044
20129,0.037
20130,0.027
20131,-0.002
20132,-0.017
20133,-0.002
20134,-0.005
20135,0.0
20136,0.007
20137,0.029
20138,0.022
20139,0.085
20140,-0.044
20141,0.032
20142,0.068
20143,0.044
20144,0.002
20145,-0.1
20146,0.024
20147,0.168
20148,-0.059
20149,-0.046
20150,0.002
20151,-0.164
20152,0.002
20153,0.024
20154,-0.042
20155,-0.12
20156,-0.039
20157,-0.029
20158,-0.056
20159,-0.007
20160,-0.037
20161,0.059
20162,0.073
20163,-0.005
20164,0.017
20165,0.032
20166,-0.034
20167,0.044
20168,0.129
20169,0.056
20170,-0.054
20171,0.051
20172,0.015
20173,-0.129
20174,-0.068
20175,-0.046
20176,-0.029
20177,-0.012
20178,0.005
20179,0.037
20180,-0.129
20181,0.042
20182,0.022
20183,0.078
20184,-0.027
20185,0.007
20186,0.066
20187,0.044
20188,0.11
20189,0.005
20190,-0.017
20191,0.039
20192,0.061
20193,-0.083
20194,-0.107
20195,-0.09
20196,-0.056
20197,-0.1
20198,-0.09
20199,-0.142
20200,-0.042
20201,-0.051
20202,-0.068
20203,-0.015
20204,-0.051
20205,0.042
20206,0.181
20207,0.012
20208,0.066
20209,0.059
20210,0.046
20211,0.061
20212,0.032
20213,0.002
20214,0.015
20215,-0.068
20216,-0.061
20217,-0.122
20218,-0.027
20219,0.032
20220,-0.081
20221,0.024
20222,0.024
20223,-0.093
20224,-0.022
20225,0.066
20226,-0.054
20227,-0.129
20228,-0.022
20229,0.107
20230,0.078
20231,-0.085
20232,0.073
20233,-0.042
20234,0.007
20235,-0.066
20236,-0.017
20237,-0.095
20238,-0.054
20239,-0.017
20240,-0.103
20241,-0.063
20242,0.02
20243,-0.059
20244,-0.112
20245,-0.051
20246,-0.012
20247,0.039
20248,0.098
20249,0.056
20250,-0.073
20251,-0.002
20252,0.093
20253,-0.012
20254,-0.034
20255,-0.002
20256,0.059
20257,0.049
20258,-0.015
20259,-0.146
20260,-0.054
20261,0.056
20262,-0.027
20263,0.107
20264,-0.024
20265,0.081
20266,0.085
20267,0.054
20268,0.034
20269,0.02
20270,0.061
20271,0.093
20272,0.159
20273,0.063
20274,0.039
20275,0.051
20276,0.034
20277,0.037
20278,0.117
20279,0.095
20280,0.066
20281,0.01
20282,-0.051
20283,0.061
20284,0.139
20285,0.127
20286,0.156
20287,0.012
20288,-0.034
20289,0.105
20290,0.034
20291,0.002
20292,-0.044
20293,-0.002
20294,0.046
20295,0.01
20296,-0.024
20297,0.015
20298,-0.005
20299,-0.034
20300,0.029
20301,-0.017
20302,-0.012
20303,0.068
20304,0.02
20305,0.044
20306,0.034
20307,0.054
20308,0.044
20309,-0.051
20310,-0.044
20311,0.02
20312,-0.139
20313,-0.098
20314,0.02
20315,-0.046
20316,-0.112
20317,-0.022
20318,0.027
20319,-0.127
20320,-0.085
20321,-0.132
20322,-0.259
20323,-0.12
20324,-0.081
20325,-0.005
20326,0.027
20327,0.054
20328,-0.044
20329,-0.078
20330,-0.017
20331,-0.02
20332,-0.054
20333,0.054
20334,0.129
20335,-0.11
20336,-0.127
20337,0.039
20338,0.054
20339,-0.044
20340,-0.049
20341,0.051
20342,0.083
20343,0.129
20344,0.117
20345,0.095
20346,0.122
20347,0.212
20348,0.061
20349,-0.054
20350,0.11
20351,0.039
20352,0.017
20353,0.02
20354,-0.01
20355,-0.081
20356,0.105
20357,0.066
20358,-0.024
20359,-0.103
20360,-0.01
20361,0.054
20362,0.051
20363,0.066
20364,0.059
20365,0.098
20366,0.054
20367,0.134
20368,0.115
20369,0.034
20370,0.02
20371,0.132
20372,0.098
20373,0.007
20374,0.085
20375,-0.078
20376,0.027
20377,0.073
20378,0.044
20379,0.046
20380,-0.034
20381,-0.005
20382,0.056
20383,0.002
20384,0.071
20385,0.112
20386,0.017
20387,0.117
20388,-0.01
20389,0.046
20390,0.09
20391,0.032
20392,0.051
20393,-0.059
20394,-0.044
20395,-0.029
20396,-0.159
20397,-0.015
20398,-0.117
20399,-0.139
20400,-0.134
20401,-0.105
20402,-0.103
20403,-0.139
20404,-0.181
20405,-0.095
20406,-0.1
20407,-0.015
20408,-0.02
20409,-0.044
20410,-0.061
20411,-0.054
20412,-0.11
20413,-0.037
20414,-0.022
20415,-0.032
20416,-0.073
20417,-0.022
20418,-0.066
20419,-0.198
20420,-0.078
20421,-0.09
20422,-0.125
20423,-0.005
20424,0.0
20425,-0.049
20426,-0.076
20427,-0.11
20428,-0.051
20429,-0.002
20430,0.1
20431,-0.034
20432,0.012
20433,0.032
20434,0.005
20435,0.005
20436,-0.09
20437,-0.063
20438,0.056
20439,-0.027
20440,-0.129
20441,-0.164
20442,-0.063
20443,0.002
20444,0.034
20445,-0.146
20446,-0.073
20447,0.056
20448,0.01
20449,-0.017
20450,0.1
20451,0.09
20452,0.156
20453,0.088
20454,0.02
20455,0.129
20456,0.125
20457,0.037
20458,0.044
20459,0.107
20460,0.088
20461,0.105
20462,0.127
20463,-0.044
20464,0.015
20465,0.051
20466,-0.088
20467,-0.017
20468,0.1
20469,-0.032
20470,-0.071
20471,-0.088
20472,0.046
20473,0.027
20474,-0.054
20475,0.017
20476,0.01
20477,-0.044
20478,0.022
